537,-1,878.89606,107.59355,47.443787,36.447327,0.9990298748016357,-1,-1,-1
537,-1,894.48627,95.285835,50.200745,47.586906,0.9988300204277039,-1,-1,-1
537,-1,572.7797,74.61258,88.57715,69.07376,0.9986087679862976,-1,-1,-1
537,-1,933.55365,78.8049,79.039795,65.85083,0.9980546236038208,-1,-1,-1
537,-1,912.91003,92.022095,60.07068,51.76352,0.9980263113975525,-1,-1,-1
537,-1,1289.3661,366.6317,225.60693,178.19507,0.997687816619873,-1,-1,-1
537,-1,1176.8247,83.089615,77.084595,88.68953,0.9971893429756165,-1,-1,-1
537,-1,474.8986,212.2876,48.066864,144.53961,0.9750094413757324,-1,-1,-1
538,-1,894.2902,95.55149,49.762268,47.095253,0.9991737008094788,-1,-1,-1
538,-1,879.3091,107.466156,47.34955,36.78157,0.9985879063606262,-1,-1,-1
538,-1,572.8047,74.68804,88.54712,69.210686,0.998496413230896,-1,-1,-1
538,-1,913.24,92.113495,59.32483,51.891495,0.9982967972755432,-1,-1,-1
538,-1,1289.7299,366.36673,224.93494,178.5856,0.9976688027381897,-1,-1,-1
538,-1,933.414,79.33636,78.98755,66.10055,0.9973432421684265,-1,-1,-1
538,-1,1178.2256,82.43656,75.26135,90.93833,0.9965761303901672,-1,-1,-1
538,-1,472.23602,213.57414,47.433716,143.6541,0.969845712184906,-1,-1,-1
539,-1,879.07715,107.733315,46.804993,36.253853,0.9993170499801636,-1,-1,-1
539,-1,894.29285,95.54973,49.75537,47.08841,0.9991633892059326,-1,-1,-1
539,-1,572.85474,74.68019,88.55762,69.21164,0.9985421895980835,-1,-1,-1
539,-1,913.2562,92.14228,59.332214,51.877922,0.9982965588569641,-1,-1,-1
539,-1,1289.9684,366.2969,224.73328,178.68039,0.9977216124534607,-1,-1,-1
539,-1,933.4352,79.376434,78.93933,66.05975,0.9973642230033875,-1,-1,-1
539,-1,1175.9122,82.88075,77.73425,89.22421,0.996636152267456,-1,-1,-1
539,-1,473.0972,213.87114,47.173615,144.01573,0.9735322594642639,-1,-1,-1
540,-1,573.34326,74.578705,88.0611,69.32127,0.9986577033996582,-1,-1,-1
540,-1,879.8796,107.441956,47.062622,36.99318,0.9986454844474792,-1,-1,-1
540,-1,894.5407,95.4319,50.226746,47.61618,0.9986124038696289,-1,-1,-1
540,-1,913.7839,92.277275,58.705566,51.89599,0.9983019828796387,-1,-1,-1
540,-1,933.7441,79.06405,78.79382,65.57317,0.997848629951477,-1,-1,-1
540,-1,1289.657,366.32666,225.23718,178.81268,0.9975656270980835,-1,-1,-1
540,-1,1175.8969,82.996475,77.67236,89.34776,0.9967632293701172,-1,-1,-1
540,-1,470.48926,216.15947,46.744263,143.21205,0.9697481989860535,-1,-1,-1
541,-1,894.3563,95.87239,49.654114,47.148407,0.9989987015724182,-1,-1,-1
541,-1,573.46954,74.67154,88.18744,69.33336,0.99861741065979,-1,-1,-1
541,-1,879.62823,107.312515,47.08972,37.317947,0.9983071088790894,-1,-1,-1
541,-1,913.36426,92.341125,59.081665,52.15709,0.9981106519699097,-1,-1,-1
541,-1,933.5977,79.093346,78.69812,65.591225,0.997820258140564,-1,-1,-1
541,-1,1289.635,366.3713,225.09705,178.98483,0.9976175427436829,-1,-1,-1
541,-1,1176.499,82.46549,76.375854,90.813515,0.9964332580566406,-1,-1,-1
541,-1,470.13388,216.07768,49.422882,147.47688,0.9751578569412231,-1,-1,-1
542,-1,894.2131,95.46511,49.792114,48.310265,0.9991920590400696,-1,-1,-1
542,-1,880.16064,107.83482,46.95276,37.240143,0.99905925989151,-1,-1,-1
542,-1,573.4296,74.56246,88.117004,69.41068,0.9986587762832642,-1,-1,-1
542,-1,913.5181,92.35382,58.79364,52.22795,0.998120129108429,-1,-1,-1
542,-1,933.5759,79.1203,78.7312,65.66507,0.9980306029319763,-1,-1,-1
542,-1,1289.6259,366.41074,225.03455,178.97287,0.9975647926330566,-1,-1,-1
542,-1,1176.5007,82.466324,76.33264,90.78761,0.996298611164093,-1,-1,-1
542,-1,469.58597,214.72777,50.308258,151.37083,0.9829249382019043,-1,-1,-1
543,-1,880.201,107.86204,46.64789,37.211555,0.999076247215271,-1,-1,-1
543,-1,573.3482,74.69599,88.263,69.29574,0.9985764026641846,-1,-1,-1
543,-1,894.38043,95.48495,50.397644,47.67527,0.9984442591667175,-1,-1,-1
543,-1,913.54504,92.42485,58.73456,52.103638,0.9981597065925598,-1,-1,-1
543,-1,933.4594,79.136345,78.89349,65.59457,0.9980401396751404,-1,-1,-1
543,-1,1289.6454,366.4924,225.16504,178.88303,0.9974952936172485,-1,-1,-1
543,-1,1176.4762,82.56273,76.39795,90.62981,0.9963884353637695,-1,-1,-1
543,-1,469.65106,217.64195,48.348755,147.78178,0.9854553937911987,-1,-1,-1
544,-1,894.37524,95.48484,49.768005,48.01362,0.9990843534469604,-1,-1,-1
544,-1,879.9299,107.445526,46.749634,36.966354,0.9989379048347473,-1,-1,-1
544,-1,573.398,74.54408,88.09863,69.47424,0.9986810088157654,-1,-1,-1
544,-1,913.4323,92.314255,59.001343,51.878387,0.9980266690254211,-1,-1,-1
544,-1,933.72485,78.98865,78.931274,65.62828,0.9979709982872009,-1,-1,-1
544,-1,1289.8022,366.2241,225.30151,179.24515,0.9975466132164001,-1,-1,-1
544,-1,1176.4551,82.505,76.412964,90.6979,0.996256947517395,-1,-1,-1
544,-1,469.79962,220.63268,48.88269,145.17445,0.9731084108352661,-1,-1,-1
545,-1,894.3507,95.5924,49.779846,48.07322,0.9991132616996765,-1,-1,-1
545,-1,573.4063,74.52554,88.160095,69.566284,0.9986587762832642,-1,-1,-1
545,-1,879.49884,107.337585,47.123474,37.37088,0.9981813430786133,-1,-1,-1
545,-1,933.66437,78.961685,79.029724,65.74547,0.9981021285057068,-1,-1,-1
545,-1,913.6768,92.42029,58.735657,51.956192,0.9980798959732056,-1,-1,-1
545,-1,1289.8087,366.08954,225.42383,179.35004,0.9976237416267395,-1,-1,-1
545,-1,1178.2152,82.66761,75.4043,90.8726,0.9961183071136475,-1,-1,-1
545,-1,470.30408,216.66855,50.045044,148.8006,0.982606828212738,-1,-1,-1
546,-1,879.7747,107.49574,47.108154,37.14377,0.9987645149230957,-1,-1,-1
546,-1,573.4898,74.88069,88.24512,69.310425,0.9986112117767334,-1,-1,-1
546,-1,894.68506,95.83176,50.09491,47.470764,0.9985718727111816,-1,-1,-1
546,-1,913.9424,92.61022,58.367493,51.83007,0.9983996748924255,-1,-1,-1
546,-1,934.0856,79.20693,78.42029,65.682076,0.998348593711853,-1,-1,-1
546,-1,1290.1367,365.81372,225.48547,179.75055,0.9974830746650696,-1,-1,-1
546,-1,1178.2214,82.875404,75.31958,90.6347,0.9965482354164124,-1,-1,-1
546,-1,471.1384,217.0698,49.921234,149.45657,0.9881969094276428,-1,-1,-1
547,-1,880.82275,107.353615,47.729675,37.745155,0.9989270567893982,-1,-1,-1
547,-1,573.52136,74.77708,88.2887,69.54327,0.9986143112182617,-1,-1,-1
547,-1,913.8443,92.59067,58.307495,51.769318,0.9982655644416809,-1,-1,-1
547,-1,933.85046,79.468155,78.674255,65.27197,0.9981117248535156,-1,-1,-1
547,-1,1289.9828,366.0628,225.5415,179.44867,0.9977207779884338,-1,-1,-1
547,-1,1178.2051,83.122246,75.363525,90.278435,0.9967325925827026,-1,-1,-1
547,-1,472.09283,216.91298,49.82422,149.92564,0.9855638742446899,-1,-1,-1
548,-1,880.76495,107.40525,47.759766,37.696663,0.9989223480224609,-1,-1,-1
548,-1,573.45465,74.78933,88.485596,69.57163,0.9985052347183228,-1,-1,-1
548,-1,913.8984,92.627525,58.241028,51.802315,0.9982950091362,-1,-1,-1
548,-1,933.8925,79.43744,78.66168,65.404816,0.9981364011764526,-1,-1,-1
548,-1,1290.0231,366.21497,225.30994,179.33582,0.9976553916931152,-1,-1,-1
548,-1,1178.0812,83.15317,75.47583,90.18233,0.9967502355575562,-1,-1,-1
548,-1,472.58298,217.71379,50.94168,151.37749,0.9861143827438354,-1,-1,-1
549,-1,894.60364,96.00767,49.51062,47.333168,0.9990890026092529,-1,-1,-1
549,-1,879.2482,107.50007,47.934143,37.485405,0.9988847374916077,-1,-1,-1
549,-1,573.4393,74.68739,88.316284,69.69496,0.9983792304992676,-1,-1,-1
549,-1,932.61053,80.56363,80.22223,64.99997,0.9978970289230347,-1,-1,-1
549,-1,1289.907,365.91483,225.30481,179.9573,0.9977256655693054,-1,-1,-1
549,-1,914.60974,92.82733,57.881653,51.28987,0.9974791407585144,-1,-1,-1
549,-1,1178.1343,83.026024,75.299194,90.76566,0.9967632293701172,-1,-1,-1
549,-1,473.07428,218.06805,52.126465,151.4101,0.9837163686752319,-1,-1,-1
550,-1,894.9014,96.11152,49.305786,47.2277,0.999202311038971,-1,-1,-1
550,-1,879.21686,107.60826,47.94098,37.29808,0.9986777901649475,-1,-1,-1
550,-1,573.6135,74.59858,87.93628,69.79107,0.998375415802002,-1,-1,-1
550,-1,932.55225,80.5982,80.382935,65.0664,0.9979187846183777,-1,-1,-1
550,-1,1289.7836,366.04605,226.03271,179.7952,0.9978804588317871,-1,-1,-1
550,-1,914.59955,92.83239,57.860535,51.30712,0.9973272085189819,-1,-1,-1
550,-1,1178.3179,83.01463,75.146484,90.9662,0.9965503215789795,-1,-1,-1
550,-1,473.59583,221.68893,51.13391,146.74725,0.986134946346283,-1,-1,-1
551,-1,894.7935,96.12941,49.332703,47.198715,0.9992375373840332,-1,-1,-1
551,-1,879.29364,107.56165,47.78424,37.34745,0.9987990856170654,-1,-1,-1
551,-1,573.61206,74.606255,87.95154,69.797615,0.9983799457550049,-1,-1,-1
551,-1,1289.8264,366.20367,225.89233,179.54755,0.9979438185691833,-1,-1,-1
551,-1,933.86847,79.53357,79.179016,65.445465,0.9978997707366943,-1,-1,-1
551,-1,914.5524,92.83776,57.904175,51.307854,0.9973335266113281,-1,-1,-1
551,-1,1178.2673,83.04313,75.20007,90.90304,0.9965828061103821,-1,-1,-1
551,-1,472.79587,223.9717,52.503265,146.91774,0.9849584102630615,-1,-1,-1
552,-1,894.66315,96.10751,49.45282,47.22075,0.999225378036499,-1,-1,-1
552,-1,879.31055,107.58888,47.821472,37.35727,0.9987370371818542,-1,-1,-1
552,-1,573.59644,74.6043,87.9364,69.7945,0.9983983635902405,-1,-1,-1
552,-1,933.8776,79.56922,79.03168,65.449165,0.9980828762054443,-1,-1,-1
552,-1,1289.8533,366.20877,225.86389,179.53677,0.9979537725448608,-1,-1,-1
552,-1,914.5715,92.85561,58.0058,51.30169,0.9975259900093079,-1,-1,-1
552,-1,1178.2548,82.942245,75.20044,90.97177,0.9965360164642334,-1,-1,-1
552,-1,472.32245,225.45566,51.888245,146.07245,0.9794369339942932,-1,-1,-1
553,-1,894.77295,96.06098,49.37964,47.31507,0.999200165271759,-1,-1,-1
553,-1,573.7038,74.4703,87.66522,69.86791,0.9983165264129639,-1,-1,-1
553,-1,878.7541,107.62793,48.23114,37.401093,0.9980344176292419,-1,-1,-1
553,-1,933.91034,79.486916,79.138916,65.46764,0.9979216456413269,-1,-1,-1
553,-1,1289.8097,366.0104,226.06287,179.7742,0.9979137778282166,-1,-1,-1
553,-1,914.6129,92.859856,57.795654,51.33024,0.9975677132606506,-1,-1,-1
553,-1,1178.2126,82.96203,75.27905,90.79699,0.9961891770362854,-1,-1,-1
553,-1,473.11313,224.50728,50.604706,149.40059,0.9762821793556213,-1,-1,-1
554,-1,879.8047,107.69857,47.280457,36.89521,0.9986338019371033,-1,-1,-1
554,-1,894.60974,95.54672,50.010986,47.597748,0.998507559299469,-1,-1,-1
554,-1,573.3273,74.37299,88.1051,69.87855,0.9984734654426575,-1,-1,-1
554,-1,914.0895,92.394806,57.87024,51.697357,0.9980903267860413,-1,-1,-1
554,-1,1290.2678,366.00146,225.1488,179.54218,0.9977789521217346,-1,-1,-1
554,-1,933.63306,79.35512,79.12134,65.3177,0.9977173805236816,-1,-1,-1
554,-1,1177.8501,82.58999,75.53479,91.23473,0.9966778755187988,-1,-1,-1
554,-1,470.79398,220.21698,51.274567,154.92685,0.9794207215309143,-1,-1,-1
555,-1,879.78827,107.62792,47.24707,36.955452,0.9987146854400635,-1,-1,-1
555,-1,894.5409,95.53352,50.152893,47.63159,0.9986043572425842,-1,-1,-1
555,-1,573.36127,74.53689,88.14166,69.64329,0.9986017346382141,-1,-1,-1
555,-1,913.3406,92.1209,59.097107,51.598274,0.9982099533081055,-1,-1,-1
555,-1,933.5847,79.19473,79.52417,65.57321,0.9979000091552734,-1,-1,-1
555,-1,1290.2623,366.0584,225.46484,179.42969,0.9977598190307617,-1,-1,-1
555,-1,1177.8647,82.566475,75.475586,91.11729,0.9969442486763,-1,-1,-1
555,-1,469.7154,223.20502,51.227234,152.0274,0.9823346138000488,-1,-1,-1
556,-1,879.8042,107.700356,47.26831,36.875847,0.9987407326698303,-1,-1,-1
556,-1,573.4106,74.34259,88.03046,69.80388,0.9986425042152405,-1,-1,-1
556,-1,894.6148,95.56416,50.00415,47.538635,0.9985414743423462,-1,-1,-1
556,-1,913.8811,92.443954,58.1922,51.856155,0.9981065988540649,-1,-1,-1
556,-1,932.3103,80.54686,80.627686,64.96709,0.9978140592575073,-1,-1,-1
556,-1,1290.2784,366.0952,225.50989,179.41492,0.997772753238678,-1,-1,-1
556,-1,1177.9604,82.56923,75.34412,91.20749,0.9972373247146606,-1,-1,-1
556,-1,466.9491,226.01756,52.837402,150.58485,0.9824838042259216,-1,-1,-1
557,-1,879.6988,107.7266,47.347412,36.877632,0.9986996650695801,-1,-1,-1
557,-1,573.4452,74.33634,87.92218,69.751625,0.9986404776573181,-1,-1,-1
557,-1,894.6278,95.59635,50.0177,47.516792,0.9985179305076599,-1,-1,-1
557,-1,913.6059,92.35678,58.558228,51.82277,0.9980760812759399,-1,-1,-1
557,-1,932.35095,80.563354,80.568054,64.9559,0.9977161884307861,-1,-1,-1
557,-1,1289.9625,366.1715,225.5686,179.31403,0.9976790547370911,-1,-1,-1
557,-1,1177.8978,82.41376,75.39624,91.455246,0.9972289204597473,-1,-1,-1
557,-1,465.08344,228.26822,51.70282,149.24478,0.9869982004165649,-1,-1,-1
558,-1,894.72156,95.90355,49.421997,47.29564,0.9991787075996399,-1,-1,-1
558,-1,573.4406,74.34168,87.96887,69.70182,0.9986621141433716,-1,-1,-1
558,-1,913.5876,92.35426,58.673218,51.778625,0.9980459213256836,-1,-1,-1
558,-1,879.22833,107.776825,47.50659,36.534363,0.9978728294372559,-1,-1,-1
558,-1,932.3638,80.51247,80.54498,64.96304,0.9976542592048645,-1,-1,-1
558,-1,1289.6984,366.26538,225.8866,179.24316,0.9976145029067993,-1,-1,-1
558,-1,1177.9452,82.503914,75.31702,91.393074,0.9969995617866516,-1,-1,-1
558,-1,463.6448,233.40807,50.20987,146.89546,0.9799606204032898,-1,-1,-1
559,-1,879.6149,107.812256,47.56189,36.837387,0.9987164735794067,-1,-1,-1
559,-1,894.63995,95.34484,49.990112,47.66546,0.9986403584480286,-1,-1,-1
559,-1,573.5029,74.34458,87.80249,69.60456,0.9986357092857361,-1,-1,-1
559,-1,913.62836,92.552345,58.541565,51.39527,0.9977986216545105,-1,-1,-1
559,-1,932.31946,80.53671,80.71417,64.782745,0.9976702332496643,-1,-1,-1
559,-1,1289.7292,366.35104,225.7732,179.15561,0.9975600242614746,-1,-1,-1
559,-1,1177.8887,82.46552,75.33655,91.349236,0.9971246123313904,-1,-1,-1
559,-1,463.07104,234.6351,51.381836,146.60117,0.9828310012817383,-1,-1,-1
560,-1,894.6304,95.09732,49.991333,47.860733,0.998789370059967,-1,-1,-1
560,-1,573.39825,74.6335,87.96863,69.337234,0.9986128807067871,-1,-1,-1
560,-1,879.8388,107.67362,47.296997,36.877495,0.9985735416412354,-1,-1,-1
560,-1,913.4873,92.36088,58.791016,51.55053,0.9977794289588928,-1,-1,-1
560,-1,1289.5854,366.34976,225.67285,179.19705,0.9975380897521973,-1,-1,-1
560,-1,932.2382,80.61003,80.58899,64.69879,0.9973829388618469,-1,-1,-1
560,-1,1177.9528,82.44955,75.27588,91.42048,0.9968433380126953,-1,-1,-1
560,-1,460.99738,231.50568,50.334106,152.01135,0.9910438060760498,-1,-1,-1
561,-1,879.74023,107.506676,47.173218,37.00968,0.9988215565681458,-1,-1,-1
561,-1,894.5032,95.12876,50.208984,47.881447,0.9987749457359314,-1,-1,-1
561,-1,573.18976,74.5912,88.14136,69.32718,0.9985699653625488,-1,-1,-1
561,-1,913.8631,92.54365,58.42987,51.38462,0.9979616403579712,-1,-1,-1
561,-1,1289.6045,366.35593,226.00244,178.90744,0.9977476000785828,-1,-1,-1
561,-1,932.2402,80.655174,80.55975,64.60238,0.9974489808082581,-1,-1,-1
561,-1,1178.0634,82.59059,75.39307,91.12837,0.996552586555481,-1,-1,-1
561,-1,459.1211,234.67061,50.296204,148.97093,0.9839932322502136,-1,-1,-1
562,-1,879.71423,107.50678,47.20099,37.021812,0.9988129138946533,-1,-1,-1
562,-1,894.50104,95.12695,50.204956,47.886948,0.9987735152244568,-1,-1,-1
562,-1,573.2557,74.53122,88.11072,69.382355,0.9985711574554443,-1,-1,-1
562,-1,913.8649,92.53722,58.424805,51.39772,0.9979598522186279,-1,-1,-1
562,-1,1289.6316,366.3049,225.94434,178.99112,0.997706413269043,-1,-1,-1
562,-1,932.256,80.66872,80.55713,64.58066,0.9974769949913025,-1,-1,-1
562,-1,1178.032,82.59534,75.42578,91.1371,0.9965524673461914,-1,-1,-1
562,-1,459.6642,234.83006,50.803833,150.06734,0.978983461856842,-1,-1,-1
563,-1,879.7256,107.50438,47.18744,37.02089,0.9988166093826294,-1,-1,-1
563,-1,894.5016,95.12741,50.20337,47.8851,0.9987744688987732,-1,-1,-1
563,-1,573.4024,74.405136,88.005554,69.461365,0.9986122846603394,-1,-1,-1
563,-1,913.86426,92.53714,58.42285,51.397675,0.9979596138000488,-1,-1,-1
563,-1,1289.661,366.32016,225.87659,179.0004,0.9976619482040405,-1,-1,-1
563,-1,932.2563,80.6664,80.55731,64.588135,0.9974689483642578,-1,-1,-1
563,-1,1178.0872,82.599,75.36731,91.152374,0.9965541362762451,-1,-1,-1
563,-1,458.12286,232.56038,51.40811,150.12474,0.9853986501693726,-1,-1,-1
564,-1,879.93066,107.45177,47.0,37.007202,0.9989724159240723,-1,-1,-1
564,-1,894.48285,95.11328,50.226257,47.870514,0.9987602233886719,-1,-1,-1
564,-1,573.4441,74.36163,87.95465,69.5146,0.9986372590065002,-1,-1,-1
564,-1,913.84875,92.545006,58.43567,51.37574,0.997958779335022,-1,-1,-1
564,-1,1289.6669,366.31644,225.90857,178.965,0.9976791739463806,-1,-1,-1
564,-1,932.24023,80.66541,80.575806,64.583885,0.9974722266197205,-1,-1,-1
564,-1,1176.0359,83.05996,77.430664,89.40919,0.9965330362319946,-1,-1,-1
564,-1,457.954,234.65836,50.674774,146.92834,0.9878643155097961,-1,-1,-1
565,-1,880.2081,107.38299,46.71942,37.066795,0.9989417195320129,-1,-1,-1
565,-1,894.50305,95.110634,50.209045,47.867897,0.9987468719482422,-1,-1,-1
565,-1,573.4245,74.406265,87.979065,69.51018,0.9985723495483398,-1,-1,-1
565,-1,913.8463,92.52477,58.491394,51.394554,0.9979602098464966,-1,-1,-1
565,-1,1289.6985,366.26505,225.84619,179.03445,0.9976654052734375,-1,-1,-1
565,-1,932.2863,80.639824,80.535706,64.60116,0.9975308775901794,-1,-1,-1
565,-1,1176.2682,83.1661,77.21362,89.22736,0.9966738224029541,-1,-1,-1
565,-1,456.59775,234.22346,51.255768,146.94664,0.9871926307678223,-1,-1,-1
566,-1,879.75134,107.51941,47.0614,37.03528,0.9989142417907715,-1,-1,-1
566,-1,894.57043,95.13086,50.243103,47.926895,0.9987789988517761,-1,-1,-1
566,-1,573.5392,74.39694,87.94733,69.60701,0.9986295700073242,-1,-1,-1
566,-1,914.0338,92.5026,58.195374,51.481056,0.997897744178772,-1,-1,-1
566,-1,1289.7727,366.2258,225.65271,179.08786,0.9977140426635742,-1,-1,-1
566,-1,932.39465,80.72274,80.45233,64.58828,0.9976092576980591,-1,-1,-1
566,-1,1176.3994,83.08904,77.024414,89.354485,0.9965808987617493,-1,-1,-1
566,-1,457.24042,233.65775,50.891205,150.73877,0.9869290590286255,-1,-1,-1
567,-1,564.08606,94.8663,99.08075,72.62439,0.9987710118293762,-1,-1,-1
567,-1,879.3702,107.575836,47.511963,37.010147,0.9987574815750122,-1,-1,-1
567,-1,894.7496,95.43773,50.042664,47.688705,0.9986704587936401,-1,-1,-1
567,-1,914.2474,92.4828,58.061707,51.587296,0.997882068157196,-1,-1,-1
567,-1,1290.2253,366.19592,225.04944,179.2959,0.9977571368217468,-1,-1,-1
567,-1,932.6361,80.80484,80.37146,64.437744,0.9976823329925537,-1,-1,-1
567,-1,1178.3765,82.6074,75.067505,91.00289,0.9968453049659729,-1,-1,-1
567,-1,456.88724,234.76497,50.27829,151.71211,0.9810441136360168,-1,-1,-1
568,-1,573.6732,74.66758,87.93591,69.52126,0.9985472559928894,-1,-1,-1
568,-1,894.64056,95.73406,50.165405,47.65455,0.9984982013702393,-1,-1,-1
568,-1,1290.4421,365.53745,225.38269,180.34744,0.9978193044662476,-1,-1,-1
568,-1,879.7645,107.594215,46.785706,37.557396,0.9977564215660095,-1,-1,-1
568,-1,932.28033,80.94874,81.05878,64.533806,0.9977251887321472,-1,-1,-1
568,-1,914.3646,92.670074,58.07788,51.52916,0.997648298740387,-1,-1,-1
568,-1,1178.2163,82.71519,75.28601,91.10175,0.9969059824943542,-1,-1,-1
568,-1,455.33173,234.7773,50.79599,151.35655,0.9821845293045044,-1,-1,-1
569,-1,894.5803,96.356735,49.65747,47.194214,0.9993165731430054,-1,-1,-1
569,-1,573.35614,74.53478,88.45386,69.834404,0.9984257221221924,-1,-1,-1
569,-1,879.45734,107.79812,47.386353,37.091606,0.9982962012290955,-1,-1,-1
569,-1,933.35156,79.618744,79.7793,65.3125,0.9981106519699097,-1,-1,-1
569,-1,1290.1134,366.08627,226.0343,179.82657,0.997867226600647,-1,-1,-1
569,-1,912.98627,92.11521,58.97705,51.886147,0.9976933598518372,-1,-1,-1
569,-1,1178.1082,83.08768,75.615234,90.74138,0.9966325163841248,-1,-1,-1
569,-1,453.06723,235.46655,52.396698,150.32938,0.9842230677604675,-1,-1,-1
570,-1,894.5329,96.38185,49.695374,47.082764,0.9992555975914001,-1,-1,-1
570,-1,573.309,74.59239,88.427246,69.78641,0.9984170198440552,-1,-1,-1
570,-1,933.33356,79.61757,79.820435,65.32944,0.9981788396835327,-1,-1,-1
570,-1,879.47144,107.75502,47.442017,36.962753,0.9981414079666138,-1,-1,-1
570,-1,913.04,92.14817,59.28705,52.205162,0.9981222748756409,-1,-1,-1
570,-1,1289.9143,366.05716,225.93457,179.84744,0.9977796673774719,-1,-1,-1
570,-1,1178.222,83.02524,75.51819,90.72388,0.9969306588172913,-1,-1,-1
570,-1,453.56436,234.40092,54.642334,153.31328,0.9809062480926514,-1,-1,-1
571,-1,881.27405,106.96795,47.781433,38.3068,0.9989000558853149,-1,-1,-1
571,-1,573.3482,74.56025,88.30914,69.86054,0.9983823299407959,-1,-1,-1
571,-1,913.0963,92.159386,59.217224,52.17675,0.9981290698051453,-1,-1,-1
571,-1,933.3775,79.73844,79.85596,65.245705,0.9980073571205139,-1,-1,-1
571,-1,1289.9412,366.1391,225.82202,179.70996,0.9977837204933167,-1,-1,-1
571,-1,1178.2327,83.13024,75.49548,90.765724,0.9968904852867126,-1,-1,-1
571,-1,454.82184,234.8527,52.523193,153.48201,0.9874932765960693,-1,-1,-1
572,-1,894.61334,96.47051,49.532593,47.022865,0.9991632699966431,-1,-1,-1
572,-1,879.4616,107.60913,47.35443,37.278564,0.9985430240631104,-1,-1,-1
572,-1,573.343,74.62283,88.28961,69.8138,0.9983275532722473,-1,-1,-1
572,-1,932.25336,80.60861,80.85535,65.11116,0.9979814291000366,-1,-1,-1
572,-1,1290.0596,366.01602,225.90784,179.88425,0.9977685213088989,-1,-1,-1
572,-1,913.2257,91.72709,59.021057,52.55468,0.9974072575569153,-1,-1,-1
572,-1,1177.0714,84.23516,78.01965,89.1753,0.9953298568725586,-1,-1,-1
572,-1,453.09232,234.39345,54.755737,150.52898,0.9779085516929626,-1,-1,-1
573,-1,894.827,96.36791,49.535095,47.013313,0.9991121888160706,-1,-1,-1
573,-1,879.3307,107.368225,48.10083,37.385986,0.9986572265625,-1,-1,-1
573,-1,932.5109,80.52694,80.5246,65.10825,0.998195469379425,-1,-1,-1
573,-1,573.1226,74.87177,88.55347,69.58459,0.9981075525283813,-1,-1,-1
573,-1,1290.0758,365.98993,226.0813,180.06763,0.9978522062301636,-1,-1,-1
573,-1,913.2157,92.23257,58.474,51.836754,0.9975184202194214,-1,-1,-1
573,-1,1177.2747,84.199646,77.974976,89.32001,0.9954953193664551,-1,-1,-1
573,-1,451.8312,237.42972,54.60849,150.49988,0.9783158898353577,-1,-1,-1
574,-1,887.3642,102.142456,48.144653,42.275772,0.9988504648208618,-1,-1,-1
574,-1,932.4592,80.4181,80.579285,65.2658,0.9981673955917358,-1,-1,-1
574,-1,913.246,92.370125,58.936768,51.945824,0.9981423616409302,-1,-1,-1
574,-1,558.57996,95.8823,103.48108,73.172844,0.9980666041374207,-1,-1,-1
574,-1,1290.1688,366.0926,225.83154,180.1914,0.9977428913116455,-1,-1,-1
574,-1,1177.9315,83.46653,75.713135,90.38505,0.9966487288475037,-1,-1,-1
574,-1,450.80164,238.12024,53.92981,153.70535,0.9918268918991089,-1,-1,-1
575,-1,894.8727,96.49767,49.516724,46.950157,0.9991519451141357,-1,-1,-1
575,-1,878.9923,107.56871,48.571716,37.13591,0.9985693693161011,-1,-1,-1
575,-1,573.32935,74.97311,88.40033,69.64832,0.9981460571289062,-1,-1,-1
575,-1,932.5678,80.3916,80.54645,65.322205,0.9981264472007751,-1,-1,-1
575,-1,1290.0156,366.2942,225.97302,179.88977,0.9977826476097107,-1,-1,-1
575,-1,912.149,92.80101,59.39038,51.773697,0.997112512588501,-1,-1,-1
575,-1,1178.137,83.389725,75.473755,90.46091,0.9966685175895691,-1,-1,-1
575,-1,448.89743,237.88121,56.287292,155.51149,0.9779819846153259,-1,-1,-1
576,-1,887.7009,102.07801,48.04492,42.22602,0.998826801776886,-1,-1,-1
576,-1,573.2892,74.905,88.37396,69.72914,0.998150646686554,-1,-1,-1
576,-1,932.60767,80.41113,80.520874,65.36458,0.9981062412261963,-1,-1,-1
576,-1,1290.0997,366.34357,226.0835,179.80963,0.9977491497993469,-1,-1,-1
576,-1,912.2075,92.97007,59.20227,51.515602,0.9970797896385193,-1,-1,-1
576,-1,1178.2944,83.4235,75.32617,90.39793,0.9968895316123962,-1,-1,-1
576,-1,449.02048,240.33464,53.580536,150.11845,0.9865666031837463,-1,-1,-1
577,-1,887.67224,102.22283,47.91504,42.06637,0.9988476037979126,-1,-1,-1
577,-1,558.73145,95.79391,103.038635,73.13177,0.9981921315193176,-1,-1,-1
577,-1,913.35236,92.429344,58.70343,51.679115,0.9981412887573242,-1,-1,-1
577,-1,932.4284,80.27384,80.492615,65.32482,0.998096764087677,-1,-1,-1
577,-1,1290.2675,366.35406,225.92615,179.75305,0.9977072477340698,-1,-1,-1
577,-1,1178.1222,83.49612,75.478516,90.13885,0.9969859719276428,-1,-1,-1
577,-1,449.38007,239.68271,53.588013,155.84802,0.9905378818511963,-1,-1,-1
578,-1,886.8722,103.13248,47.535217,41.086166,0.9986164569854736,-1,-1,-1
578,-1,558.7752,95.85456,102.96704,72.834236,0.9984644651412964,-1,-1,-1
578,-1,932.7319,80.31487,80.15503,65.19814,0.9982038736343384,-1,-1,-1
578,-1,913.298,92.16864,58.623108,51.842926,0.9981818199157715,-1,-1,-1
578,-1,1290.029,366.16162,226.474,179.93939,0.9976625442504883,-1,-1,-1
578,-1,1177.821,83.29891,75.67761,90.607796,0.9968780279159546,-1,-1,-1
578,-1,449.9148,239.1581,53.47638,156.35088,0.992352306842804,-1,-1,-1
579,-1,887.8409,102.34717,47.45117,41.786636,0.9986748695373535,-1,-1,-1
579,-1,573.1462,74.790825,88.25635,69.59782,0.9984448552131653,-1,-1,-1
579,-1,932.4776,80.35071,80.359375,65.23796,0.9982205033302307,-1,-1,-1
579,-1,1289.8169,366.23447,226.56104,179.58188,0.9977697134017944,-1,-1,-1
579,-1,914.8757,92.81237,57.53705,51.35691,0.9972623586654663,-1,-1,-1
579,-1,1177.833,83.16207,75.602905,90.856865,0.9967415928840637,-1,-1,-1
579,-1,450.58514,240.02667,53.06668,155.01709,0.9914755821228027,-1,-1,-1
580,-1,887.691,102.50778,47.78473,41.58484,0.998634397983551,-1,-1,-1
580,-1,573.14307,74.78731,88.43616,69.49101,0.9985017776489258,-1,-1,-1
580,-1,932.51733,80.670906,80.47803,64.63497,0.9979779124259949,-1,-1,-1
580,-1,1289.849,366.2862,226.36597,179.51727,0.9977774024009705,-1,-1,-1
580,-1,914.7367,92.95689,57.357178,51.1231,0.9974839687347412,-1,-1,-1
580,-1,1176.2672,83.1894,77.22949,89.269554,0.9965548515319824,-1,-1,-1
580,-1,450.57468,239.79088,53.909332,155.09416,0.9882130026817322,-1,-1,-1
581,-1,879.8831,107.456245,46.82434,36.974358,0.9990687966346741,-1,-1,-1
581,-1,573.49963,74.57387,87.96942,69.416245,0.9988477230072021,-1,-1,-1
581,-1,894.37665,95.57541,50.191406,47.492737,0.9981470108032227,-1,-1,-1
581,-1,913.1811,92.174805,58.391357,51.54712,0.9979166388511658,-1,-1,-1
581,-1,932.10016,80.640305,80.89783,64.66162,0.9978220462799072,-1,-1,-1
581,-1,1289.887,365.93195,225.65015,179.83624,0.9977169036865234,-1,-1,-1
581,-1,1176.2983,83.023605,77.123535,89.39696,0.9967612624168396,-1,-1,-1
581,-1,448.42944,239.14583,56.602264,156.52666,0.9862050414085388,-1,-1,-1
582,-1,879.8845,107.285034,46.750854,37.01886,0.9990264177322388,-1,-1,-1
582,-1,573.26355,74.86355,88.32605,69.201805,0.9988346695899963,-1,-1,-1
582,-1,894.4251,95.37128,50.03473,47.416748,0.9983856678009033,-1,-1,-1
582,-1,933.3382,79.12942,79.4577,65.438774,0.9982839226722717,-1,-1,-1
582,-1,1289.9788,365.79538,224.94946,179.83151,0.9976544976234436,-1,-1,-1
582,-1,914.17554,92.63764,57.974304,51.09205,0.9973635077476501,-1,-1,-1
582,-1,1176.2137,82.96228,77.43872,89.55815,0.9968953132629395,-1,-1,-1
582,-1,448.74557,240.58655,54.703156,157.25293,0.9902768135070801,-1,-1,-1
583,-1,879.95154,107.13834,46.73169,37.13839,0.999016523361206,-1,-1,-1
583,-1,573.16534,74.751274,88.45862,69.27442,0.9988933205604553,-1,-1,-1
583,-1,894.33075,95.53819,50.223633,47.323868,0.9984431862831116,-1,-1,-1
583,-1,1290.122,365.63315,224.94556,179.89078,0.9976592063903809,-1,-1,-1
583,-1,913.6804,92.14367,58.26178,51.761406,0.9974682331085205,-1,-1,-1
583,-1,932.15686,80.485756,80.59827,64.63909,0.9971745014190674,-1,-1,-1
583,-1,1176.1647,83.01556,77.3468,89.38976,0.9968241453170776,-1,-1,-1
583,-1,448.3408,240.36052,55.92575,157.19441,0.980709433555603,-1,-1,-1
584,-1,879.8967,107.181755,46.856018,37.211723,0.9989888072013855,-1,-1,-1
584,-1,573.3063,74.53637,88.20264,69.46906,0.998941957950592,-1,-1,-1
584,-1,894.3129,95.48302,50.248047,47.47151,0.9984827637672424,-1,-1,-1
584,-1,1290.1427,365.6645,225.13672,179.8396,0.9976866245269775,-1,-1,-1
584,-1,914.1945,92.78175,57.996155,51.068085,0.9974163770675659,-1,-1,-1
584,-1,932.18207,80.46174,80.585266,64.66755,0.9972443580627441,-1,-1,-1
584,-1,1176.2999,83.016205,77.23865,89.212234,0.9968743324279785,-1,-1,-1
584,-1,447.99084,239.31737,55.916992,157.94426,0.9828613996505737,-1,-1,-1
585,-1,573.10944,74.53311,88.47473,69.50917,0.9989269375801086,-1,-1,-1
585,-1,894.3988,95.62853,50.16278,47.511345,0.9985547661781311,-1,-1,-1
585,-1,879.49677,107.43134,47.25409,37.375114,0.998521625995636,-1,-1,-1
585,-1,913.1741,92.32214,58.88263,51.564346,0.9981299042701721,-1,-1,-1
585,-1,1290.118,366.09967,225.01685,179.42316,0.9977729916572571,-1,-1,-1
585,-1,1178.108,83.04954,75.327515,90.07418,0.9975130558013916,-1,-1,-1
585,-1,932.2429,80.31862,80.424866,65.06273,0.9972270131111145,-1,-1,-1
585,-1,447.8703,242.06284,55.22415,155.1901,0.9867108464241028,-1,-1,-1
586,-1,573.286,74.37548,88.212524,69.721565,0.9989315867424011,-1,-1,-1
586,-1,894.4072,95.63866,50.174194,47.50586,0.998586893081665,-1,-1,-1
586,-1,879.47687,107.43682,47.25952,37.3758,0.9985028505325317,-1,-1,-1
586,-1,933.3773,79.20792,79.3186,65.44679,0.9981943964958191,-1,-1,-1
586,-1,1290.1177,366.01093,225.14697,179.56842,0.9977679252624512,-1,-1,-1
586,-1,1178.0669,83.06531,75.38013,90.02646,0.9975085258483887,-1,-1,-1
586,-1,914.41003,92.74707,58.03058,51.174515,0.997400164604187,-1,-1,-1
586,-1,448.77356,241.04916,54.318665,159.51703,0.9930821061134338,-1,-1,-1
587,-1,573.25085,74.41684,88.26721,69.6608,0.9989452958106995,-1,-1,-1
587,-1,894.45685,95.63191,50.108765,47.537186,0.9985952973365784,-1,-1,-1
587,-1,879.5937,107.415886,46.970337,36.887672,0.9984246492385864,-1,-1,-1
587,-1,933.3821,79.20844,79.39209,65.43426,0.9981899857521057,-1,-1,-1
587,-1,1290.1116,366.16437,225.18164,179.4159,0.9977719187736511,-1,-1,-1
587,-1,1178.0549,83.0679,75.403076,89.9951,0.9974888563156128,-1,-1,-1
587,-1,914.4953,92.73953,57.976257,51.2285,0.9973742961883545,-1,-1,-1
587,-1,448.32077,239.7227,56.536346,162.31343,0.9761744737625122,-1,-1,-1
588,-1,573.2056,74.4926,88.31763,69.60074,0.9989237189292908,-1,-1,-1
588,-1,894.46625,95.62839,50.099792,47.539352,0.9985902905464172,-1,-1,-1
588,-1,879.63214,107.41722,46.954834,36.876953,0.9983407258987427,-1,-1,-1
588,-1,933.3907,79.1898,79.336914,65.40887,0.9981921315193176,-1,-1,-1
588,-1,1290.0942,366.16388,225.25598,179.41058,0.9977720379829407,-1,-1,-1
588,-1,1178.0713,83.09206,75.39331,89.96893,0.9974620342254639,-1,-1,-1
588,-1,914.5035,92.73758,57.954956,51.223206,0.9973661303520203,-1,-1,-1
588,-1,448.16077,241.14369,53.918396,158.43022,0.9859995245933533,-1,-1,-1
589,-1,573.10455,74.62727,88.48859,69.49397,0.9988813996315002,-1,-1,-1
589,-1,894.3447,96.34243,49.820618,46.906334,0.9987576007843018,-1,-1,-1
589,-1,879.1471,107.52386,47.61841,37.501945,0.9982727766036987,-1,-1,-1
589,-1,1289.844,366.223,225.62732,179.34311,0.9978078007698059,-1,-1,-1
589,-1,1178.1013,83.01875,75.31238,90.17003,0.9975278973579407,-1,-1,-1
589,-1,932.2689,80.34301,80.60742,65.01707,0.997407853603363,-1,-1,-1
589,-1,914.8044,93.08302,57.681213,51.031097,0.9971405267715454,-1,-1,-1
589,-1,446.192,242.3004,54.247955,161.83672,0.9842911958694458,-1,-1,-1
590,-1,573.06494,74.606926,88.51587,69.47614,0.9988178610801697,-1,-1,-1
590,-1,894.21246,96.29556,49.858887,46.98877,0.9986844658851624,-1,-1,-1
590,-1,879.23834,107.568474,47.505737,37.54232,0.9982894062995911,-1,-1,-1
590,-1,932.42706,80.235016,80.53589,65.05977,0.9979828596115112,-1,-1,-1
590,-1,1289.8381,365.84946,225.87341,179.68863,0.9978222846984863,-1,-1,-1
590,-1,1178.0594,83.22126,75.44922,89.7956,0.9974889755249023,-1,-1,-1
590,-1,914.74274,92.96723,57.65735,51.19735,0.9969642758369446,-1,-1,-1
590,-1,445.90637,243.63882,57.22638,161.32086,0.9742610454559326,-1,-1,-1
591,-1,894.2095,96.10118,50.247986,47.127777,0.9993152618408203,-1,-1,-1
591,-1,573.2116,74.44795,88.48999,69.72888,0.9988419413566589,-1,-1,-1
591,-1,879.93555,107.394966,47.044983,37.685738,0.9981116056442261,-1,-1,-1
591,-1,932.60095,80.39603,80.30817,64.89633,0.9979760050773621,-1,-1,-1
591,-1,1289.765,365.89783,226.10425,179.87152,0.997858464717865,-1,-1,-1
591,-1,1177.8394,83.27627,75.73547,89.7636,0.9973691701889038,-1,-1,-1
591,-1,914.8836,93.00643,57.599243,51.159706,0.996683657169342,-1,-1,-1
591,-1,446.6272,244.04903,55.818848,163.04225,0.9763715863227844,-1,-1,-1
592,-1,894.5699,96.428696,49.453857,46.797607,0.9989018440246582,-1,-1,-1
592,-1,573.4037,74.72857,88.48816,69.40951,0.9988138675689697,-1,-1,-1
592,-1,1290.2435,365.96906,225.52356,179.88171,0.9978378415107727,-1,-1,-1
592,-1,878.9545,107.58093,47.88916,37.637207,0.9977411031723022,-1,-1,-1
592,-1,1178.0366,83.26742,75.5343,89.9784,0.9973147511482239,-1,-1,-1
592,-1,933.8886,79.84031,78.937805,65.78391,0.9971476197242737,-1,-1,-1
592,-1,914.8698,93.03222,57.72284,51.14367,0.996615469455719,-1,-1,-1
592,-1,445.26532,246.21198,55.940125,159.09662,0.9772536158561707,-1,-1,-1
593,-1,894.54865,96.752884,49.653687,46.62227,0.9990332126617432,-1,-1,-1
593,-1,573.55835,74.985085,88.466,69.38122,0.9986750483512878,-1,-1,-1
593,-1,879.1784,107.754814,47.243347,37.22355,0.9982819557189941,-1,-1,-1
593,-1,932.23895,80.66616,80.9939,64.7868,0.9979300498962402,-1,-1,-1
593,-1,1290.0477,366.37888,225.59924,179.41019,0.997840404510498,-1,-1,-1
593,-1,914.58276,92.98114,57.54071,51.489197,0.9964781403541565,-1,-1,-1
593,-1,1176.4929,82.74065,77.101074,89.64612,0.9964674711227417,-1,-1,-1
593,-1,445.05435,246.6481,54.82782,161.48636,0.9818705320358276,-1,-1,-1
594,-1,894.39496,96.897285,49.8396,46.605522,0.9990910291671753,-1,-1,-1
594,-1,573.4303,75.2493,88.7005,69.35687,0.9985314607620239,-1,-1,-1
594,-1,879.10114,107.71829,47.33075,37.40172,0.9985067248344421,-1,-1,-1
594,-1,932.2268,80.6131,80.83246,65.17389,0.9980820417404175,-1,-1,-1
594,-1,1290.1917,366.59756,225.5315,179.12894,0.997901201248169,-1,-1,-1
594,-1,1176.7804,82.629745,76.59534,89.914276,0.9965764880180359,-1,-1,-1
594,-1,914.76166,92.96438,57.454773,51.74607,0.9960833787918091,-1,-1,-1
594,-1,444.41226,246.74373,54.4375,163.5125,0.9799488186836243,-1,-1,-1
595,-1,894.4185,96.96127,49.662354,46.536682,0.9990624785423279,-1,-1,-1
595,-1,573.495,75.16194,88.54047,69.39142,0.998664379119873,-1,-1,-1
595,-1,879.2299,107.96014,47.201843,37.213356,0.9985074400901794,-1,-1,-1
595,-1,932.3669,80.640495,80.53229,65.12945,0.9981642365455627,-1,-1,-1
595,-1,1290.1962,366.92392,225.66675,178.74564,0.997840404510498,-1,-1,-1
595,-1,1177.6716,83.59069,75.86621,90.18055,0.9972794651985168,-1,-1,-1
595,-1,914.73694,93.09891,57.52722,51.601974,0.9961987137794495,-1,-1,-1
595,-1,439.4777,250.08171,60.582336,157.91032,0.9831956028938293,-1,-1,-1
596,-1,887.8502,102.01181,48.48767,42.26062,0.9989163875579834,-1,-1,-1
596,-1,573.2348,74.8147,88.58917,69.62193,0.9983363747596741,-1,-1,-1
596,-1,932.2511,80.457146,80.63165,65.09016,0.9980695843696594,-1,-1,-1
596,-1,1289.821,367.0132,225.51453,178.66751,0.9974687099456787,-1,-1,-1
596,-1,1177.9606,83.552864,75.68628,90.221,0.9965657591819763,-1,-1,-1
596,-1,913.802,92.572586,59.04419,52.113846,0.9963889122009277,-1,-1,-1
596,-1,439.4299,248.50574,58.754913,168.71283,0.9789168834686279,-1,-1,-1
597,-1,886.0472,103.46448,48.270203,41.04634,0.9989179372787476,-1,-1,-1
597,-1,573.2618,74.691505,88.46448,69.69149,0.998396098613739,-1,-1,-1
597,-1,932.2236,80.243576,80.49786,65.31467,0.9980210065841675,-1,-1,-1
597,-1,1290.1533,367.0657,225.22913,178.54349,0.9973540306091309,-1,-1,-1
597,-1,914.46783,92.68163,58.027954,51.375298,0.9971632361412048,-1,-1,-1
597,-1,1177.9098,83.25759,75.75122,90.5991,0.9964097142219543,-1,-1,-1
597,-1,438.2932,249.60934,57.346527,166.29456,0.9815133810043335,-1,-1,-1
598,-1,879.6314,107.56923,47.79071,37.717148,0.9989114999771118,-1,-1,-1
598,-1,573.1929,74.741165,88.66095,69.68584,0.9982574582099915,-1,-1,-1
598,-1,932.3961,80.197334,80.29443,65.29557,0.9981696605682373,-1,-1,-1
598,-1,895.1501,95.33034,48.88788,48.04709,0.9976162910461426,-1,-1,-1
598,-1,1290.2109,366.46255,225.24023,179.24142,0.9973594546318054,-1,-1,-1
598,-1,914.3745,92.47695,58.25122,51.579826,0.9973238706588745,-1,-1,-1
598,-1,1178.0442,83.09056,75.67456,90.81714,0.9966402053833008,-1,-1,-1
598,-1,439.20276,251.14775,56.681732,165.2711,0.9797711968421936,-1,-1,-1
599,-1,885.3277,104.29348,48.00067,40.266075,0.9986961483955383,-1,-1,-1
599,-1,573.17285,74.54865,88.56079,69.886086,0.9982942938804626,-1,-1,-1
599,-1,932.5885,80.28332,80.22656,65.19228,0.998175859451294,-1,-1,-1
599,-1,914.33636,92.46126,58.135864,51.709854,0.9978618025779724,-1,-1,-1
599,-1,1290.2821,366.79193,225.00916,178.8092,0.997381865978241,-1,-1,-1
599,-1,1177.9893,83.01518,75.71741,90.72513,0.9964058995246887,-1,-1,-1
599,-1,438.3287,252.87924,56.575897,166.40604,0.9849587678909302,-1,-1,-1
600,-1,886.3865,103.150826,48.033997,41.160942,0.9986771941184998,-1,-1,-1
600,-1,572.92993,74.53994,88.75159,69.847725,0.9983537197113037,-1,-1,-1
600,-1,932.7039,80.33354,79.868225,65.1573,0.9981697797775269,-1,-1,-1
600,-1,1290.3334,366.9102,224.85718,178.59915,0.9973891377449036,-1,-1,-1
600,-1,914.6165,92.81674,57.841187,51.300064,0.9970347881317139,-1,-1,-1
600,-1,1175.8243,82.79069,77.80652,89.86323,0.9960896968841553,-1,-1,-1
600,-1,436.5395,252.21582,57.641388,167.02838,0.9769088625907898,-1,-1,-1
601,-1,894.6373,96.251915,49.283813,47.320442,0.998964786529541,-1,-1,-1
601,-1,879.5964,107.56797,47.35956,37.773857,0.9986666440963745,-1,-1,-1
601,-1,572.9423,74.47863,88.63983,69.91868,0.9984173774719238,-1,-1,-1
601,-1,932.7473,80.329666,79.69318,65.01509,0.9981629252433777,-1,-1,-1
601,-1,914.75165,92.4179,57.500122,51.670982,0.9977942705154419,-1,-1,-1
601,-1,1290.3931,366.91025,224.88452,178.58951,0.9973823428153992,-1,-1,-1
601,-1,1176.0206,82.905624,77.4209,89.86011,0.9961411356925964,-1,-1,-1
601,-1,435.3854,252.63205,56.677612,170.98126,0.9850356578826904,-1,-1,-1
602,-1,879.567,107.6269,47.469788,37.518288,0.9986934065818787,-1,-1,-1
602,-1,573.1551,74.431,88.17517,69.68388,0.9985596537590027,-1,-1,-1
602,-1,932.9101,80.4242,79.65704,64.921196,0.9981029033660889,-1,-1,-1
602,-1,894.44006,95.386284,50.253784,48.131874,0.9980436563491821,-1,-1,-1
602,-1,914.57983,92.408775,58.21399,51.96949,0.9980031847953796,-1,-1,-1
602,-1,1290.3475,366.58084,224.86694,178.93631,0.9974184036254883,-1,-1,-1
602,-1,1176.1249,82.787285,77.37488,89.71659,0.996383547782898,-1,-1,-1
602,-1,434.43713,251.13036,55.030487,170.89473,0.9871184825897217,-1,-1,-1
603,-1,573.0998,74.51234,88.341,69.476265,0.9987289309501648,-1,-1,-1
603,-1,885.1008,103.84572,48.117554,40.384537,0.9984115362167358,-1,-1,-1
603,-1,913.9489,92.419136,58.371338,52.058968,0.9982801675796509,-1,-1,-1
603,-1,932.5804,80.570656,79.9126,64.73539,0.9976708292961121,-1,-1,-1
603,-1,1290.1892,366.77213,224.29175,178.60385,0.9974923133850098,-1,-1,-1
603,-1,1175.8157,83.007744,77.74951,89.373146,0.9965682029724121,-1,-1,-1
603,-1,433.2946,253.51479,55.41516,171.6244,0.9790965914726257,-1,-1,-1
604,-1,573.03326,74.63115,88.62677,69.36337,0.9986793398857117,-1,-1,-1
604,-1,884.4791,103.72893,48.353516,40.50551,0.9985994696617126,-1,-1,-1
604,-1,913.76404,92.22766,58.483643,52.13762,0.9980613589286804,-1,-1,-1
604,-1,932.337,80.615166,80.04126,64.66442,0.9976041913032532,-1,-1,-1
604,-1,1290.072,366.29846,224.54468,178.88953,0.9975370168685913,-1,-1,-1
604,-1,1175.7067,82.88077,77.72656,89.78955,0.9965324401855469,-1,-1,-1
604,-1,429.64444,255.115,58.711304,170.9683,0.9835885763168335,-1,-1,-1
605,-1,572.6842,74.731316,88.99481,69.35041,0.9986127614974976,-1,-1,-1
605,-1,879.45074,107.63339,47.348877,37.36754,0.9985424280166626,-1,-1,-1
605,-1,894.3978,95.1943,49.972534,47.929024,0.998096764087677,-1,-1,-1
605,-1,933.5209,79.22594,78.51477,65.571014,0.9979479908943176,-1,-1,-1
605,-1,914.30176,92.56221,58.125916,51.094513,0.9975770115852356,-1,-1,-1
605,-1,1289.7756,366.55945,224.60583,178.51624,0.9974570870399475,-1,-1,-1
605,-1,1175.6877,82.999756,77.61047,89.651276,0.9966859221458435,-1,-1,-1
605,-1,428.42255,256.9316,58.05063,167.56961,0.9808618426322937,-1,-1,-1
606,-1,572.7338,74.75014,88.91925,69.32507,0.9985852241516113,-1,-1,-1
606,-1,879.4685,107.65068,47.303345,37.35475,0.9985369443893433,-1,-1,-1
606,-1,894.39557,95.15977,49.980774,47.98252,0.9981092214584351,-1,-1,-1
606,-1,933.5119,79.28366,78.44092,65.47153,0.9980108141899109,-1,-1,-1
606,-1,914.32324,92.56262,58.136597,51.142853,0.9975715279579163,-1,-1,-1
606,-1,1289.9103,366.7611,224.35437,178.3028,0.9974976181983948,-1,-1,-1
606,-1,1175.6436,83.06613,77.64636,89.39714,0.9966212511062622,-1,-1,-1
606,-1,428.3458,257.72028,57.13791,169.58292,0.9829217195510864,-1,-1,-1
607,-1,572.72,74.69754,89.11438,69.373505,0.9986255168914795,-1,-1,-1
607,-1,884.6277,103.40089,48.670166,40.58326,0.9983318448066711,-1,-1,-1
607,-1,913.2719,92.02977,58.66461,52.32321,0.9981344938278198,-1,-1,-1
607,-1,932.2506,80.694176,80.180725,64.38523,0.9977549910545349,-1,-1,-1
607,-1,1289.804,366.73346,224.6914,178.28955,0.997481644153595,-1,-1,-1
607,-1,1175.4681,83.00801,77.74927,89.679794,0.9962272644042969,-1,-1,-1
607,-1,427.56686,259.1061,57.653778,168.88257,0.9800611734390259,-1,-1,-1
608,-1,894.51013,94.834045,50.030518,47.93753,0.9985626339912415,-1,-1,-1
608,-1,563.725,93.71571,99.06146,73.57054,0.9985412359237671,-1,-1,-1
608,-1,879.50745,107.5083,47.236694,36.96399,0.9983854293823242,-1,-1,-1
608,-1,913.1692,91.858246,58.956665,52.28586,0.9981698989868164,-1,-1,-1
608,-1,933.2144,79.17501,79.33234,65.415764,0.9977013468742371,-1,-1,-1
608,-1,1289.8679,366.65176,224.82495,178.18417,0.9975111484527588,-1,-1,-1
608,-1,1177.8007,82.458046,75.3938,90.99914,0.995886504650116,-1,-1,-1
608,-1,427.3954,258.504,55.364624,171.28229,0.9793633818626404,-1,-1,-1
609,-1,564.1431,93.89511,98.55328,73.10312,0.9984040856361389,-1,-1,-1
609,-1,894.52313,94.94566,49.703125,49.09529,0.9984002709388733,-1,-1,-1
609,-1,933.3033,78.93593,79.21686,65.809204,0.9980752468109131,-1,-1,-1
609,-1,879.6797,107.59581,47.16107,36.987274,0.9980679154396057,-1,-1,-1
609,-1,914.01843,92.31171,58.252808,51.2213,0.9978659749031067,-1,-1,-1
609,-1,1289.7117,366.42953,224.94934,178.51236,0.9971727132797241,-1,-1,-1
609,-1,1177.6948,82.2761,75.46973,91.13981,0.9962636828422546,-1,-1,-1
609,-1,426.0205,260.589,56.9469,171.06427,0.9726687073707581,-1,-1,-1
610,-1,558.7714,95.25245,102.74231,73.22311,0.9985876083374023,-1,-1,-1
610,-1,885.6632,102.793015,48.44513,41.220444,0.9983682036399841,-1,-1,-1
610,-1,932.1621,80.22256,80.40137,64.68264,0.9978886246681213,-1,-1,-1
610,-1,914.36237,92.61863,57.816223,51.190636,0.9976891279220581,-1,-1,-1
610,-1,1289.762,366.282,225.29651,178.9191,0.9971996545791626,-1,-1,-1
610,-1,1177.6837,82.37079,75.506226,91.19896,0.9961697459220886,-1,-1,-1
610,-1,424.34924,262.59183,57.70996,169.13605,0.9611947536468506,-1,-1,-1
611,-1,573.17175,74.75798,88.20691,69.198685,0.9986221790313721,-1,-1,-1
611,-1,886.34595,102.7707,48.289856,41.301933,0.998313307762146,-1,-1,-1
611,-1,932.1381,80.38239,80.3194,64.6636,0.9977746605873108,-1,-1,-1
611,-1,914.263,92.647446,57.879944,51.161438,0.997687816619873,-1,-1,-1
611,-1,1289.8735,366.37283,224.56287,179.07388,0.997189462184906,-1,-1,-1
611,-1,1178.0449,82.36188,75.107666,91.14345,0.9966151118278503,-1,-1,-1
611,-1,423.79684,262.4171,57.112427,172.52017,0.9721258282661438,-1,-1,-1
612,-1,573.1401,74.776535,88.3465,69.21956,0.9986090064048767,-1,-1,-1
612,-1,885.69354,102.99147,48.36316,41.122864,0.9984184503555298,-1,-1,-1
612,-1,932.1641,80.41241,80.38483,64.67318,0.997753918170929,-1,-1,-1
612,-1,914.33307,92.66135,57.82788,51.155655,0.9976608753204346,-1,-1,-1
612,-1,1289.8135,366.38806,224.71753,179.04022,0.9972078204154968,-1,-1,-1
612,-1,1178.0708,82.47159,75.069824,90.99826,0.9965673685073853,-1,-1,-1
612,-1,423.17395,264.32312,60.187866,172.97232,0.9587135314941406,-1,-1,-1
613,-1,573.115,74.63659,88.35614,69.36576,0.9986594915390015,-1,-1,-1
613,-1,885.8547,102.915245,48.387634,41.19645,0.9984112977981567,-1,-1,-1
613,-1,932.1974,80.43993,80.387085,64.623695,0.9977632761001587,-1,-1,-1
613,-1,914.29065,92.6796,57.933167,51.17652,0.997654378414154,-1,-1,-1
613,-1,1290.0122,366.4909,224.604,179.01355,0.9971370697021484,-1,-1,-1
613,-1,1178.2,82.40176,74.94226,91.04447,0.9964990615844727,-1,-1,-1
613,-1,424.8759,264.63898,58.478058,173.63037,0.9536629319190979,-1,-1,-1
614,-1,573.05505,74.74792,88.41284,69.29545,0.9985995888710022,-1,-1,-1
614,-1,879.01105,107.72341,47.6474,36.998222,0.9984872341156006,-1,-1,-1
614,-1,894.5463,95.43191,49.807434,47.743965,0.997954249382019,-1,-1,-1
614,-1,932.3097,80.392555,80.19739,64.71946,0.9977545142173767,-1,-1,-1
614,-1,914.24066,92.63359,58.02887,51.1783,0.9977026581764221,-1,-1,-1
614,-1,1290.0011,366.48303,224.79333,179.03638,0.9972317814826965,-1,-1,-1
614,-1,1178.0885,82.39338,75.067505,91.01621,0.9966673254966736,-1,-1,-1
614,-1,425.11963,265.7443,58.326416,174.2525,0.9678758382797241,-1,-1,-1
615,-1,573.12836,74.62844,88.250916,69.49799,0.9986677169799805,-1,-1,-1
615,-1,886.309,102.66163,48.59613,41.4591,0.9983409643173218,-1,-1,-1
615,-1,932.6294,80.25557,79.9187,64.920395,0.9979369640350342,-1,-1,-1
615,-1,913.93036,92.351685,58.11267,52.080856,0.9978027939796448,-1,-1,-1
615,-1,1290.1249,366.50446,224.97949,179.16467,0.9972180128097534,-1,-1,-1
615,-1,1177.9122,82.52409,75.276245,90.79486,0.9967002272605896,-1,-1,-1
615,-1,425.5699,269.3942,59.023468,172.98721,0.9602855443954468,-1,-1,-1
616,-1,573.0675,74.69322,88.39874,69.51813,0.9986065030097961,-1,-1,-1
616,-1,879.0687,107.7872,47.51831,37.139877,0.9983760118484497,-1,-1,-1
616,-1,932.63184,80.47421,79.81653,64.653854,0.9981617331504822,-1,-1,-1
616,-1,894.5794,95.47628,50.12671,47.842888,0.9979791045188904,-1,-1,-1
616,-1,914.29156,92.6984,57.87903,51.406746,0.9974737763404846,-1,-1,-1
616,-1,1290.1058,366.5076,225.15894,179.15091,0.9971195459365845,-1,-1,-1
616,-1,1178.0548,82.58661,75.30298,90.5634,0.9965876340866089,-1,-1,-1
616,-1,425.2847,270.73312,59.171753,174.004,0.9747694134712219,-1,-1,-1
617,-1,573.2902,74.64963,88.07037,69.527054,0.9986509680747986,-1,-1,-1
617,-1,885.9971,103.28744,48.012085,40.96853,0.9981920123100281,-1,-1,-1
617,-1,932.5624,80.49581,79.928894,64.65293,0.9980949759483337,-1,-1,-1
617,-1,914.2811,92.786316,58.03412,51.35269,0.9975112676620483,-1,-1,-1
617,-1,1289.999,366.6275,225.06567,179.06696,0.9970741271972656,-1,-1,-1
617,-1,1178.1619,82.67149,75.187744,90.63141,0.9965457320213318,-1,-1,-1
617,-1,424.9708,272.642,58.74417,172.86783,0.9569809436798096,-1,-1,-1
618,-1,573.345,74.62774,87.97528,69.54464,0.9986599683761597,-1,-1,-1
618,-1,885.8794,103.33387,48.09137,40.920616,0.9983394145965576,-1,-1,-1
618,-1,933.58795,79.26146,78.91742,65.62862,0.9981251358985901,-1,-1,-1
618,-1,914.3235,92.80356,58.0343,51.326218,0.9974874258041382,-1,-1,-1
618,-1,1289.8534,366.67514,224.89124,179.15414,0.9970932006835938,-1,-1,-1
618,-1,1178.2544,82.63916,75.10339,90.79855,0.9966294169425964,-1,-1,-1
618,-1,422.55365,275.50977,61.28833,173.05798,0.9660350680351257,-1,-1,-1
619,-1,573.53217,74.62879,87.71326,69.53629,0.9986094236373901,-1,-1,-1
619,-1,888.4542,101.49045,48.016663,42.574005,0.9984543323516846,-1,-1,-1
619,-1,932.4636,80.466156,80.02246,64.653336,0.9980989098548889,-1,-1,-1
619,-1,1289.8768,366.5988,224.81226,179.43314,0.9970918893814087,-1,-1,-1
619,-1,914.1061,92.76153,58.088257,51.46473,0.997086226940155,-1,-1,-1
619,-1,1178.1423,82.695465,75.306274,90.7086,0.9967737793922424,-1,-1,-1
619,-1,424.41263,275.2302,62.159576,176.62582,0.9605982899665833,-1,-1,-1
620,-1,894.5863,96.29998,49.367188,47.220695,0.9989230036735535,-1,-1,-1
620,-1,573.5889,74.63604,87.73883,69.60671,0.9986188411712646,-1,-1,-1
620,-1,932.2052,80.59604,80.35297,64.64685,0.9980954527854919,-1,-1,-1
620,-1,878.8716,107.802704,47.63684,37.147675,0.998016357421875,-1,-1,-1
620,-1,914.0673,92.70675,57.94037,51.501976,0.9972895383834839,-1,-1,-1
620,-1,1290.0356,366.6764,224.45044,179.3515,0.9971864819526672,-1,-1,-1
620,-1,1178.2063,83.094505,75.25806,90.36472,0.9966394901275635,-1,-1,-1
620,-1,426.4621,275.2702,59.351746,175.97928,0.9723172783851624,-1,-1,-1
621,-1,886.6682,102.80167,47.839233,41.359573,0.9985834360122681,-1,-1,-1
621,-1,573.3316,74.77171,88.2641,69.439835,0.9984779953956604,-1,-1,-1
621,-1,932.3867,80.60121,80.05707,64.74977,0.9981046915054321,-1,-1,-1
621,-1,914.4229,92.82239,57.568176,51.339905,0.9973766803741455,-1,-1,-1
621,-1,1290.0259,366.78583,224.39233,178.80829,0.997322142124176,-1,-1,-1
621,-1,1178.2133,82.88496,75.15747,90.610664,0.9967657327651978,-1,-1,-1
621,-1,427.27026,275.85156,59.07721,176.60327,0.9636211395263672,-1,-1,-1
622,-1,886.57135,102.85706,47.98181,41.294945,0.9985706806182861,-1,-1,-1
622,-1,559.2945,95.39201,101.879456,73.190155,0.9984366297721863,-1,-1,-1
622,-1,932.40283,80.57534,80.03876,64.775154,0.998110294342041,-1,-1,-1
622,-1,914.4089,92.808174,57.584473,51.352074,0.9973993301391602,-1,-1,-1
622,-1,1289.9932,366.7828,224.50952,178.83615,0.9973003268241882,-1,-1,-1
622,-1,1178.1626,82.87329,75.21973,90.605545,0.9967374205589294,-1,-1,-1
622,-1,427.12677,279.8664,59.373688,178.69315,0.9666711688041687,-1,-1,-1
623,-1,894.61725,96.23579,49.27295,47.185997,0.9990022778511047,-1,-1,-1
623,-1,559.3829,95.460915,102.04755,72.81162,0.998625636100769,-1,-1,-1
623,-1,932.32495,80.471794,80.14514,64.8222,0.9980199337005615,-1,-1,-1
623,-1,879.72754,107.87051,46.60492,37.276222,0.9979401230812073,-1,-1,-1
623,-1,914.3782,92.77669,57.561157,51.400345,0.997649610042572,-1,-1,-1
623,-1,1289.9604,366.67197,224.36047,178.9338,0.9972625970840454,-1,-1,-1
623,-1,1178.1248,82.75607,75.21277,90.678894,0.9969450831413269,-1,-1,-1
623,-1,427.14847,282.43362,59.658997,177.14392,0.9779907464981079,-1,-1,-1
623,-1,531.3884,44.373264,61.48346,33.676655,0.8223569393157959,-1,-1,-1
624,-1,559.4248,95.48063,101.79761,72.73524,0.9985546469688416,-1,-1,-1
624,-1,886.0018,102.83551,48.293335,41.303238,0.998392641544342,-1,-1,-1
624,-1,932.446,80.51579,80.050415,64.61679,0.9980483055114746,-1,-1,-1
624,-1,914.354,92.8098,57.823975,51.269135,0.9976752400398254,-1,-1,-1
624,-1,1289.8197,366.45236,224.6322,179.19016,0.9972265362739563,-1,-1,-1
624,-1,1178.0807,82.586655,75.2406,90.82623,0.9967393279075623,-1,-1,-1
624,-1,552.4278,44.050026,59.14337,35.558678,0.9887563586235046,-1,-1,-1
624,-1,427.0839,285.81128,60.32486,175.59897,0.9697638750076294,-1,-1,-1
625,-1,886.3794,102.19544,48.665283,41.75892,0.9985274076461792,-1,-1,-1
625,-1,559.1577,95.35995,102.1582,72.8677,0.9983545541763306,-1,-1,-1
625,-1,932.44934,80.45474,80.150085,64.688446,0.9979097247123718,-1,-1,-1
625,-1,914.3953,92.51217,57.7287,51.369194,0.9976645708084106,-1,-1,-1
625,-1,1289.8895,366.51334,225.1648,179.02835,0.997456967830658,-1,-1,-1
625,-1,1178.0062,82.39587,75.253174,90.77662,0.9967637062072754,-1,-1,-1
625,-1,556.452,44.619293,76.30554,34.761192,0.9922590851783752,-1,-1,-1
625,-1,423.16354,285.28207,63.233948,181.0752,0.9483215808868408,-1,-1,-1
626,-1,572.4773,73.79037,88.911194,69.89074,0.9983131885528564,-1,-1,-1
626,-1,885.61053,103.19129,48.34735,40.75077,0.9982713460922241,-1,-1,-1
626,-1,933.67114,79.04437,78.680176,65.7003,0.9981302618980408,-1,-1,-1
626,-1,912.7875,91.68783,58.95227,51.825676,0.9980800151824951,-1,-1,-1
626,-1,1289.6158,366.41635,225.43774,178.90195,0.9975678324699402,-1,-1,-1
626,-1,1177.8796,82.2957,75.315186,91.0659,0.99708491563797,-1,-1,-1
626,-1,560.4956,41.744556,89.12634,38.253582,0.9954547882080078,-1,-1,-1
626,-1,424.45844,284.60358,62.012848,183.57275,0.9677450060844421,-1,-1,-1
627,-1,573.54767,74.64491,88.65332,68.72885,0.9985131621360779,-1,-1,-1
627,-1,577.96063,42.127644,90.729065,39.981434,0.9983175992965698,-1,-1,-1
627,-1,885.6612,103.15128,48.337646,40.799797,0.9982896447181702,-1,-1,-1
627,-1,933.64307,79.048904,78.67743,65.69153,0.9981557726860046,-1,-1,-1
627,-1,912.718,91.72936,59.0036,51.847008,0.9980600476264954,-1,-1,-1
627,-1,1289.8191,366.8071,224.94055,178.46976,0.9975538849830627,-1,-1,-1
627,-1,1177.8711,82.23411,75.3291,91.0312,0.9970670342445374,-1,-1,-1
627,-1,425.3557,286.55106,60.509186,181.2174,0.9708020091056824,-1,-1,-1
628,-1,573.5936,73.72356,88.424866,69.79085,0.9983727335929871,-1,-1,-1
628,-1,885.61896,103.15073,48.321533,40.84915,0.9981787204742432,-1,-1,-1
628,-1,914.09625,92.65676,58.048706,51.17179,0.9978013634681702,-1,-1,-1
628,-1,1289.7876,366.81598,224.98755,178.48865,0.9975684285163879,-1,-1,-1
628,-1,934.8837,78.68271,75.6333,66.110214,0.9973053932189941,-1,-1,-1
628,-1,1177.7957,82.32616,75.379395,91.039536,0.9971718192100525,-1,-1,-1
628,-1,604.62317,44.42231,84.522095,39.83426,0.9971653819084167,-1,-1,-1
628,-1,425.08212,288.7094,60.600616,181.50787,0.9740018248558044,-1,-1,-1
629,-1,573.15704,74.4678,88.42047,69.27651,0.9989973902702332,-1,-1,-1
629,-1,885.7629,102.97189,48.358643,41.022446,0.998193085193634,-1,-1,-1
629,-1,914.1073,92.661,58.078247,51.218178,0.9978339076042175,-1,-1,-1
629,-1,1289.8081,366.7381,225.02014,178.4867,0.9975663423538208,-1,-1,-1
629,-1,932.07104,79.923615,80.49805,65.36345,0.9970525503158569,-1,-1,-1
629,-1,1177.7006,82.20495,75.44409,91.274376,0.9969735145568848,-1,-1,-1
629,-1,617.60333,46.699818,91.56256,37.43282,0.9958820343017578,-1,-1,-1
629,-1,423.50568,290.5447,59.535828,183.04279,0.9686943292617798,-1,-1,-1
629,-1,998.3315,61.38673,74.805115,40.1179,0.7770484685897827,-1,-1,-1
630,-1,638.6955,47.18215,91.711426,38.194176,0.9990922212600708,-1,-1,-1
630,-1,573.1983,74.63515,88.34039,69.3306,0.9988479614257812,-1,-1,-1
630,-1,885.8937,102.6949,48.665955,41.223434,0.998336911201477,-1,-1,-1
630,-1,914.0629,92.61791,58.28009,51.183556,0.9977672100067139,-1,-1,-1
630,-1,933.21204,79.1343,79.9115,65.44396,0.9977331161499023,-1,-1,-1
630,-1,1289.8129,366.45132,225.13123,178.86392,0.997559666633606,-1,-1,-1
630,-1,1177.7628,82.22736,75.326904,91.162834,0.9971181154251099,-1,-1,-1
630,-1,422.23114,291.77008,61.03119,186.4226,0.9664743542671204,-1,-1,-1
630,-1,979.557,60.574886,82.14172,39.768177,0.8465296030044556,-1,-1,-1
631,-1,572.8085,74.93518,88.89484,69.037476,0.9987388253211975,-1,-1,-1
631,-1,662.52124,46.806583,86.35925,39.882084,0.9986358284950256,-1,-1,-1
631,-1,886.1791,102.27641,48.34961,41.593002,0.9982262253761292,-1,-1,-1
631,-1,1289.893,366.55472,224.68542,178.77097,0.9975190162658691,-1,-1,-1
631,-1,931.9244,80.190346,81.21527,65.047966,0.9972215890884399,-1,-1,-1
631,-1,1177.9629,82.09788,75.106445,91.437065,0.996980607509613,-1,-1,-1
631,-1,913.25397,92.243546,58.62256,51.641083,0.996635377407074,-1,-1,-1
631,-1,959.5346,57.924213,93.53058,40.217495,0.9836025238037109,-1,-1,-1
631,-1,422.48578,293.75934,60.953217,187.00815,0.9713079929351807,-1,-1,-1
632,-1,572.739,74.87132,88.97223,68.844574,0.998755693435669,-1,-1,-1
632,-1,886.23395,102.345924,48.378784,41.50573,0.9982554316520691,-1,-1,-1
632,-1,912.5437,92.06308,59.955322,51.735443,0.9977414608001709,-1,-1,-1
632,-1,684.0776,48.14894,82.776306,38.985886,0.997718095779419,-1,-1,-1
632,-1,1289.6683,366.43744,224.75598,178.73395,0.9974058270454407,-1,-1,-1
632,-1,1177.94,82.0554,75.08081,91.73382,0.9971109628677368,-1,-1,-1
632,-1,931.9673,80.03172,81.13086,65.16849,0.9970404505729675,-1,-1,-1
632,-1,948.20496,56.754604,84.478516,40.855137,0.9896078705787659,-1,-1,-1
632,-1,421.20932,297.28494,60.658386,185.0134,0.9705696105957031,-1,-1,-1
633,-1,702.3224,48.29573,84.689575,38.39647,0.9989890456199646,-1,-1,-1
633,-1,572.5574,74.85355,89.11487,68.98722,0.9986086487770081,-1,-1,-1
633,-1,878.9081,107.828026,47.628418,36.694267,0.9978402853012085,-1,-1,-1
633,-1,1289.7032,366.36087,225.2771,178.8176,0.9975740313529968,-1,-1,-1
633,-1,894.4251,94.771454,50.091858,48.309113,0.9972168207168579,-1,-1,-1
633,-1,1178.0366,81.787254,74.999756,91.90731,0.9971134662628174,-1,-1,-1
633,-1,932.5397,77.7451,80.30713,67.61279,0.9964182376861572,-1,-1,-1
633,-1,927.8434,55.478127,96.15216,42.523758,0.9955784678459167,-1,-1,-1
633,-1,914.9747,92.39636,57.435425,51.17659,0.9954982995986938,-1,-1,-1
633,-1,418.05103,299.78372,62.678497,185.90115,0.9663105010986328,-1,-1,-1
634,-1,720.2652,47.808422,87.49304,39.556744,0.9992572665214539,-1,-1,-1
634,-1,572.48895,74.837975,89.1203,69.02613,0.9985255599021912,-1,-1,-1
634,-1,907.65314,55.909096,95.97772,40.971825,0.9978876709938049,-1,-1,-1
634,-1,878.93524,107.6571,47.611694,36.841972,0.9978229999542236,-1,-1,-1
634,-1,933.3317,78.15531,79.830444,66.99369,0.9977843165397644,-1,-1,-1
634,-1,1289.7737,366.37296,225.11292,178.8345,0.9975482821464539,-1,-1,-1
634,-1,1178.0388,81.797035,74.97839,91.8995,0.997177004814148,-1,-1,-1
634,-1,894.12286,95.83139,50.43457,47.50212,0.9967232346534729,-1,-1,-1
634,-1,916.5401,93.44343,55.985413,49.911354,0.9958505630493164,-1,-1,-1
634,-1,418.05472,301.49896,61.253082,186.004,0.9548123478889465,-1,-1,-1
635,-1,743.01306,49.925854,87.3974,38.87074,0.9990800619125366,-1,-1,-1
635,-1,572.4702,74.941055,89.25842,68.92264,0.9987058639526367,-1,-1,-1
635,-1,878.7968,107.777214,47.752502,36.692604,0.9978379607200623,-1,-1,-1
635,-1,1289.7501,366.3402,225.1261,178.91504,0.9975385665893555,-1,-1,-1
635,-1,932.1382,80.18488,80.39221,64.88242,0.9975009560585022,-1,-1,-1
635,-1,896.44055,54.940327,97.294495,40.22884,0.9973844885826111,-1,-1,-1
635,-1,1178.0206,81.798355,75.010864,91.91646,0.9971274733543396,-1,-1,-1
635,-1,894.3872,95.97572,49.920654,47.48755,0.9964590668678284,-1,-1,-1
635,-1,913.6199,91.57209,58.273193,52.24122,0.9958165287971497,-1,-1,-1
635,-1,417.13065,303.74927,62.712555,187.58707,0.9459576606750488,-1,-1,-1
636,-1,573.0356,74.11987,88.76422,69.66083,0.9991125464439392,-1,-1,-1
636,-1,879.6192,107.65019,46.995422,37.17209,0.9990748167037964,-1,-1,-1
636,-1,881.79364,53.14255,88.308716,41.562466,0.9989566802978516,-1,-1,-1
636,-1,760.1988,49.752106,91.75598,39.488403,0.99874347448349,-1,-1,-1
636,-1,893.4666,94.974304,50.52649,48.08606,0.9983053207397461,-1,-1,-1
636,-1,1289.814,366.48798,224.48657,178.7945,0.9975191354751587,-1,-1,-1
636,-1,932.3801,80.13379,80.25891,64.78267,0.9974648952484131,-1,-1,-1
636,-1,913.32043,92.54048,59.337097,51.251404,0.9969182014465332,-1,-1,-1
636,-1,1178.0817,82.18925,75.152954,91.30843,0.996859073638916,-1,-1,-1
636,-1,527.4674,42.58033,77.81903,36.763725,0.9541196823120117,-1,-1,-1
636,-1,416.47,306.99054,63.12607,185.35641,0.9455835223197937,-1,-1,-1
637,-1,783.2465,52.09817,88.22577,38.011738,0.9993844032287598,-1,-1,-1
637,-1,572.7219,74.28578,89.08209,69.316864,0.9989451766014099,-1,-1,-1
637,-1,880.0356,107.81661,46.247803,37.22889,0.9987554550170898,-1,-1,-1
637,-1,913.58655,92.833916,58.78119,50.872597,0.9987047910690308,-1,-1,-1
637,-1,863.3818,53.05541,90.52869,39.01668,0.9978734254837036,-1,-1,-1
637,-1,933.13654,79.91329,79.27991,65.25112,0.9978162050247192,-1,-1,-1
637,-1,1289.7045,366.40402,224.68384,178.95132,0.9975706934928894,-1,-1,-1
637,-1,894.26544,95.486465,50.41101,47.340088,0.997158408164978,-1,-1,-1
637,-1,1178.1407,82.34191,75.16858,91.09318,0.9968916773796082,-1,-1,-1
637,-1,546.49036,44.074608,78.10443,35.820015,0.9910552501678467,-1,-1,-1
637,-1,415.4181,307.38867,61.061005,191.6325,0.9529302716255188,-1,-1,-1
638,-1,894.50684,95.43066,50.35565,47.613457,0.9996036887168884,-1,-1,-1
638,-1,573.30896,73.840836,88.09277,69.86267,0.9990069270133972,-1,-1,-1
638,-1,801.618,52.807213,81.622986,37.3704,0.9982335567474365,-1,-1,-1
638,-1,932.83185,80.59702,79.77576,64.70878,0.9980524778366089,-1,-1,-1
638,-1,1290.199,366.3328,224.45007,179.16446,0.9972858428955078,-1,-1,-1
638,-1,914.0415,92.65189,58.244385,51.224678,0.9972659349441528,-1,-1,-1
638,-1,881.05963,107.59627,45.608215,37.663986,0.9968585968017578,-1,-1,-1
638,-1,1178.2719,82.69334,75.23303,90.80743,0.9965178966522217,-1,-1,-1
638,-1,850.2302,52.688763,84.45587,39.748463,0.9950758814811707,-1,-1,-1
638,-1,551.51196,43.4597,93.18616,38.178017,0.9920257925987244,-1,-1,-1
638,-1,414.13348,306.92578,59.73636,194.42444,0.9676797986030579,-1,-1,-1
639,-1,894.9835,95.256645,49.199585,48.9076,0.9992490410804749,-1,-1,-1
639,-1,824.17773,51.665123,86.81122,39.47702,0.9990481734275818,-1,-1,-1
639,-1,572.4398,74.692696,90.55316,69.19706,0.9989463686943054,-1,-1,-1
639,-1,558.2246,44.83179,112.45294,38.549313,0.9980820417404175,-1,-1,-1
639,-1,932.4847,80.38202,80.26312,65.10466,0.9980648159980774,-1,-1,-1
639,-1,914.46594,93.15683,57.751526,51.046127,0.9979562759399414,-1,-1,-1
639,-1,880.91724,108.05367,45.665344,37.164635,0.9974410533905029,-1,-1,-1
639,-1,1288.726,365.62518,225.78503,180.24084,0.997018575668335,-1,-1,-1
639,-1,1178.2542,82.95361,75.25647,90.30725,0.9965684413909912,-1,-1,-1
639,-1,412.1838,314.15863,57.812836,187.44952,0.9652454853057861,-1,-1,-1
640,-1,805.95013,52.411247,99.93744,38.117195,0.9995895028114319,-1,-1,-1
640,-1,894.34106,95.16739,49.433044,47.78714,0.9991704225540161,-1,-1,-1
640,-1,573.86725,74.410065,88.421875,69.241394,0.9988345503807068,-1,-1,-1
640,-1,585.7792,47.3,106.6947,35.263844,0.9985615611076355,-1,-1,-1
640,-1,932.6867,80.199936,79.97107,65.230774,0.9982865452766418,-1,-1,-1
640,-1,879.47906,107.643715,46.834717,37.49621,0.9980765581130981,-1,-1,-1
640,-1,1288.584,365.6696,225.81946,180.1929,0.99696284532547,-1,-1,-1
640,-1,1178.2358,82.96428,75.25122,90.49591,0.9968045949935913,-1,-1,-1
640,-1,913.9743,91.99161,58.561035,52.13098,0.9962198138237,-1,-1,-1
640,-1,407.9601,316.96793,61.322968,189.0661,0.975071907043457,-1,-1,-1
640,-1,852.0508,58.3344,78.58386,35.796154,0.9110636115074158,-1,-1,-1
641,-1,574.09735,74.41795,88.12988,69.33333,0.9990430474281311,-1,-1,-1
641,-1,787.0688,49.4745,99.20111,38.671658,0.9986483454704285,-1,-1,-1
641,-1,893.5992,95.4387,50.602295,47.567177,0.9984252452850342,-1,-1,-1
641,-1,863.84204,55.881367,85.88342,39.97878,0.9982767105102539,-1,-1,-1
641,-1,605.51746,47.291748,99.237366,36.13762,0.9978558421134949,-1,-1,-1
641,-1,934.7732,79.00569,76.47009,65.862274,0.9978099465370178,-1,-1,-1
641,-1,879.6727,107.84378,47.205383,37.434753,0.9971478581428528,-1,-1,-1
641,-1,1289.6669,366.50586,225.21472,179.3584,0.9971064925193787,-1,-1,-1
641,-1,1178.2772,82.93253,75.20972,90.62325,0.9966986775398254,-1,-1,-1
641,-1,912.1838,91.97342,60.062256,51.92758,0.9966302514076233,-1,-1,-1
641,-1,406.25067,317.37045,61.715973,193.40933,0.9713597893714905,-1,-1,-1
642,-1,624.99567,49.02757,104.58734,35.19501,0.9989567995071411,-1,-1,-1
642,-1,894.1263,95.22773,49.561584,47.638145,0.9989325404167175,-1,-1,-1
642,-1,573.5861,74.86488,88.11188,69.05112,0.9986811280250549,-1,-1,-1
642,-1,932.80096,79.497,79.933655,65.93261,0.9980851411819458,-1,-1,-1
642,-1,879.4647,107.71013,47.03131,37.401184,0.9975500702857971,-1,-1,-1
642,-1,761.49817,46.74851,100.534546,40.825184,0.9973656535148621,-1,-1,-1
642,-1,1289.805,366.26984,225.2373,179.69879,0.997204601764679,-1,-1,-1
642,-1,910.9873,92.174355,61.421875,51.50654,0.9971045851707458,-1,-1,-1
642,-1,883.24805,57.962624,78.09894,37.93251,0.996895432472229,-1,-1,-1
642,-1,1178.2764,82.83947,75.237915,90.54754,0.9967077970504761,-1,-1,-1
642,-1,401.14932,321.0121,64.24698,191.4527,0.9831751585006714,-1,-1,-1
643,-1,650.6697,48.49384,103.26257,36.5417,0.9994977712631226,-1,-1,-1
643,-1,880.43756,106.97202,47.78192,38.218193,0.998557984828949,-1,-1,-1
643,-1,573.60297,74.93864,88.023254,69.056816,0.9984787106513977,-1,-1,-1
643,-1,743.46094,46.091427,101.247925,40.863834,0.9980273842811584,-1,-1,-1
643,-1,902.3091,58.861393,84.8371,39.962994,0.9978932738304138,-1,-1,-1
643,-1,895.2533,94.63403,48.945923,48.61174,0.9976045489311218,-1,-1,-1
643,-1,932.29553,80.03489,80.62152,65.354546,0.9973612427711487,-1,-1,-1
643,-1,1289.9563,366.3768,224.90991,179.46536,0.9972321391105652,-1,-1,-1
643,-1,1178.317,82.88639,75.23547,90.6202,0.9964801669120789,-1,-1,-1
643,-1,912.5394,91.595276,59.34149,52.07054,0.9956661462783813,-1,-1,-1
643,-1,398.41525,323.96094,64.292145,190.87689,0.9800710082054138,-1,-1,-1
644,-1,573.35614,74.71259,88.247986,69.32375,0.998468816280365,-1,-1,-1
644,-1,890.1797,99.552895,49.09607,44.429832,0.9979290962219238,-1,-1,-1
644,-1,671.55133,47.565662,105.023315,38.444828,0.9976155757904053,-1,-1,-1
644,-1,1289.9111,366.5595,225.23413,179.18622,0.9971289038658142,-1,-1,-1
644,-1,932.4198,78.64543,80.84192,66.655594,0.9965923428535461,-1,-1,-1
644,-1,1178.489,82.871376,75.06348,90.71163,0.9963603615760803,-1,-1,-1
644,-1,911.83734,93.01059,60.410706,50.240326,0.9951171875,-1,-1,-1
644,-1,923.0145,61.077496,90.03888,38.976856,0.994030773639679,-1,-1,-1
644,-1,723.81744,45.28965,105.55719,40.674286,0.9928350448608398,-1,-1,-1
644,-1,398.874,327.26358,63.96283,190.9205,0.9843857884407043,-1,-1,-1
645,-1,701.9757,45.45768,96.5639,42.57466,0.9990177154541016,-1,-1,-1
645,-1,888.9367,100.537796,48.552002,43.531265,0.9986326098442078,-1,-1,-1
645,-1,573.2707,74.46882,88.248535,69.60915,0.998480498790741,-1,-1,-1
645,-1,942.4976,63.39626,93.16327,35.756634,0.9971174001693726,-1,-1,-1
645,-1,1289.0228,365.42386,225.32996,180.46274,0.9966138005256653,-1,-1,-1
645,-1,1178.452,82.90292,75.17456,90.83891,0.9964068531990051,-1,-1,-1
645,-1,914.11,92.809395,57.976562,51.39982,0.9960913062095642,-1,-1,-1
645,-1,931.90283,80.656525,81.720764,65.21617,0.9959981441497803,-1,-1,-1
645,-1,396.60367,329.67612,61.49875,193.58957,0.9830601811408997,-1,-1,-1
646,-1,706.43854,44.949146,107.321106,42.861263,0.9993649125099182,-1,-1,-1
646,-1,889.2074,100.12317,48.781677,43.901917,0.9988238215446472,-1,-1,-1
646,-1,573.2447,74.51649,88.34448,69.61149,0.9984388947486877,-1,-1,-1
646,-1,931.8738,80.35838,81.541016,65.18622,0.9975224137306213,-1,-1,-1
646,-1,1289.0226,365.39175,225.34473,180.50308,0.9966358542442322,-1,-1,-1
646,-1,914.12915,92.826195,58.04706,51.337486,0.9963679313659668,-1,-1,-1
646,-1,1178.4072,82.87865,75.14612,90.82941,0.9961627721786499,-1,-1,-1
646,-1,392.28903,331.69186,63.232178,192.70633,0.985900342464447,-1,-1,-1
646,-1,962.60095,63.594593,90.85254,35.326748,0.9847723245620728,-1,-1,-1
647,-1,674.4928,42.46739,99.917114,41.318867,0.9989768266677856,-1,-1,-1
647,-1,888.62787,100.6412,48.738953,43.451347,0.9988062381744385,-1,-1,-1
647,-1,573.1769,74.64823,88.54724,69.5214,0.9983439445495605,-1,-1,-1
647,-1,932.0299,79.965385,80.959595,65.74424,0.9971401691436768,-1,-1,-1
647,-1,739.5484,50.21372,100.151794,39.104465,0.996997594833374,-1,-1,-1
647,-1,914.17017,92.81782,57.911743,51.332436,0.9967733025550842,-1,-1,-1
647,-1,1289.0293,365.40308,225.35254,180.49219,0.9966256618499756,-1,-1,-1
647,-1,1178.396,82.978424,75.170044,90.784836,0.9959185719490051,-1,-1,-1
647,-1,391.7016,333.51324,60.184326,193.41089,0.983031153678894,-1,-1,-1
647,-1,991.31683,63.433193,58.039734,33.37273,0.7604164481163025,-1,-1,-1
648,-1,760.38794,53.197857,98.61066,37.090725,0.9992521405220032,-1,-1,-1
648,-1,656.0976,41.0456,95.78522,41.86605,0.9989826083183289,-1,-1,-1
