1968,2,724.96625,148.50374,105.89959999999996,89.92811599999999,0.7328548431396484,-1,-1,-1
1969,2,722.85834,150.14642,107.77990999999997,90.44989000000001,0.8174194097518921,-1,-1,-1
1970,2,719.9186,151.11908,110.94060999999999,92.22922,0.8039442300796509,-1,-1,-1
1971,2,718.39026,152.37143,110.40777600000001,92.117065,0.8158724308013916,-1,-1,-1
1972,2,715.3015,155.64613,111.17847000000006,91.71783400000001,0.8331103324890137,-1,-1,-1
1973,2,713.3204,157.33093,112.00262499999997,93.1902,0.8508946895599365,-1,-1,-1
1974,2,712.13605,159.4818,112.31915000000004,93.91137999999998,0.8341209888458252,-1,-1,-1
1975,2,709.1434,161.38014,114.19452000000001,94.56875599999998,0.8654060959815979,-1,-1,-1
1976,2,706.92566,161.28664,115.71465999999998,97.11671400000003,0.8847016096115112,-1,-1,-1
1977,2,705.3931,164.73169,117.08782999999994,97.15848000000003,0.8922671675682068,-1,-1,-1
1978,2,704.6499,168.06245,116.26757999999995,96.25178499999998,0.8839125037193298,-1,-1,-1
1979,2,703.1097,169.11145,116.691284,97.83136000000002,0.8844342827796936,-1,-1,-1
1980,2,701.14343,171.77011,116.16094999999996,97.51977499999998,0.8836602568626404,-1,-1,-1
1981,2,699.892,172.91507,118.12567000000001,99.23437500000003,0.8903836607933044,-1,-1,-1
1982,2,698.13464,175.41054,119.73962400000005,99.56840500000001,0.891612708568573,-1,-1,-1
1983,2,696.7687,175.81609,120.82056,102.254715,0.8924899697303772,-1,-1,-1
1984,2,694.3598,178.2796,120.44060999999999,102.695435,0.8902285099029541,-1,-1,-1
1985,2,691.5543,181.45642,122.39282000000003,101.79787999999999,0.8976568579673767,-1,-1,-1
1986,2,690.326,183.766,122.61028999999996,101.89674,0.8966458439826965,-1,-1,-1
1987,2,686.6296,185.57869,126.57470999999998,104.86723,0.8832606077194214,-1,-1,-1
1988,2,684.2581,188.40016,127.51477,103.58977000000002,0.8911330699920654,-1,-1,-1
1989,2,682.58997,190.79353,128.12482,104.60718999999997,0.8929033279418945,-1,-1,-1
1990,2,680.74585,192.35318,129.43004999999994,106.64465000000001,0.8914942741394043,-1,-1,-1
1991,2,679.14813,194.15808,129.56774999999993,107.51104999999998,0.8877290487289429,-1,-1,-1
1992,2,674.8862,196.20573,132.08092999999997,108.38773999999998,0.8881441950798035,-1,-1,-1
1993,2,673.5148,198.27351,132.56169999999997,109.44538999999997,0.8895905017852783,-1,-1,-1
1994,2,672.889,201.02673,132.97528,111.96508999999998,0.8874315023422241,-1,-1,-1
1995,2,671.5007,202.4636,133.12469999999996,113.85330000000002,0.8892173767089844,-1,-1,-1
1453,4,1218.4412,293.70053,393.68493999999987,150.41744999999997,0.7342991232872009,-1,-1,-1
1454,4,1178.0802,296.03616,380.6748,150.35211000000004,0.6031795144081116,-1,-1,-1
1455,4,1114.2405,297.45892,389.9702,150.61032,0.7527113556861877,-1,-1,-1
1458,4,971.2417,302.1032,388.5752,154.58551,0.6404769420623779,-1,-1,-1
1459,4,849.27374,305.19702,402.3706699999999,150.71817,0.7880767583847046,-1,-1,-1
1460,4,794.70264,309.08157,406.31213,151.60840000000002,0.7500836253166199,-1,-1,-1
1461,4,699.2452,314.47354,404.50995,148.37402000000003,0.7976511120796204,-1,-1,-1
1462,4,619.81323,317.60947,418.28612999999996,151.86365,0.7548103928565979,-1,-1,-1
1463,4,523.5739,320.4278,448.81665,157.94631999999996,0.7802861928939819,-1,-1,-1
1464,4,442.4829,321.72437,443.9044200000001,163.31506000000002,0.8203093409538269,-1,-1,-1
1465,4,397.33942,326.3487,416.2818,166.44794000000002,0.7838996648788452,-1,-1,-1
1466,4,277.36472,344.3948,459.58133000000004,157.41446000000002,0.7884595990180969,-1,-1,-1
1467,4,204.22507,349.4213,428.64963,157.39688,0.832483172416687,-1,-1,-1
1468,4,132.10046,356.9962,417.82427999999993,156.56154999999995,0.8341993689537048,-1,-1,-1
1469,4,44.617764,364.50787,434.90866,154.92071999999996,0.8114239573478699,-1,-1,-1
1470,4,3.319473,374.00296,375.03494,150.79812999999996,0.8399935960769653,-1,-1,-1
1882,5,1157.6501,657.09845,605.3595,404.21027000000004,0.7844966053962708,-1,-1,-1
1883,5,1125.0853,633.9368,593.92957,398.26764000000003,0.8367573618888855,-1,-1,-1
1884,5,1081.127,613.8491,581.47974,385.1527,0.8543258309364319,-1,-1,-1
1885,5,1031.7013,598.2988,582.2616,374.75299999999993,0.8533505797386169,-1,-1,-1
1886,5,988.6659,578.24774,581.6821,363.07843,0.8631882071495056,-1,-1,-1
1887,5,957.06006,559.83844,564.3459500000001,350.7265,0.8786059617996216,-1,-1,-1
1888,5,911.78973,547.61224,562.7282,338.48852999999997,0.8772558569908142,-1,-1,-1
1889,5,865.6418,534.83984,566.0911,322.95935,0.8772408962249756,-1,-1,-1
1890,5,824.84973,519.79395,554.3778999999998,323.0511,0.8801593780517578,-1,-1,-1
1891,5,782.5995,505.9047,551.2508500000001,316.37050000000005,0.8790939450263977,-1,-1,-1
1892,5,735.7356,496.73764,552.3701000000001,310.4205,0.8775606155395508,-1,-1,-1
1893,5,692.83575,485.36908,542.0508400000001,304.6773,0.8750014305114746,-1,-1,-1
1894,5,651.2357,475.89716,544.8376500000002,299.81860000000006,0.8785759210586548,-1,-1,-1
1895,5,604.94086,464.3736,540.2900000000001,294.15918,0.8804765343666077,-1,-1,-1
1896,5,559.48584,454.21906,540.4259,289.88214000000005,0.8748170733451843,-1,-1,-1
1897,5,515.5705,447.68835,526.1685,283.96088,0.8787922263145447,-1,-1,-1
1898,5,473.32257,441.64102,516.0052499999999,275.2797499999999,0.8829908967018127,-1,-1,-1
1899,5,424.88364,436.78793,516.94446,270.0074200000001,0.8751886487007141,-1,-1,-1
1900,5,376.20523,431.044,512.9558,265.75513,0.8751506805419922,-1,-1,-1
1901,5,326.2325,425.58682,517.0868,261.70303,0.8749271631240845,-1,-1,-1
1902,5,280.34326,424.7016,507.12029999999993,256.4358,0.8668094873428345,-1,-1,-1
1903,5,238.9762,423.75262,499.4848,245.46704,0.8625824451446533,-1,-1,-1
1904,5,189.60994,423.5324,492.53137,237.18579000000005,0.8574953675270081,-1,-1,-1
1905,5,141.88121,423.2721,484.61303999999996,229.35308999999995,0.8461915850639343,-1,-1,-1
1906,5,97.03691,420.1411,478.3828,226.96715999999998,0.8579675555229187,-1,-1,-1
1907,5,49.54755,419.47302,477.8355,222.82732999999996,0.8552505373954773,-1,-1,-1
1908,5,8.275422,419.755,465.54752,218.43426999999997,0.8600980639457703,-1,-1,-1
1909,5,0.6781482,420.50974,414.20786,214.09012,0.867074728012085,-1,-1,-1
1910,5,0.0,415.50787,360.4847,215.10235999999998,0.876271665096283,-1,-1,-1
1911,5,0.0,410.76257,311.07928,216.57367,0.8629990816116333,-1,-1,-1
1912,5,0.16347884,409.0414,260.55133,215.87795999999997,0.8261700868606567,-1,-1,-1
1913,5,0.0660324,406.19974,210.48488,220.06442000000004,0.766243577003479,-1,-1,-1
1974,6,1512.645,407.07742,407.06774999999993,306.34414999999996,0.831238329410553,-1,-1,-1
1975,6,1494.7146,392.91714,417.91443000000004,294.03756999999996,0.8576840758323669,-1,-1,-1
1976,6,1477.7128,380.50812,401.4514200000001,286.85967999999997,0.8466272354125977,-1,-1,-1
1977,6,1452.9977,366.62463,397.67065,277.9854,0.8620116710662842,-1,-1,-1
1978,6,1432.176,354.16296,373.39185,265.03887999999995,0.862460732460022,-1,-1,-1
1979,6,1408.0798,342.79315,375.0146500000001,256.1062,0.8571072220802307,-1,-1,-1
1980,6,1394.845,331.88602,350.9298000000001,248.95369999999997,0.8428124785423279,-1,-1,-1
1981,6,1372.2323,320.5431,340.7799,235.87738000000002,0.8693224787712097,-1,-1,-1
1982,6,1350.3187,306.7136,334.24119999999994,228.97238,0.8465396761894226,-1,-1,-1
1983,6,1335.905,300.41013,318.90100000000007,218.75052000000005,0.8453773260116577,-1,-1,-1
1984,6,1318.809,291.38025,306.21936000000005,209.15140000000002,0.8298782110214233,-1,-1,-1
1985,6,1303.52,283.79538,296.422,201.5102,0.821876049041748,-1,-1,-1
1986,6,1287.3118,269.95197,272.95630000000006,196.41992,0.8753172159194946,-1,-1,-1
1987,6,1273.9384,262.69183,267.32068000000004,189.48499000000004,0.8553775548934937,-1,-1,-1
1988,6,1257.6592,256.13614,247.80115,182.60861,0.8645784854888916,-1,-1,-1
1989,6,1244.8097,246.77975,237.97070000000008,177.07681,0.8668003082275391,-1,-1,-1
1990,6,1230.1156,237.51353,232.61169999999993,173.94856,0.8564537167549133,-1,-1,-1
1991,6,1221.9319,232.40395,211.29125999999997,167.17653,0.8600398898124695,-1,-1,-1
1992,6,1207.6895,224.09259,213.44787999999994,163.4913,0.8765394687652588,-1,-1,-1
1993,6,1196.4166,219.90736,196.86816,158.07557999999997,0.8579596877098083,-1,-1,-1
1994,6,1181.5391,207.45934,196.27855999999997,158.15327000000002,0.8505240082740784,-1,-1,-1
1995,6,1172.7992,204.1249,187.97217,153.49968000000004,0.879482626914978,-1,-1,-1
1863,8,1194.0464,664.0889,587.3644999999999,413.75371999999993,0.8548772931098938,-1,-1,-1
1864,8,1147.8293,636.8907,583.6966599999998,415.00824,0.8501241207122803,-1,-1,-1
1865,8,1100.3104,620.711,583.8441,391.46185,0.8666460514068604,-1,-1,-1
1866,8,1046.0973,597.0419,580.5198,382.12817000000007,0.8647223114967346,-1,-1,-1
1867,8,1007.31116,580.27997,566.8849,364.62122,0.859523594379425,-1,-1,-1
1868,8,956.7484,560.16925,564.84375,352.33142,0.8820702433586121,-1,-1,-1
1869,8,805.88416,511.8785,556.214,320.24722,0.8877431154251099,-1,-1,-1
1870,8,750.6794,502.3349,547.9947999999999,308.63348,0.8810276389122009,-1,-1,-1
1871,8,712.9164,490.30148,530.40784,304.06722999999994,0.8838309049606323,-1,-1,-1
1872,8,659.74316,481.45502,534.9835,292.11469999999997,0.8782421350479126,-1,-1,-1
1873,8,606.9625,473.0881,527.8358,282.09932999999995,0.8799910545349121,-1,-1,-1
1874,8,551.86176,462.85324,523.1486,276.62265,0.8802081346511841,-1,-1,-1
1875,8,498.6607,455.3144,517.5169,263.96576000000005,0.8817082047462463,-1,-1,-1
1876,8,445.3253,445.47955,506.79428,262.04279999999994,0.8823840618133545,-1,-1,-1
1877,8,278.34222,425.97525,492.99097000000006,250.38894999999997,0.8634739518165588,-1,-1,-1
1878,8,220.68837,424.71664,491.86816,238.0784,0.855032205581665,-1,-1,-1
1879,8,163.9588,422.97302,483.48223999999993,230.55060000000003,0.8494324684143066,-1,-1,-1
1880,8,117.48647,420.16934,466.4827000000001,227.67263999999994,0.8610267043113708,-1,-1,-1
1881,8,62.57961,421.89194,472.25082,219.09299,0.8501359224319458,-1,-1,-1
1882,8,9.9809065,420.5031,462.7853,216.81908999999996,0.8453890681266785,-1,-1,-1
1883,8,0.6828689,418.69226,406.71756,213.57891999999998,0.851090133190155,-1,-1,-1
1884,8,0.0,416.61694,335.1789,211.70458999999994,0.8777369856834412,-1,-1,-1
1885,8,0.22012709,412.42938,276.725,211.25146,0.8283826112747192,-1,-1,-1
1886,8,0.12529849,405.50262,224.25102,221.47082999999998,0.760094165802002,-1,-1,-1
1905,1,1041.272,678.70874,588.7472,379.95776,0.8527928590774536,-1,-1,-1
1906,1,985.7485,651.84204,574.1738999999999,375.15552,0.8678518533706665,-1,-1,-1
1907,1,934.7979,623.08484,559.3299999999999,362.84613,0.8658137321472168,-1,-1,-1
1908,1,893.96936,597.5144,533.9936499999999,355.54358,0.8971565961837769,-1,-1,-1
1909,1,842.09705,574.1738,528.6527,338.47606999999994,0.8833215832710266,-1,-1,-1
1910,1,794.306,557.5557,516.4169000000002,322.8369799999999,0.9023650288581848,-1,-1,-1
1911,1,743.82654,540.2023,511.52685999999994,315.68713,0.8959431052207947,-1,-1,-1
1912,1,695.7493,524.15027,509.45939999999996,307.2841199999999,0.8855369091033936,-1,-1,-1
1913,1,648.38434,508.20645,506.61542,300.97195,0.8854539394378662,-1,-1,-1
1914,1,602.71246,496.30225,495.13507000000004,294.86694000000006,0.8896775841712952,-1,-1,-1
1915,1,559.62854,483.86166,484.2433,286.91940000000005,0.8778508901596069,-1,-1,-1
1916,1,512.3281,476.91443,478.51099999999997,279.30627,0.8828762173652649,-1,-1,-1
1917,1,470.65994,469.9314,467.46432000000004,264.06885000000005,0.8846299648284912,-1,-1,-1
1918,1,424.63477,457.00296,456.32354999999995,261.47139999999996,0.8763233423233032,-1,-1,-1
1919,1,377.3145,450.09967,456.695,255.02880999999996,0.8819416165351868,-1,-1,-1
1920,1,324.96906,447.32785,459.16132000000005,246.96262000000002,0.8701523542404175,-1,-1,-1
1921,1,288.3254,439.96375,446.98330000000004,244.71814000000006,0.8708497285842896,-1,-1,-1
1922,1,240.72102,435.7522,445.19666,238.39801,0.868889331817627,-1,-1,-1
1923,1,193.57405,431.30777,436.13280000000003,230.57266000000004,0.8653228282928467,-1,-1,-1
1924,1,146.06099,431.18896,437.2688600000001,221.29015999999996,0.865380048751831,-1,-1,-1
1925,1,102.26537,428.26044,437.99542,219.34222,0.8462595343589783,-1,-1,-1
1926,1,59.53767,425.12784,431.54224,217.75894000000005,0.8492357134819031,-1,-1,-1
1927,1,3.1581113,426.10544,435.64777,207.95095999999995,0.856452226638794,-1,-1,-1
1928,1,0.0,424.2887,388.1102,203.33459999999997,0.8615313768386841,-1,-1,-1
1929,1,0.0,422.78094,330.90582,202.97997999999995,0.8807297945022583,-1,-1,-1
1930,1,0.20948409,417.2749,287.87396,203.33983999999998,0.8387609124183655,-1,-1,-1
1931,1,0.21780966,410.23416,241.97379,206.26613999999995,0.7753720879554749,-1,-1,-1
1932,1,0.07660388,411.23615,202.07196,213.80059999999997,0.6340172290802002,-1,-1,-1
1770,3,1766.7811,232.6469,153.21886999999992,146.84468,0.7893118858337402,-1,-1,-1
1771,3,1735.1405,230.44804,184.85950000000003,145.41584999999998,0.8026041984558105,-1,-1,-1
1772,3,1696.1436,226.6269,223.5709199999999,147.37111000000002,0.8456655144691467,-1,-1,-1
1773,3,1663.0844,224.0708,256.8329000000001,147.55780000000001,0.8307546973228455,-1,-1,-1
1774,3,1633.2452,219.26859,286.75476000000003,149.23294,0.8637291193008423,-1,-1,-1
1775,3,1605.4272,216.9203,314.57275000000004,148.58366,0.8723533153533936,-1,-1,-1
1776,3,1575.7161,211.1645,335.0527299999999,151.03190000000004,0.8858088254928589,-1,-1,-1
1777,3,1545.8136,207.03131,327.74963,151.30749999999998,0.8854413628578186,-1,-1,-1
1778,3,1520.2623,206.8924,318.24304000000006,148.38579999999996,0.8857033252716064,-1,-1,-1
1779,3,1497.387,205.84132,316.28405999999995,144.01186,0.8729468584060669,-1,-1,-1
1780,3,1470.6311,203.9212,310.11426000000006,141.20290999999997,0.8635135293006897,-1,-1,-1
1781,3,1446.6573,202.00713,303.5165999999999,137.46635,0.8768792152404785,-1,-1,-1
1782,3,1421.9215,199.71138,296.4381000000001,137.51466000000002,0.8663930296897888,-1,-1,-1
1783,3,1403.4368,196.92743,279.87708,137.77557,0.8739980459213257,-1,-1,-1
1784,3,1384.4016,192.37236,275.8957499999999,136.13364999999996,0.8715803623199463,-1,-1,-1
1785,3,1369.583,189.21356,260.9118699999999,137.57275,0.8782604336738586,-1,-1,-1
1786,3,1351.1615,186.91893,260.2339999999999,136.05284,0.8663679957389832,-1,-1,-1
1787,3,1338.3308,182.20094,252.5853300000001,137.45279999999997,0.8638253808021545,-1,-1,-1
1788,3,1325.35,180.14313,235.38573999999994,137.11176000000003,0.8705607056617737,-1,-1,-1
1789,3,1314.0757,177.13039,229.33618,135.96512999999996,0.8544469475746155,-1,-1,-1
1790,3,1296.7538,174.7357,224.57740000000013,133.04892999999998,0.8618652820587158,-1,-1,-1
1791,3,1288.5912,171.94464,207.38707999999997,129.9552,0.9039513468742371,-1,-1,-1
1792,3,1280.0046,170.02824,199.0697,129.60410999999996,0.8775125741958618,-1,-1,-1
1793,3,1271.609,168.39911,190.25866999999994,127.04883000000001,0.8816871643066406,-1,-1,-1
1794,3,1262.0946,164.2698,185.16112999999996,128.79922000000002,0.8907973170280457,-1,-1,-1
1795,3,1252.0016,163.17325,180.73388999999997,125.91037,0.8948023915290833,-1,-1,-1
1796,3,1244.2057,160.87961,173.38855000000012,124.38250999999997,0.9078004360198975,-1,-1,-1
1797,3,1235.4171,159.44704,171.24341000000004,123.95643599999997,0.8979237079620361,-1,-1,-1
1798,3,1230.3354,157.78589,165.40283,122.762115,0.889312744140625,-1,-1,-1
1799,3,1223.0376,153.64754,158.4012499999999,123.28917000000001,0.907355546951294,-1,-1,-1
1800,3,1216.4916,150.86734,155.95728000000008,122.35433999999998,0.892248272895813,-1,-1,-1
1801,3,1208.5082,149.29243,153.4304199999999,120.64475999999999,0.8872414827346802,-1,-1,-1
1802,3,1201.9036,147.21184,152.83716000000004,118.93220500000001,0.8811826109886169,-1,-1,-1
1803,3,1195.9257,144.72655,145.6947,118.78114000000002,0.8852706551551819,-1,-1,-1
1804,3,1186.9159,143.05283,145.18884000000003,117.45379999999997,0.8814792633056641,-1,-1,-1
1805,3,1181.0096,141.19322,144.29027999999994,116.81061999999997,0.8749086260795593,-1,-1,-1
1806,3,1175.692,140.10583,139.3563200000001,114.68024,0.877806544303894,-1,-1,-1
1807,3,1170.862,140.6698,136.1237799999999,111.44313,0.8768814206123352,-1,-1,-1
1808,3,1165.3873,137.93173,131.79834000000005,110.5686,0.8680879473686218,-1,-1,-1
1809,3,1159.5255,135.19849,132.92516999999998,110.98019399999998,0.8777713775634766,-1,-1,-1
1810,3,1153.391,134.50177,129.7213099999999,106.772964,0.8762443661689758,-1,-1,-1
1811,3,1150.6049,131.50995,126.90942399999994,108.22027600000001,0.8883258104324341,-1,-1,-1
1812,3,1143.4728,129.68813,127.91039999999998,107.49177600000002,0.8668338060379028,-1,-1,-1
1813,3,1138.8773,128.53911,125.2161900000001,105.62880000000001,0.8927891254425049,-1,-1,-1
1814,3,1133.316,128.41293,125.09972999999991,104.30362,0.8661788702011108,-1,-1,-1
1815,3,1128.909,128.78407,122.55883999999992,101.82208,0.8739848732948303,-1,-1,-1
1816,3,1124.4272,125.92085,122.57995600000004,101.59961000000001,0.8746107816696167,-1,-1,-1
1817,3,1122.2852,124.19302,120.94433600000002,101.61569000000001,0.8700274229049683,-1,-1,-1
1818,3,1116.4237,123.94852,119.17102,99.51718,0.859757661819458,-1,-1,-1
1819,3,1110.7369,121.144226,120.6270750000001,99.244934,0.8609927892684937,-1,-1,-1
1820,3,1108.1172,121.5028,115.62304999999992,95.82611999999999,0.8647627830505371,-1,-1,-1
1821,3,1102.4983,119.81082,115.99548000000004,95.15000999999998,0.8644338846206665,-1,-1,-1
1822,3,1098.4464,118.12739,115.60461400000008,93.92492,0.8662312030792236,-1,-1,-1
1823,3,1093.6757,116.94106,114.32006999999999,93.13202999999999,0.864528238773346,-1,-1,-1
1824,3,1091.5352,117.66901,110.65307600000006,89.88335,0.8447667360305786,-1,-1,-1
1825,3,1085.5837,115.286354,110.1845699999999,90.15069000000001,0.8425235748291016,-1,-1,-1
1826,3,1082.1006,114.84235,107.26050000000009,88.73278999999998,0.8319504261016846,-1,-1,-1
1827,3,1079.361,113.72969,105.36218000000008,87.19859,0.8035804033279419,-1,-1,-1
1828,3,1074.9733,112.11346,106.51745600000004,86.99350999999999,0.7870137691497803,-1,-1,-1
1829,3,1071.362,110.23112,104.43896500000005,87.02613,0.6832821369171143,-1,-1,-1
