1998,5,0.0,443.19427,482.7775,224.60962,0.7662383913993835,-1,-1,-1
1999,5,13.653544,444.40088,532.4681,221.27349999999996,0.8347204327583313,-1,-1,-1
2000,5,62.890545,441.78506,539.62054,222.42080000000004,0.8380423784255981,-1,-1,-1
2001,5,120.211136,439.75162,543.2343,221.89382999999998,0.8293596506118774,-1,-1,-1
2002,5,168.61696,436.1624,546.7817399999999,221.40332000000006,0.8389353156089783,-1,-1,-1
2003,5,227.21408,433.68713,533.9651,218.75928,0.8469277024269104,-1,-1,-1
2004,5,282.65253,431.6734,528.9277999999999,216.33405000000005,0.8600216507911682,-1,-1,-1
2005,5,346.1843,428.57126,521.672,216.61147999999997,0.8521608114242554,-1,-1,-1
2006,5,406.36572,424.7768,502.6563,214.71063000000004,0.8551174402236938,-1,-1,-1
2007,5,465.1761,421.53394,494.91998,212.68889999999993,0.8654528856277466,-1,-1,-1
2008,5,518.2955,417.05673,472.47168,214.12949000000003,0.8744272589683533,-1,-1,-1
2009,5,569.9141,409.4128,463.74945,213.40402,0.8718569278717041,-1,-1,-1
2010,5,619.72144,404.2563,445.88440000000014,213.10156000000006,0.8736250400543213,-1,-1,-1
2011,5,672.4389,396.935,450.46356000000003,214.03333000000003,0.8725209832191467,-1,-1,-1
2012,5,720.12366,390.56778,440.18542,214.86849999999998,0.8765775561332703,-1,-1,-1
2013,5,763.887,389.16827,429.86223999999993,208.92242,0.8789309859275818,-1,-1,-1
2014,5,806.6961,384.74408,412.56853999999987,207.99657999999994,0.8684599995613098,-1,-1,-1
2015,5,856.274,383.41293,393.92645000000005,201.08608999999996,0.878334641456604,-1,-1,-1
2016,5,894.17,374.8965,381.33405000000005,202.34243999999995,0.8863797187805176,-1,-1,-1
2017,5,936.06775,369.3396,362.0376,199.97900000000004,0.8779167532920837,-1,-1,-1
2018,5,968.7954,368.0343,353.25389999999993,193.62066999999996,0.9073806405067444,-1,-1,-1
2019,5,1002.60925,361.01822,337.99523999999997,193.92775999999998,0.8822245001792908,-1,-1,-1
2020,5,1029.2302,358.18256,330.0156200000001,189.08539000000002,0.882619321346283,-1,-1,-1
2021,5,1061.6989,352.1646,312.49243,186.35796999999997,0.8671172261238098,-1,-1,-1
2022,5,1083.916,349.77856,302.71838,181.33049999999997,0.8698272705078125,-1,-1,-1
2023,5,1112.4955,346.5264,280.8379,177.05721999999997,0.8687555193901062,-1,-1,-1
2024,5,1136.5194,337.80783,265.8137199999999,178.54733000000004,0.888100266456604,-1,-1,-1
2025,5,1152.4539,334.66385,257.2783199999999,172.74825999999996,0.8876036405563354,-1,-1,-1
2026,5,1169.3531,326.51755,247.56860000000006,175.40173,0.875183641910553,-1,-1,-1
2027,5,1187.7463,323.66345,233.10692999999992,169.3825,0.893132746219635,-1,-1,-1
2028,5,1204.787,322.56824,217.18225000000007,162.59575999999998,0.8875006437301636,-1,-1,-1
2029,5,1217.4581,315.80548,208.1804199999999,162.28064,0.8813955187797546,-1,-1,-1
2030,5,1229.1017,312.50253,196.95067999999992,158.18273999999997,0.882786750793457,-1,-1,-1
2031,5,1240.8805,308.87534,184.87536999999998,155.52285999999998,0.8945205807685852,-1,-1,-1
2032,5,1246.0857,302.94827,180.58203000000003,156.08727999999996,0.9014477729797363,-1,-1,-1
2033,5,1252.1904,297.62064,175.75610000000006,154.06952,0.8985055685043335,-1,-1,-1
2034,5,1255.4843,296.33038,173.9682600000001,148.87720000000002,0.8832411170005798,-1,-1,-1
2035,5,1262.5626,289.4725,166.53528000000006,148.79433999999998,0.890454888343811,-1,-1,-1
2036,5,1262.9758,284.24673,167.28539999999998,149.49151999999998,0.8911786079406738,-1,-1,-1
2037,5,1268.564,279.6089,161.63037000000008,146.96652,0.9026045203208923,-1,-1,-1
2038,5,1269.918,274.72513,160.82727,147.62100000000004,0.8672965168952942,-1,-1,-1
2039,5,1269.6626,270.29684,158.05139000000008,145.04458999999997,0.864616870880127,-1,-1,-1
2040,5,1267.0183,265.90396,158.74767999999995,143.23877,0.8688174486160278,-1,-1,-1
2041,5,1264.7772,263.14246,159.8016399999999,140.53319999999997,0.8686746954917908,-1,-1,-1
2042,5,1262.185,259.07092,157.73486000000003,137.8743,0.8617061972618103,-1,-1,-1
2043,5,1257.6315,256.3041,158.28186000000005,133.50262000000004,0.8358219861984253,-1,-1,-1
2044,5,1252.8221,251.73006,157.20361000000003,131.31902,0.8551629185676575,-1,-1,-1
2045,5,1247.8186,246.4882,154.66967999999997,133.04677000000004,0.8795951008796692,-1,-1,-1
2046,5,1241.8557,240.7122,157.1343999999999,133.74709000000001,0.8717793822288513,-1,-1,-1
2047,5,1234.098,235.83571,156.87133999999992,132.94959999999998,0.8897222876548767,-1,-1,-1
2048,5,1232.739,232.80228,151.1781000000001,127.00903,0.8747640252113342,-1,-1,-1
2049,5,1225.2933,229.35643,154.3212900000001,128.00456000000003,0.862988293170929,-1,-1,-1
2050,5,1219.8655,226.57248,152.63402999999994,128.41869999999997,0.8817173838615417,-1,-1,-1
2051,5,1212.586,221.76717,152.81079,125.76435999999998,0.8943935036659241,-1,-1,-1
2052,5,1209.1787,217.23602,149.42772999999988,126.80426,0.8952152132987976,-1,-1,-1
2053,5,1202.0754,214.10063,151.30919999999992,124.27036999999999,0.9049083590507507,-1,-1,-1
2054,5,1196.8123,210.38382,149.08447,123.63602,0.8788831830024719,-1,-1,-1
2055,5,1193.0916,206.62181,145.46911999999998,123.68721000000002,0.8651388883590698,-1,-1,-1
2056,5,1182.9456,203.48735,148.61389000000008,122.46431000000001,0.8907673358917236,-1,-1,-1
2057,5,1177.3901,200.41585,146.88293,120.82081600000001,0.8734716773033142,-1,-1,-1
2058,5,1171.8215,197.11606,146.35546999999997,119.23559599999999,0.8942596316337585,-1,-1,-1
2059,5,1162.9735,193.25565,148.94201999999996,119.40145999999999,0.9076133370399475,-1,-1,-1
2060,5,1159.3247,190.43103,145.52625000000012,117.33673000000002,0.8818830251693726,-1,-1,-1
2061,5,1151.6722,187.35422,144.75353999999993,114.51868000000002,0.8831174373626709,-1,-1,-1
2062,5,1145.8483,184.15746,144.80675999999994,113.03934999999998,0.8650615215301514,-1,-1,-1
2063,5,1140.4796,180.20065,143.3048100000001,113.03992,0.8640676140785217,-1,-1,-1
2064,5,1134.264,178.01656,139.77306999999996,113.02894599999999,0.8600362539291382,-1,-1,-1
2065,5,1128.9493,176.518,136.26342999999997,110.00989000000001,0.8478853702545166,-1,-1,-1
2066,5,1123.7338,174.03029,136.04187000000002,108.19679,0.8535252213478088,-1,-1,-1
2067,5,1115.1594,170.80962,136.58837999999992,106.57704000000001,0.8796567916870117,-1,-1,-1
2068,5,1109.2625,167.31757,137.8273999999999,106.55649,0.8836861252784729,-1,-1,-1
2069,5,1104.1536,164.78212,135.94739000000004,106.10786400000003,0.8726105093955994,-1,-1,-1
2070,5,1098.2551,161.30318,132.97937000000002,105.35825999999997,0.8697260022163391,-1,-1,-1
2071,5,1094.9727,158.68051,132.01819,104.58935499999998,0.8700526356697083,-1,-1,-1
2072,5,1088.9314,155.53973,132.0849599999999,104.19971000000001,0.8727108240127563,-1,-1,-1
2073,5,1084.3047,154.26202,127.71423000000004,101.27629000000002,0.8899185657501221,-1,-1,-1
2074,5,1078.4047,152.95177,127.0760499999999,99.954544,0.8517345786094666,-1,-1,-1
2075,5,1074.1144,150.46353,123.98022500000002,99.07544000000001,0.8650228381156921,-1,-1,-1
2076,5,1069.5741,147.84953,118.8919699999999,97.63959,0.8817408084869385,-1,-1,-1
2077,5,1062.823,145.57843,119.65942399999994,97.20795999999999,0.886587381362915,-1,-1,-1
2078,5,1058.0918,144.82623,120.15796,95.563705,0.8833458423614502,-1,-1,-1
2079,5,1049.2582,141.43329,122.19579999999996,94.853226,0.8692787885665894,-1,-1,-1
2080,5,1044.069,138.9108,122.0502899999999,93.23723999999999,0.8526661396026611,-1,-1,-1
2081,5,1039.1324,137.38051,121.09557999999993,92.74103,0.8644158840179443,-1,-1,-1
2082,5,1034.327,134.93135,119.24279999999999,91.55993999999998,0.8697328567504883,-1,-1,-1
2083,5,1030.2543,132.87265,118.74890000000005,91.15367,0.8960053324699402,-1,-1,-1
2084,5,1025.5725,133.6759,115.33764999999994,87.34857,0.859623372554779,-1,-1,-1
2085,5,1022.3119,130.95436,113.41089,89.25470000000001,0.8386164307594299,-1,-1,-1
2086,5,1016.0437,129.94856,114.80810500000007,87.402084,0.8176633715629578,-1,-1,-1
2087,5,1009.8984,126.51773,113.55194000000006,86.38603,0.8145837783813477,-1,-1,-1
2088,5,1006.7303,125.801544,112.38422000000003,84.68415999999999,0.802923858165741,-1,-1,-1
2089,5,1002.2046,124.4018,111.75109999999995,84.44404000000002,0.8101537823677063,-1,-1,-1
2090,5,994.46106,121.7741,114.82153000000005,86.13961,0.8191012144088745,-1,-1,-1
2091,5,991.6767,120.14144,109.9196199999999,84.96377,0.79273921251297,-1,-1,-1
2092,5,987.04645,118.50733,110.24029500000006,84.624886,0.7202867865562439,-1,-1,-1
2093,5,979.69257,114.90194,111.1015000000001,85.39500000000001,0.7463903427124023,-1,-1,-1
2094,5,977.42883,113.92903,107.33325000000002,83.52235400000002,0.6159648895263672,-1,-1,-1
2018,1,0.0,445.75104,455.44775,206.21173,0.7406982183456421,-1,-1,-1
2019,1,35.21238,444.62347,486.83633000000003,205.73755000000006,0.8193751573562622,-1,-1,-1
2020,1,95.3992,439.92813,503.75894,205.98447,0.7804148197174072,-1,-1,-1
2021,1,162.03432,439.68616,498.15936,201.76917000000003,0.8231906890869141,-1,-1,-1
2022,1,227.3898,435.45868,494.71102999999994,204.79541,0.8006181716918945,-1,-1,-1
2023,1,289.16476,436.15045,486.7831,200.1875,0.8335490822792053,-1,-1,-1
2024,1,349.81708,430.27808,483.80127,204.52649000000002,0.8213033080101013,-1,-1,-1
2025,1,413.819,426.1198,471.92299999999994,205.35138,0.8402584791183472,-1,-1,-1
2026,1,476.03973,423.77582,453.8158,203.41120000000006,0.8492555022239685,-1,-1,-1
2027,1,530.2012,422.2382,446.71808,200.55862000000002,0.8279987573623657,-1,-1,-1
2028,1,595.6072,419.42395,432.03185999999994,199.74907999999994,0.8653695583343506,-1,-1,-1
2029,1,648.66815,412.99448,416.01862000000006,202.17990000000003,0.8541531562805176,-1,-1,-1
2030,1,695.7205,403.11273,415.9297500000001,203.66808999999995,0.8650816082954407,-1,-1,-1
2031,1,754.81537,399.60822,406.4909,201.76489999999995,0.856617271900177,-1,-1,-1
2032,1,797.9616,399.12753,407.24762,196.02126999999996,0.8530882000923157,-1,-1,-1
2033,1,845.25323,395.3964,388.12456999999995,194.97250000000003,0.8627365231513977,-1,-1,-1
2034,1,884.9987,389.4987,383.5327800000001,193.56540000000007,0.8553394079208374,-1,-1,-1
2035,1,932.69354,383.0239,360.0754999999999,192.3682,0.8786683678627014,-1,-1,-1
2036,1,968.0211,377.15152,350.62585,191.01670000000001,0.8830111622810364,-1,-1,-1
2037,1,1009.1008,371.88736,327.4552,189.38858,0.8847182393074036,-1,-1,-1
2038,1,1043.2618,373.8827,315.90686000000005,178.87585,0.8930800557136536,-1,-1,-1
2039,1,1070.9747,363.50238,304.00574000000006,182.72320000000002,0.8770800828933716,-1,-1,-1
2040,1,1093.6909,365.86307,298.11267,171.92068000000006,0.8832985162734985,-1,-1,-1
2041,1,1130.9371,358.00784,267.2212999999999,172.51882999999998,0.8665789365768433,-1,-1,-1
2042,1,1152.9509,353.83334,255.61754999999994,171.94186000000002,0.8660274147987366,-1,-1,-1
2043,1,1170.7067,347.8252,243.11877000000004,167.69171000000006,0.8812723159790039,-1,-1,-1
2044,1,1194.1373,344.28094,228.97205000000008,162.38558999999998,0.8714523315429688,-1,-1,-1
2045,1,1210.8281,341.25256,215.70165999999995,157.24720000000002,0.871282696723938,-1,-1,-1
2046,1,1226.6545,335.63312,203.75243999999998,154.55106,0.8763265609741211,-1,-1,-1
2047,1,1243.4302,332.6629,191.9565399999999,149.94403,0.8794641494750977,-1,-1,-1
2048,1,1250.9816,327.22192,183.58556999999996,149.15784000000002,0.8841657042503357,-1,-1,-1
2049,1,1262.2761,320.83905,175.62878,149.09679999999997,0.8757891654968262,-1,-1,-1
2050,1,1269.6678,316.87985,169.01367000000005,146.2106,0.8760587573051453,-1,-1,-1
2051,1,1272.9521,309.5808,165.85779000000002,145.38477,0.8824729919433594,-1,-1,-1
2052,1,1277.565,303.75757,160.7406000000001,144.00311,0.8712875843048096,-1,-1,-1
2053,1,1276.8395,300.44727,160.18433000000005,139.44135,0.8848294615745544,-1,-1,-1
2054,1,1281.9324,292.00052,155.67444,141.51654000000002,0.8836113810539246,-1,-1,-1
2055,1,1280.2892,286.77884,155.06140000000005,139.21533,0.8892201781272888,-1,-1,-1
2056,1,1278.1802,281.36615,155.69237999999996,138.51514000000003,0.8875266313552856,-1,-1,-1
2057,1,1275.6337,276.1993,152.3693800000001,136.60355000000004,0.882483184337616,-1,-1,-1
2058,1,1269.669,270.47974,156.12987999999996,136.69588999999996,0.8868823647499084,-1,-1,-1
2059,1,1265.708,267.60907,154.38074000000006,134.70114,0.8808281421661377,-1,-1,-1
2060,1,1259.2008,262.42828,154.03491000000008,132.52704,0.8977636098861694,-1,-1,-1
2061,1,1253.4711,257.49857,153.4593500000001,131.54589999999996,0.8964579701423645,-1,-1,-1
2062,1,1248.0223,253.81415,148.90355999999997,128.19954999999996,0.8891825675964355,-1,-1,-1
2063,1,1242.3064,246.36296,148.81213000000002,129.71396999999996,0.8890153765678406,-1,-1,-1
2064,1,1234.9413,241.6382,146.7786900000001,129.12778999999998,0.8916466236114502,-1,-1,-1
2065,1,1230.2524,235.6039,143.85498000000007,128.97160000000002,0.8995625376701355,-1,-1,-1
2066,1,1221.2006,233.94902,144.9076,125.6534,0.8897243738174438,-1,-1,-1
2067,1,1214.3197,228.58711,143.77892999999995,124.49318,0.8884297609329224,-1,-1,-1
2068,1,1210.9681,228.45445,140.89282000000003,120.91218600000002,0.8875733017921448,-1,-1,-1
2069,1,1204.629,224.5149,141.32886000000008,119.81619,0.8923119902610779,-1,-1,-1
2070,1,1200.5197,218.79427,137.97180000000003,121.18754599999997,0.8919968008995056,-1,-1,-1
2071,1,1192.9694,214.60715,139.59179999999992,119.80499000000003,0.8793830275535583,-1,-1,-1
2072,1,1188.6481,210.55453,137.14551000000006,119.954834,0.8724236488342285,-1,-1,-1
2073,1,1182.0812,208.78459,137.75854000000004,115.96760600000002,0.8679353594779968,-1,-1,-1
2074,1,1178.8229,205.90329,133.3003000000001,113.82934600000002,0.8829459547996521,-1,-1,-1
2075,1,1172.0029,202.50359,134.05468999999994,112.35506000000001,0.8817036747932434,-1,-1,-1
2076,1,1166.5873,199.63295,130.4644800000001,111.391525,0.88486248254776,-1,-1,-1
2077,1,1159.0299,193.93225,133.13085999999998,111.84051499999998,0.8672802448272705,-1,-1,-1
2078,1,1156.592,189.42664,129.71667000000002,111.24039000000002,0.8690279126167297,-1,-1,-1
2079,1,1147.357,187.9088,130.66735999999992,108.69673000000003,0.8772727251052856,-1,-1,-1
2080,1,1141.7689,183.93361,128.42516999999998,107.44481000000002,0.8630192875862122,-1,-1,-1
2081,1,1137.3131,182.5033,126.95837400000005,105.49666999999997,0.8560827970504761,-1,-1,-1
2082,1,1133.5239,180.50754,124.84728999999993,104.58670000000001,0.8648450970649719,-1,-1,-1
2083,1,1126.4597,178.05275,126.02331499999991,103.12804,0.8707652688026428,-1,-1,-1
2084,1,1119.097,175.032,126.64587400000005,104.41069000000002,0.8767290711402893,-1,-1,-1
2085,1,1113.3553,172.63554,126.31067000000007,101.26810999999998,0.8701663613319397,-1,-1,-1
2086,1,1106.672,169.29965,127.54114000000004,101.28545999999997,0.8627882599830627,-1,-1,-1
2087,1,1098.2638,165.42453,130.0190399999999,100.60324000000003,0.8528050184249878,-1,-1,-1
2088,1,1094.3843,161.52248,127.57091999999989,99.93895,0.8216545581817627,-1,-1,-1
2089,1,1089.7635,160.24895,124.07458500000007,97.81807,0.8495572209358215,-1,-1,-1
2090,1,1082.9208,157.6204,124.18212999999992,97.53175000000002,0.8590496778488159,-1,-1,-1
2091,1,1081.4014,156.13737,119.93677000000002,96.55568,0.8513286709785461,-1,-1,-1
2092,1,1071.8046,154.0984,122.60473999999999,95.02003499999998,0.8589558005332947,-1,-1,-1
2093,1,1065.976,151.98337,119.60412599999995,92.52101000000002,0.857092022895813,-1,-1,-1
2094,1,1060.7562,148.90753,118.45459000000005,92.67432,0.8715646862983704,-1,-1,-1
2095,1,1055.5485,147.06816,115.73913599999992,91.04677999999998,0.8525447249412537,-1,-1,-1
2096,1,1052.1938,145.9503,111.9189449999999,89.53770399999999,0.8474324345588684,-1,-1,-1
2097,1,1041.3152,143.61914,116.89856000000009,87.79740999999999,0.8432649374008179,-1,-1,-1
2098,1,1038.4669,142.5371,113.70141599999988,86.75377,0.8479486107826233,-1,-1,-1
2099,1,1030.6558,139.77582,113.53906000000006,86.08897400000001,0.852220356464386,-1,-1,-1
2100,1,1028.5496,137.29176,108.24927000000002,86.76749000000001,0.8530834913253784,-1,-1,-1
2101,1,1022.12805,136.51302,110.65978999999993,84.66022999999998,0.8271897435188293,-1,-1,-1
2102,1,1014.20465,134.14563,112.05340600000011,83.97954999999999,0.7652039527893066,-1,-1,-1
2103,1,1008.1292,132.18015,111.40459999999996,83.63059999999999,0.7608002424240112,-1,-1,-1
2104,1,1003.3165,130.09831,108.67761000000007,83.08084,0.7346619367599487,-1,-1,-1
2105,1,1000.6198,128.8117,106.55829000000006,82.48571999999999,0.7003971934318542,-1,-1,-1
1927,2,799.0306,107.21222,110.31848000000002,88.23003,0.7581636905670166,-1,-1,-1
1928,2,802.4565,107.50837,109.42931999999996,88.77504999999998,0.8251189589500427,-1,-1,-1
1929,2,806.6424,110.30928,107.51379399999996,88.30329999999998,0.8248225450515747,-1,-1,-1
1930,2,811.08514,111.754265,105.50824,88.28475,0.8352519273757935,-1,-1,-1
1931,2,812.1343,112.89331,108.36730999999997,89.3472,0.8283782601356506,-1,-1,-1
1932,2,815.8877,113.74382,109.01849000000004,89.82242,0.8208198547363281,-1,-1,-1
1933,2,820.82684,114.95392,108.46776999999997,89.31564000000002,0.8120762705802917,-1,-1,-1
1934,2,823.77356,113.60395,104.97729500000003,92.501305,0.8310271501541138,-1,-1,-1
1935,2,824.9602,114.09948,106.79065000000003,93.68361999999999,0.8560887575149536,-1,-1,-1
1936,2,827.2323,116.33418,108.58166500000004,94.98367000000002,0.866270899772644,-1,-1,-1
1937,2,831.21796,119.181625,108.53485,91.644714,0.8543675541877747,-1,-1,-1
1938,2,832.48724,119.269,110.54010000000005,93.80899,0.869897186756134,-1,-1,-1
1939,2,835.8088,121.29947,109.18109000000004,92.76431000000001,0.8676920533180237,-1,-1,-1
1940,2,836.5675,121.74716,110.55060000000003,94.14699,0.8655620217323303,-1,-1,-1
1941,2,839.03235,122.43881,111.84198000000004,96.76346,0.8675494194030762,-1,-1,-1
1942,2,839.84314,122.64237,115.73230000000001,97.13032000000001,0.8716269135475159,-1,-1,-1
1943,2,841.17206,123.09567,118.73839999999996,98.75483999999999,0.8745944499969482,-1,-1,-1
1944,2,845.0491,125.263115,117.04967999999997,98.37478000000002,0.8707655668258667,-1,-1,-1
1945,2,847.1796,124.1769,116.65307599999994,99.79777,0.8771678805351257,-1,-1,-1
1946,2,850.1934,125.327644,114.90625,101.620155,0.8446759581565857,-1,-1,-1
1947,2,850.30743,126.00865,116.46857,102.21324,0.8426910042762756,-1,-1,-1
1948,2,851.91565,128.0338,115.95087000000001,99.17758,0.8451655507087708,-1,-1,-1
1949,2,852.7544,128.37807,116.93706999999995,101.09852600000002,0.8463032841682434,-1,-1,-1
1950,2,854.1842,130.54335,118.07135000000005,101.06088,0.8614752888679504,-1,-1,-1
1951,2,856.5843,131.41464,116.72125000000005,101.9086,0.8670679926872253,-1,-1,-1
1952,2,857.10815,131.66821,117.80798000000004,103.83449999999999,0.8754118084907532,-1,-1,-1
1953,2,859.35,133.28723,118.28552000000002,104.11249999999998,0.8801422119140625,-1,-1,-1
1954,2,861.6783,134.02647,118.63287000000003,103.70680000000002,0.8843073844909668,-1,-1,-1
1955,2,861.80334,135.97043,120.47100999999998,105.07586999999998,0.8849536180496216,-1,-1,-1
1956,2,866.45355,138.35326,118.79443000000003,103.87186,0.8784342408180237,-1,-1,-1
1957,2,866.74286,138.98291,121.94890999999996,105.802505,0.8815184235572815,-1,-1,-1
1958,2,869.4043,141.4207,123.81659000000002,104.67166,0.8760191798210144,-1,-1,-1
1959,2,869.4417,141.63138,126.31348000000003,106.83649,0.8759967684745789,-1,-1,-1
1960,2,874.24695,143.98108,123.16717500000004,105.58101000000002,0.8754909634590149,-1,-1,-1
1961,2,875.3426,145.47102,124.73846400000002,104.423325,0.8764401078224182,-1,-1,-1
1962,2,878.79224,146.63972,121.38415499999996,103.831436,0.8737722635269165,-1,-1,-1
1963,2,878.96466,148.4579,124.26977499999998,104.22224399999999,0.8725727200508118,-1,-1,-1
1964,2,880.79114,149.23181,122.45245,104.35557599999999,0.8691992163658142,-1,-1,-1
1965,2,881.8466,150.74454,122.97271999999998,103.492096,0.8674733638763428,-1,-1,-1
1966,2,883.1639,152.16562,123.60326999999995,104.74908399999998,0.8575949668884277,-1,-1,-1
1967,2,884.357,152.38712,124.48450000000003,105.18474999999998,0.8638597130775452,-1,-1,-1
1968,2,886.7363,153.23672,123.13445999999999,106.04654,0.8601812720298767,-1,-1,-1
1969,2,887.59204,154.7978,126.03857400000004,107.76972999999998,0.8654071688652039,-1,-1,-1
1970,2,889.12885,154.74915,124.30456500000003,107.43555000000003,0.8687314987182617,-1,-1,-1
1971,2,890.7981,157.22644,126.06763000000001,108.98119999999997,0.8619793653488159,-1,-1,-1
1972,2,892.3024,158.22675,126.09466599999996,110.10510000000002,0.8724693059921265,-1,-1,-1
1973,2,893.4609,159.71986,124.25860599999999,109.272415,0.8724880814552307,-1,-1,-1
1974,2,893.59033,161.85985,127.35876499999995,109.86012,0.8682864904403687,-1,-1,-1
1975,2,894.5939,163.12064,127.01684599999999,109.71056999999999,0.8641857504844666,-1,-1,-1
1976,2,894.58344,163.69954,129.57696999999996,110.7328,0.8695625066757202,-1,-1,-1
1977,2,895.3709,164.34665,129.97881999999993,112.61606,0.8722254037857056,-1,-1,-1
1978,2,899.22595,166.82956,127.29773,110.44427499999998,0.8726232051849365,-1,-1,-1
1979,2,899.3597,165.67865,128.91778999999997,113.07638500000002,0.8575706481933594,-1,-1,-1
1980,2,899.5486,165.73413,129.2973599999999,115.12426999999997,0.8687552809715271,-1,-1,-1
1981,2,901.64154,169.06927,127.39007600000002,109.49728400000001,0.8389739990234375,-1,-1,-1
1982,2,902.3642,168.99387,127.50250000000005,112.57385000000002,0.8272157311439514,-1,-1,-1
1983,2,903.13495,170.83582,127.75042999999994,112.12347399999999,0.7757480144500732,-1,-1,-1
1984,2,902.599,170.0037,130.0202599999999,113.19091999999998,0.8310272097587585,-1,-1,-1
1985,2,901.0441,170.8758,129.78534000000002,114.07037,0.7119572758674622,-1,-1,-1
1986,2,900.15027,171.24019,131.57190000000003,113.91972000000001,0.6910925507545471,-1,-1,-1
1987,2,903.66766,171.34047,130.99016999999992,114.19383000000002,0.6304023265838623,-1,-1,-1
987,8,1404.4406,476.20868,482.2281499999999,192.17328000000003,0.715480387210846,-1,-1,-1
988,8,1326.9512,469.98422,473.1385500000001,187.01901000000004,0.7690442800521851,-1,-1,-1
989,8,1239.0638,468.21536,475.1848,183.87344000000002,0.7492676973342896,-1,-1,-1
990,8,1158.2128,461.07443,488.47450000000003,184.37893999999994,0.7436803579330444,-1,-1,-1
991,8,1069.5743,454.85522,468.71155,178.68530000000004,0.7600643038749695,-1,-1,-1
992,8,990.79095,448.43597,463.9462300000001,178.41809,0.7763198614120483,-1,-1,-1
993,8,916.3212,445.1832,459.2359,174.00619999999998,0.7714307904243469,-1,-1,-1
994,8,820.16705,441.8988,460.2283299999999,169.71325999999993,0.7686636447906494,-1,-1,-1
995,8,729.3437,432.7267,457.87982,170.48751999999996,0.7806665301322937,-1,-1,-1
996,8,649.2741,427.72095,441.1615600000001,165.03972999999996,0.7524871826171875,-1,-1,-1
997,8,564.38196,423.80658,441.86572,160.88061999999996,0.7341254949569702,-1,-1,-1
998,8,472.9057,421.1937,444.6243999999999,157.51443,0.7083818316459656,-1,-1,-1
999,8,394.0276,419.4196,428.07012999999995,153.37349999999998,0.6038962602615356,-1,-1,-1
1000,8,297.1377,412.687,427.84717,152.22582999999997,0.6635512113571167,-1,-1,-1
1004,8,308.68536,424.84448,429.06036,202.4289,0.6737526655197144,-1,-1,-1
1005,8,223.03288,423.4798,435.0409000000001,194.56896999999998,0.7432211637496948,-1,-1,-1
1006,8,136.07814,418.62076,420.19708,190.19919000000004,0.6786783337593079,-1,-1,-1
1007,8,55.696217,417.07578,428.44992,186.94595000000004,0.6743360161781311,-1,-1,-1
1008,8,0.0,413.79608,368.79858,177.44751000000002,0.7058167457580566,-1,-1,-1
1009,8,0.03141403,407.9521,309.32227,178.0575,0.8066733479499817,-1,-1,-1
1010,8,0.25553223,396.50085,230.2249,186.02710000000002,0.74381422996521,-1,-1,-1
2094,4,0.20210265,599.4294,757.28046,383.03888000000006,0.7630677819252014,-1,-1,-1
2095,4,32.98965,603.32275,855.62177,395.59753,0.7498839497566223,-1,-1,-1
2096,4,201.09514,619.4809,838.5229,402.09113,0.7901428937911987,-1,-1,-1
2097,4,296.97543,630.872,892.3882000000001,412.56720000000007,0.7550829648971558,-1,-1,-1
2098,4,435.91263,652.6651,936.7124999999999,412.6121199999999,0.6860928535461426,-1,-1,-1
2099,4,586.0503,661.2635,952.13416,418.7365,0.7652748823165894,-1,-1,-1
2100,4,706.28674,674.37177,1040.8977,405.62823000000003,0.6978468894958496,-1,-1,-1
1327,3,0.0,598.2892,524.66235,365.4167,0.7097801566123962,-1,-1,-1
1328,3,24.470613,640.1415,804.13086,372.38635,0.7601627707481384,-1,-1,-1
