2108,1,0.0,416.3893,187.2383,141.10764,0.787531852722168,-1,-1,-1
2109,1,1.4671707,410.90643,205.60947,142.15741000000003,0.8087708950042725,-1,-1,-1
2107,2,701.6729,174.49913,144.23535000000004,91.5735,0.7845554351806641,-1,-1,-1
2108,2,693.0449,173.84041,148.50525000000005,93.15428,0.7181994915008545,-1,-1,-1
2109,2,683.6334,172.38034,147.22626000000002,94.39148,0.8111814856529236,-1,-1,-1
1649,4,262.40057,193.09338,98.07117,90.43535999999997,0.6087651252746582,-1,-1,-1
1650,4,267.413,197.62814,96.29016000000001,90.07314999999997,0.6468122601509094,-1,-1,-1
1651,4,269.48907,200.29767,100.86917,90.64406999999997,0.7181380391120911,-1,-1,-1
1652,4,274.7656,203.99031,100.61172500000004,91.54362499999999,0.7229978442192078,-1,-1,-1
1653,4,278.53424,207.17267,102.81792999999999,91.98685000000003,0.7876885533332825,-1,-1,-1
1654,4,282.0229,209.97467,102.55337500000002,91.01080000000002,0.7911550402641296,-1,-1,-1
1655,4,284.77405,212.68625,110.71087999999997,98.56958,0.8225553631782532,-1,-1,-1
1656,4,289.5592,215.19315,111.16437000000002,99.45968999999997,0.8288292288780212,-1,-1,-1
1657,4,294.33936,218.9531,109.36090000000002,96.992096,0.8089999556541443,-1,-1,-1
1658,4,297.77972,222.97005,113.02429000000001,98.36934,0.8008377552032471,-1,-1,-1
1659,4,303.377,227.64697,114.61569000000003,99.81744400000002,0.8432587385177612,-1,-1,-1
1660,4,310.68723,231.99399,115.98208599999998,102.90807999999998,0.837621808052063,-1,-1,-1
1661,4,313.25378,235.1426,120.84487999999999,103.88270600000001,0.8284144401550293,-1,-1,-1
1662,4,321.90976,240.28995,118.81896999999998,103.54294000000002,0.8270158767700195,-1,-1,-1
1663,4,325.4129,246.43475,126.57013,106.35183999999998,0.8443662524223328,-1,-1,-1
1664,4,336.35077,250.58841,127.64337,113.65774500000003,0.8626430034637451,-1,-1,-1
1665,4,340.30856,257.33044,136.63101,119.24042000000003,0.8322950601577759,-1,-1,-1
1666,4,347.73697,263.40417,137.91564999999997,122.95177999999999,0.8653645515441895,-1,-1,-1
1667,4,353.88513,270.32294,142.92327999999998,122.18799000000001,0.8569376468658447,-1,-1,-1
1668,4,365.35376,276.15942,148.3327,131.21011,0.8517109751701355,-1,-1,-1
1669,4,373.5285,284.15027,150.74329,134.73901,0.8499018549919128,-1,-1,-1
1670,4,384.00986,295.8271,157.81899999999996,141.87921,0.8446919918060303,-1,-1,-1
1671,4,390.9945,301.51193,175.42589999999996,157.76851999999997,0.8515957593917847,-1,-1,-1
1672,4,405.92087,316.73547,175.21555000000006,157.20435000000003,0.8277663588523865,-1,-1,-1
1673,4,416.3141,331.0351,190.33520000000004,169.43616000000003,0.8528721928596497,-1,-1,-1
1674,4,432.3368,340.71832,191.16327000000007,169.29608000000002,0.8515207171440125,-1,-1,-1
1675,4,446.0468,359.78918,202.97858000000002,181.85352,0.8647125959396362,-1,-1,-1
1676,4,467.7329,375.12152,223.47362999999996,206.29388,0.8291608691215515,-1,-1,-1
1677,4,481.36856,391.96558,236.21438999999998,206.67028999999997,0.8447805047035217,-1,-1,-1
1678,4,506.12878,412.2846,235.28972999999996,215.22827,0.8700988292694092,-1,-1,-1
1679,4,529.37463,437.1669,243.41803000000004,224.85397000000006,0.8410742282867432,-1,-1,-1
1680,4,554.4697,461.68402,258.25134,241.16912999999994,0.8474957942962646,-1,-1,-1
1681,4,582.8763,492.4478,268.73961999999995,244.87396000000007,0.8275463581085205,-1,-1,-1
1682,4,616.43726,522.5406,277.6039999999999,260.79162999999994,0.8113691210746765,-1,-1,-1
1683,4,649.74194,549.0775,288.66675,277.25635,0.8114010691642761,-1,-1,-1
1684,4,681.35046,587.65326,295.69995000000006,282.84814000000006,0.8151546120643616,-1,-1,-1
1685,4,714.9169,624.77075,303.09448,286.75903000000005,0.8270447850227356,-1,-1,-1
1686,4,755.36694,667.3915,309.9210200000001,283.64746,0.8116506338119507,-1,-1,-1
1687,4,802.66516,707.2159,289.79358,252.78412000000003,0.7458399534225464,-1,-1,-1
1786,3,249.17316,193.62912,93.68756000000002,85.23534999999998,0.6222367882728577,-1,-1,-1
1787,3,256.66144,197.90967,90.78686499999998,87.471924,0.6116335391998291,-1,-1,-1
1788,3,260.21957,200.31055,97.28170999999998,92.91656500000002,0.7596641182899475,-1,-1,-1
1789,3,264.33255,206.02876,97.71224999999998,91.09306000000001,0.7862182259559631,-1,-1,-1
1790,3,272.89676,209.62044,97.50527999999997,93.49717999999999,0.8102442026138306,-1,-1,-1
1791,3,276.54565,215.8207,101.85149999999999,92.89454999999998,0.7900961637496948,-1,-1,-1
1792,3,283.29852,218.77386,104.70834000000002,97.60977000000003,0.8227381110191345,-1,-1,-1
1793,3,293.0897,226.12358,105.68081999999998,99.59395,0.8073580265045166,-1,-1,-1
1794,3,296.65186,229.0329,110.26128999999997,102.77777,0.8223605751991272,-1,-1,-1
1795,3,305.7449,234.47456,114.94094999999999,108.30878999999999,0.8500592112541199,-1,-1,-1
1796,3,312.482,242.84492,120.45013399999999,108.52598599999999,0.8481535911560059,-1,-1,-1
1797,3,321.6977,248.59879,126.23626999999999,116.4794,0.8469499349594116,-1,-1,-1
1798,3,334.1994,257.975,126.93581999999998,121.15848,0.8317359685897827,-1,-1,-1
1799,3,342.8426,265.9516,134.78942999999998,125.7561,0.850569486618042,-1,-1,-1
1800,3,352.27136,273.60153,141.23059,134.23195999999996,0.8328286409378052,-1,-1,-1
1801,3,364.45648,287.3729,151.84856999999994,142.20291000000003,0.8448283076286316,-1,-1,-1
1802,3,378.9038,296.13477,156.28113000000002,154.60983,0.8404687643051147,-1,-1,-1
1803,3,394.02817,313.47638,170.90456999999998,163.28573999999998,0.8367975950241089,-1,-1,-1
1804,3,408.20074,330.0979,184.60235999999998,174.47165,0.8134406208992004,-1,-1,-1
1805,3,429.38187,348.40442,191.31693,186.95795000000004,0.8206839561462402,-1,-1,-1
1806,3,452.49023,373.57153,229.51062000000002,213.67737000000005,0.7700101137161255,-1,-1,-1
1807,3,475.18524,395.9535,217.07677999999999,210.46612999999996,0.8180106282234192,-1,-1,-1
1808,3,498.6058,419.4192,233.47336,222.32244999999995,0.8206336498260498,-1,-1,-1
1809,3,527.20465,449.8266,250.04143999999997,238.76776000000007,0.8016852736473083,-1,-1,-1
1810,3,555.6355,483.20215,264.39697,242.18414,0.7895533442497253,-1,-1,-1
1811,3,587.07263,518.84796,284.375,261.71735,0.7861474752426147,-1,-1,-1
1812,3,616.0578,551.089,303.88086,279.46582,0.8021715879440308,-1,-1,-1
1813,3,656.59546,600.44104,312.4484299999999,281.8960000000001,0.801800549030304,-1,-1,-1
1814,3,708.1398,647.9709,308.82727,282.91016,0.8236104846000671,-1,-1,-1
1815,3,764.99097,698.6128,300.13574000000006,259.813,0.8065045475959778,-1,-1,-1
1688,5,207.10858,160.40973,96.58697500000002,87.52689999999998,0.6748000383377075,-1,-1,-1
1689,5,209.0108,160.3858,99.60427999999999,88.828125,0.7241840958595276,-1,-1,-1
1690,5,211.5657,162.52899,100.97473000000002,89.609344,0.6890451312065125,-1,-1,-1
1691,5,214.56943,164.78242,102.93533000000002,88.86673000000002,0.7283243536949158,-1,-1,-1
1692,5,216.36783,164.84952,101.66040000000001,90.03103999999999,0.7347461581230164,-1,-1,-1
1693,5,218.65692,166.0751,101.56052,90.42348999999999,0.6963174939155579,-1,-1,-1
1694,5,221.20059,166.83754,102.18841599999999,92.21397400000001,0.7267332673072815,-1,-1,-1
1695,5,224.4656,169.65085,101.84744,92.04208,0.7483864426612854,-1,-1,-1
1696,5,224.77115,171.24576,106.55743399999997,92.87607,0.8267412781715393,-1,-1,-1
1697,5,226.99338,172.12454,107.19083,95.17058999999998,0.7721911072731018,-1,-1,-1
1698,5,231.68484,174.10722,107.03326400000003,96.109116,0.7578906416893005,-1,-1,-1
1699,5,233.21762,178.3182,107.620026,96.30090000000001,0.7966094613075256,-1,-1,-1
1700,5,236.978,180.5542,107.42687999999998,95.77087400000002,0.7914992570877075,-1,-1,-1
1701,5,242.18987,183.8417,109.59815999999998,96.40762000000001,0.8079093098640442,-1,-1,-1
1702,5,246.83475,186.7369,109.51822000000001,96.34282000000002,0.8533197641372681,-1,-1,-1
1703,5,252.06467,189.78767,108.717926,97.54453999999998,0.8544361591339111,-1,-1,-1
1704,5,254.82678,192.94235,113.11377000000002,102.16537500000001,0.8269879221916199,-1,-1,-1
1705,5,258.68866,194.9979,112.73696999999999,103.17474000000001,0.8252282738685608,-1,-1,-1
1706,5,262.70596,197.12695,113.46069,106.05614999999997,0.846250057220459,-1,-1,-1
1707,5,268.07153,201.40755,117.97467,109.16144999999997,0.8467757105827332,-1,-1,-1
1708,5,274.66855,205.31299,119.26009999999997,112.373535,0.8429343700408936,-1,-1,-1
1709,5,278.14124,207.49652,122.97829999999999,115.32525999999999,0.8464516997337341,-1,-1,-1
1710,5,282.87378,211.797,124.50125000000003,118.93679999999998,0.8480775952339172,-1,-1,-1
1711,5,288.10132,216.36932,125.38473499999998,119.94622999999999,0.8414291739463806,-1,-1,-1
1712,5,294.0387,222.59793,125.015625,119.88570999999999,0.8286313414573669,-1,-1,-1
1713,5,294.67862,225.46979,133.08325000000002,122.87216000000001,0.8426156640052795,-1,-1,-1
1714,5,302.3203,228.75366,137.96283,128.90273999999997,0.8537324070930481,-1,-1,-1
1715,5,309.6868,232.63031,139.02511999999996,132.92404,0.8538654446601868,-1,-1,-1
1716,5,315.45917,238.43213,139.43160999999998,134.98843000000002,0.852596640586853,-1,-1,-1
1717,5,324.4789,244.91254,148.75937,144.23495,0.8416750431060791,-1,-1,-1
1718,5,331.63184,251.67343,160.31207,155.15207000000004,0.8455054759979248,-1,-1,-1
1719,5,338.88574,259.54852,172.02545000000003,165.04082999999997,0.8173684477806091,-1,-1,-1
1720,5,349.70953,265.79034,177.15197999999998,175.75507,0.8139553070068359,-1,-1,-1
1721,5,356.29776,273.4864,188.15793000000002,182.54822000000001,0.8216314315795898,-1,-1,-1
1722,5,365.98358,284.39096,191.59546000000006,182.13956000000002,0.8324897289276123,-1,-1,-1
1723,5,384.20813,298.00113,226.07592999999997,205.30716,0.7895320057868958,-1,-1,-1
1724,5,398.21866,314.16687,231.03676999999993,211.39795000000004,0.7693752646446228,-1,-1,-1
1725,5,409.09927,327.40707,242.94333,219.09982000000002,0.801933228969574,-1,-1,-1
1726,5,423.70392,342.11078,261.3458299999999,234.96997,0.7476712465286255,-1,-1,-1
1727,5,452.50275,364.72488,262.10846000000004,248.74283000000003,0.7534127831459045,-1,-1,-1
1728,5,459.08188,387.34747,278.26968000000005,247.35901000000007,0.7885429263114929,-1,-1,-1
1729,5,483.92236,404.06036,289.49878,266.30157,0.777667224407196,-1,-1,-1
1730,5,497.89233,425.14166,312.7771,283.36310000000003,0.7449211478233337,-1,-1,-1
1731,5,529.7143,451.85144,321.85126,297.42140000000006,0.7448490858078003,-1,-1,-1
1732,5,557.6301,476.28815,321.1023,290.0747,0.7364737391471863,-1,-1,-1
1733,5,572.925,503.3883,341.43462999999997,284.6098,0.7486913800239563,-1,-1,-1
1734,5,603.61456,528.2469,337.6471,302.01969999999994,0.7686002850532532,-1,-1,-1
1735,5,634.6249,559.4336,344.67865000000006,316.03454999999997,0.7838693261146545,-1,-1,-1
1736,5,675.9125,597.1666,341.45844,322.40734999999995,0.7892738580703735,-1,-1,-1
1737,5,708.0826,635.16266,346.0690299999999,322.33124,0.8018288016319275,-1,-1,-1
1738,5,742.0831,684.93134,349.94860000000006,275.06866,0.8076736330986023,-1,-1,-1
2094,6,975.9114,198.09467,106.38354499999991,83.07184000000001,0.6987358331680298,-1,-1,-1
2095,6,968.8962,197.53693,106.17962999999997,83.50876000000002,0.7675685882568359,-1,-1,-1
2096,6,963.1875,198.87085,104.7817399999999,81.59412,0.6754313111305237,-1,-1,-1
2098,6,944.9191,200.8319,112.24151599999993,82.31757999999999,0.6329711079597473,-1,-1,-1
2099,6,938.05493,199.81433,110.48803999999996,82.04833999999997,0.6062662601470947,-1,-1,-1
2101,6,922.3213,205.83295,106.70654000000002,76.511536,0.6254728436470032,-1,-1,-1
2102,6,904.516,198.76923,115.54931999999997,86.01745599999998,0.7717984318733215,-1,-1,-1
2103,6,895.39185,195.1722,118.66894500000001,89.57774000000003,0.8112837076187134,-1,-1,-1
2104,6,890.0812,193.5019,118.43555000000003,90.31865000000002,0.815184473991394,-1,-1,-1
2105,6,883.248,198.25676,116.89850000000001,84.56087,0.8098634481430054,-1,-1,-1
2106,6,872.5703,203.64755,115.96698000000004,79.08060000000003,0.7824211716651917,-1,-1,-1
2107,6,860.8417,205.07784,116.05846999999994,77.08916000000002,0.7790647745132446,-1,-1,-1
2108,6,846.74854,206.94446,118.45623999999998,76.598206,0.7874541282653809,-1,-1,-1
2109,6,834.92847,207.2957,117.89880000000005,77.48313999999999,0.7727956771850586,-1,-1,-1
