1966,1,1616.5756,323.85556,290.1654000000001,142.33069,0.854087233543396,-1,-1,-1
1967,1,1582.3518,323.72134,281.44457999999986,136.90109999999999,0.8634909391403198,-1,-1,-1
1968,1,1554.7236,321.2778,287.78480000000013,135.85327,0.8477585911750793,-1,-1,-1
1969,1,1523.0579,316.88278,278.94910000000004,138.11026000000004,0.8545219898223877,-1,-1,-1
1970,1,1500.1205,312.98022,270.1639399999999,136.58585,0.8594251871109009,-1,-1,-1
1971,1,1468.1183,307.73755,264.2701400000001,138.35219999999998,0.8703905940055847,-1,-1,-1
1972,1,1449.7695,306.7238,245.79198999999994,136.19326999999998,0.8642334938049316,-1,-1,-1
1973,1,1429.1521,306.3482,238.02794999999992,131.12372,0.7798864841461182,-1,-1,-1
1974,1,1401.6898,300.98428,239.84179999999992,136.28128000000004,0.7520536780357361,-1,-1,-1
1975,1,1381.7933,297.59448,225.74767999999995,136.19315,0.7912936210632324,-1,-1,-1
1976,1,1369.4368,294.36673,213.87194999999997,132.53278,0.8438214659690857,-1,-1,-1
1977,1,1354.5984,287.3046,201.88354000000004,133.53353999999996,0.8391008377075195,-1,-1,-1
1978,1,1335.692,284.90173,198.28809,130.70873999999998,0.8665186166763306,-1,-1,-1
1979,1,1325.5333,281.37067,192.76843000000008,128.67060000000004,0.8677850961685181,-1,-1,-1
1980,1,1311.5056,277.27634,182.76807000000008,128.28064,0.8705607056617737,-1,-1,-1
1981,1,1301.0208,272.55252,170.89013999999997,130.00375000000003,0.8842276930809021,-1,-1,-1
1982,1,1292.2749,270.63657,163.05493,127.98968500000001,0.86933434009552,-1,-1,-1
1983,1,1285.0739,269.11914,155.4493399999999,124.84219000000002,0.8906015157699585,-1,-1,-1
1984,1,1277.3196,265.12967,147.5976599999999,126.732666,0.8787506222724915,-1,-1,-1
1985,1,1268.6843,262.173,143.82312000000002,125.74160999999998,0.888286292552948,-1,-1,-1
1986,1,1261.539,261.88196,142.74218999999994,121.54070999999999,0.8834185004234314,-1,-1,-1
1987,1,1252.8655,259.3143,138.9294400000001,120.49002000000002,0.8837177753448486,-1,-1,-1
1988,1,1247.1456,257.87335,134.74450000000002,118.28326399999997,0.8795231580734253,-1,-1,-1
1989,1,1241.9587,256.86737,131.80896000000007,115.23305999999997,0.8752821683883667,-1,-1,-1
1990,1,1235.0619,254.77634,132.70496000000003,112.92343,0.8948096036911011,-1,-1,-1
1991,1,1233.3057,251.38239,127.2216800000001,113.05304000000001,0.8817357420921326,-1,-1,-1
1992,1,1224.6724,249.78593,128.0993699999999,111.46077000000002,0.8794453740119934,-1,-1,-1
1993,1,1220.5312,246.55621,126.8710900000001,112.15066499999998,0.8941122889518738,-1,-1,-1
1994,1,1215.1321,244.42136,124.08740000000012,111.05844000000002,0.8813993334770203,-1,-1,-1
1995,1,1209.5613,241.95023,123.41942999999992,111.05175999999997,0.8842058181762695,-1,-1,-1
1996,1,1204.8716,239.88051,122.5177000000001,110.06276,0.8698859810829163,-1,-1,-1
1997,1,1200.0154,237.53888,122.4874299999999,109.70116999999999,0.872714102268219,-1,-1,-1
1998,1,1196.8593,234.69504,119.85913000000005,110.87752999999998,0.8698787689208984,-1,-1,-1
1999,1,1189.9126,232.91364,119.03100599999993,108.44842499999999,0.8762198090553284,-1,-1,-1
2000,1,1186.0459,232.13815,115.18615999999997,104.79690600000004,0.8803447484970093,-1,-1,-1
2001,1,1182.0648,230.41998,114.52637000000004,103.05597,0.8726611733436584,-1,-1,-1
2002,1,1178.0911,228.73997,111.99108999999999,102.39595,0.8616403341293335,-1,-1,-1
2003,1,1171.4069,225.01328,113.30249000000003,105.17978,0.8645111918449402,-1,-1,-1
2004,1,1169.8358,223.04419,110.26843000000008,101.82580600000003,0.8579627275466919,-1,-1,-1
2005,1,1166.0997,222.10028,107.52783,98.48801000000003,0.8667439818382263,-1,-1,-1
2006,1,1162.9075,222.05786,106.5472400000001,95.20650999999998,0.8661454319953918,-1,-1,-1
2007,1,1159.0854,220.6619,102.9395750000001,93.99731400000002,0.8705123662948608,-1,-1,-1
2008,1,1154.2769,219.71368,104.2432859999999,91.96493500000003,0.8590755462646484,-1,-1,-1
2009,1,1150.3787,218.36046,102.94311500000003,92.13902000000002,0.8554161787033081,-1,-1,-1
2010,1,1144.1942,215.233,101.82213999999999,93.18774400000001,0.8672677874565125,-1,-1,-1
2011,1,1138.6838,210.29292,103.22388000000001,94.313614,0.8635438084602356,-1,-1,-1
2012,1,1135.1576,209.3577,101.81787000000008,93.32266000000001,0.8524717092514038,-1,-1,-1
2013,1,1131.491,208.12743,101.47802999999999,91.98271,0.8418177962303162,-1,-1,-1
2014,1,1126.7372,207.89212,100.4232199999999,89.604706,0.8404160141944885,-1,-1,-1
2015,1,1123.7391,207.06966,98.73156999999992,89.48091,0.8285585045814514,-1,-1,-1
2016,1,1119.5967,204.78474,95.93285999999989,89.23359999999997,0.7035347819328308,-1,-1,-1
2017,1,1114.5691,203.01,99.140625,90.03233,0.7452502846717834,-1,-1,-1
2018,1,1110.1383,200.7778,98.49036000000001,88.72228999999999,0.6870641708374023,-1,-1,-1
2019,1,1107.7579,200.37016,97.71191399999998,87.49345399999999,0.7066096067428589,-1,-1,-1
2020,1,1103.9044,198.78902,95.34302000000002,86.26829500000002,0.6181832551956177,-1,-1,-1
1727,4,1709.0579,396.89786,210.94213999999988,184.38637999999997,0.6775389313697815,-1,-1,-1
1728,4,1646.2137,395.38058,273.7862499999999,185.86208999999997,0.7909020781517029,-1,-1,-1
1729,4,1589.2725,393.6087,330.72753999999986,188.57709,0.8259533047676086,-1,-1,-1
1730,4,1526.592,392.12622,393.40796,193.18933000000004,0.8398781418800354,-1,-1,-1
1731,4,1464.93,395.37766,444.7765999999999,190.62014999999997,0.8429816961288452,-1,-1,-1
1732,4,1391.7717,392.07703,462.05297999999993,197.25756999999993,0.8470702767372131,-1,-1,-1
1733,4,1313.4221,389.91556,476.81006,201.15688999999998,0.8528586626052856,-1,-1,-1
1734,4,1249.4637,388.95267,471.4792500000001,203.77426000000003,0.8583516478538513,-1,-1,-1
1735,4,1168.3536,390.44934,485.0870399999999,204.04516999999998,0.8426490426063538,-1,-1,-1
1736,4,1076.4965,392.9768,502.38416000000007,209.06213000000002,0.8371137976646423,-1,-1,-1
1737,4,998.492,391.28348,502.88080000000014,213.29495000000003,0.8363199830055237,-1,-1,-1
1738,4,922.9645,394.98193,502.74646000000007,212.39429,0.8347660303115845,-1,-1,-1
1739,4,838.03375,392.8059,510.3034,219.22436999999996,0.8149460554122925,-1,-1,-1
1740,4,728.6336,394.34543,524.9528000000001,223.54086,0.8344369530677795,-1,-1,-1
1741,4,649.2294,397.03604,518.6149999999999,225.02023000000003,0.8215111494064331,-1,-1,-1
1742,4,550.0077,404.43875,521.28796,224.69637999999998,0.8306007385253906,-1,-1,-1
1743,4,463.21683,405.29535,539.89294,229.89000999999996,0.8305455446243286,-1,-1,-1
1744,4,365.24588,412.99283,546.6819,227.55507999999998,0.8166671395301819,-1,-1,-1
1745,4,274.1478,426.02576,544.5082,219.00329999999997,0.8028707504272461,-1,-1,-1
1746,4,185.14806,431.04843,552.4302,220.85183999999998,0.8329572081565857,-1,-1,-1
1747,4,97.76927,429.03113,540.0767,228.70306,0.8094143867492676,-1,-1,-1
1748,4,5.697326,436.21198,528.2567,229.88232,0.8433434963226318,-1,-1,-1
1749,4,0.540018,439.84637,448.25607,230.45733999999993,0.8182069659233093,-1,-1,-1
1750,4,0.0,447.1855,349.0126,230.93494000000004,0.8080635666847229,-1,-1,-1
1751,4,0.20999907,471.01898,259.00882,206.20099,0.6621341705322266,-1,-1,-1
1982,2,758.56244,199.66403,94.03082000000006,82.48718,0.607607901096344,-1,-1,-1
1983,2,757.33685,199.19673,95.56615999999997,84.30381999999997,0.6490837931632996,-1,-1,-1
1984,2,755.32684,200.08168,96.33483999999999,84.514725,0.8034302592277527,-1,-1,-1
1985,2,754.3255,204.57112,96.50384499999996,82.78440999999998,0.721244215965271,-1,-1,-1
1986,2,753.8946,203.73413,97.23498499999994,85.21097000000003,0.8277040123939514,-1,-1,-1
1987,2,751.1004,204.48227,98.23932000000002,86.16936999999999,0.8247948288917542,-1,-1,-1
1988,2,749.9692,207.43407,98.25194999999997,84.88115000000002,0.8055402040481567,-1,-1,-1
1989,2,749.14185,210.51254,99.68151999999998,84.07968,0.810224175453186,-1,-1,-1
1990,2,746.2229,213.2592,99.54638999999997,86.09288000000001,0.8328490257263184,-1,-1,-1
1991,2,746.01843,214.30031,99.67553999999996,85.871475,0.8299657106399536,-1,-1,-1
1992,2,742.96204,216.66403,102.57342500000004,86.58874499999999,0.8610222935676575,-1,-1,-1
1993,2,743.0176,222.29474,100.95678999999996,84.15011599999997,0.8596276640892029,-1,-1,-1
1994,2,742.174,220.86885,102.29485999999997,86.45206999999999,0.8668901324272156,-1,-1,-1
1995,2,740.75653,226.7542,102.09576400000003,84.74464399999997,0.870753824710846,-1,-1,-1
1996,2,736.129,226.17941,107.13818000000003,87.85733000000002,0.8655715584754944,-1,-1,-1
1997,2,735.91,229.52965,106.19799999999998,87.13325500000002,0.8643829226493835,-1,-1,-1
1998,2,732.5233,232.24062,107.17004399999996,88.09627000000003,0.8545530438423157,-1,-1,-1
1999,2,729.63837,231.28685,110.62798999999995,91.44285599999998,0.8654241561889648,-1,-1,-1
2000,2,728.5439,233.774,110.05200000000002,91.91185000000002,0.8496023416519165,-1,-1,-1
2001,2,726.75574,235.49185,110.12787000000003,93.39855999999997,0.8687934875488281,-1,-1,-1
2002,2,724.3887,239.47438,112.69817999999998,92.74061599999999,0.8668325543403625,-1,-1,-1
2003,2,723.74915,243.6075,112.01868000000002,92.37183999999999,0.8646217584609985,-1,-1,-1
2004,2,721.9615,246.59532,112.05322000000001,91.74180600000003,0.8614845275878906,-1,-1,-1
2005,2,718.302,249.0078,115.76635999999996,93.19370999999998,0.847247302532196,-1,-1,-1
2006,2,716.9529,249.80763,116.44452000000001,94.89113,0.8584865927696228,-1,-1,-1
2007,2,714.3088,249.42625,118.65930000000003,99.00456,0.8744117617607117,-1,-1,-1
2008,2,714.35767,253.45062,116.77551000000005,97.57782,0.8781390190124512,-1,-1,-1
2009,2,712.67676,258.3111,118.29851999999994,97.02175999999997,0.8774250149726868,-1,-1,-1
2010,2,710.05676,258.8163,120.20074499999998,99.20264000000003,0.8761444091796875,-1,-1,-1
2011,2,707.6841,263.2388,122.27985000000001,99.98318499999999,0.8780961632728577,-1,-1,-1
2012,2,707.7308,263.68,123.25531000000001,102.45882999999998,0.8789604902267456,-1,-1,-1
2013,2,703.8558,264.95703,127.45410000000004,105.47399999999999,0.884276270866394,-1,-1,-1
2014,2,703.8191,268.6039,124.38013000000001,104.37698,0.8823015093803406,-1,-1,-1
2015,2,701.3894,271.87866,125.39313000000004,104.48291,0.8879106044769287,-1,-1,-1
2016,2,698.99603,273.82077,127.83154000000002,104.81293,0.8870590925216675,-1,-1,-1
2017,2,696.9803,275.96246,130.53064000000006,106.26787999999999,0.8850355744361877,-1,-1,-1
2018,2,695.9775,276.64767,130.66394000000003,108.625946,0.8939913511276245,-1,-1,-1
2019,2,695.9371,278.1044,130.42009999999993,109.91241500000001,0.8950496912002563,-1,-1,-1
2020,2,693.12994,281.33655,132.72968000000003,110.69948999999997,0.9028027057647705,-1,-1,-1
2021,2,691.88983,283.6446,132.88604999999995,112.86050399999999,0.9023761749267578,-1,-1,-1
2022,2,687.93787,286.4384,136.71129999999994,115.34363000000002,0.8925396800041199,-1,-1,-1
2023,2,686.19025,286.29465,136.72003000000007,118.07922000000002,0.8932468295097351,-1,-1,-1
2024,2,684.7507,290.95618,137.48919999999998,116.69614000000001,0.8814780712127686,-1,-1,-1
2025,2,683.07904,292.64743,139.4878,117.12518,0.8830369114875793,-1,-1,-1
2026,2,680.16974,290.42444,141.48858999999993,121.88745,0.8901416659355164,-1,-1,-1
2027,2,678.4754,290.33734,142.80304,123.98431399999998,0.9022170901298523,-1,-1,-1
2028,2,677.2035,295.4893,144.24523999999997,124.38137999999998,0.8950848579406738,-1,-1,-1
2029,2,673.8098,298.39816,144.38402999999994,125.67212,0.8936880230903625,-1,-1,-1
2030,2,672.1418,299.6844,146.44159000000002,126.77093500000001,0.8862747550010681,-1,-1,-1
2031,2,670.7818,301.98972,147.72588999999994,127.33031999999997,0.8856971859931946,-1,-1,-1
2032,2,668.6969,306.06827,149.71276999999998,125.93588,0.8769909739494324,-1,-1,-1
2033,2,667.5548,305.73972,150.45934999999997,129.45049999999998,0.8754223585128784,-1,-1,-1
2034,2,665.8497,307.3614,151.86090000000002,130.75698999999997,0.8820356726646423,-1,-1,-1
2035,2,665.18915,308.6738,152.48474,132.49590999999998,0.8773339986801147,-1,-1,-1
2036,2,663.4394,311.0124,153.92107999999996,133.08301,0.8760927319526672,-1,-1,-1
2037,2,662.34485,312.44498,156.22533999999996,134.99059999999997,0.8788981437683105,-1,-1,-1
2038,2,659.78424,313.8945,157.12976000000003,137.0929,0.8851555585861206,-1,-1,-1
2039,2,658.38324,313.6213,157.23870999999997,139.17813,0.8953185081481934,-1,-1,-1
2040,2,657.02435,313.8058,158.34485000000006,141.13129000000004,0.9064951539039612,-1,-1,-1
2041,2,655.7103,314.29187,159.49676999999997,142.06396,0.889350950717926,-1,-1,-1
2042,2,654.50555,319.52606,160.94512999999995,140.86383,0.8860877752304077,-1,-1,-1
2043,2,653.0936,319.5876,161.21691999999996,140.97048999999998,0.8885921835899353,-1,-1,-1
2044,2,651.1694,319.09055,162.84814000000006,144.52814,0.8902270793914795,-1,-1,-1
2045,2,650.8027,322.2424,161.56244000000004,141.95978000000002,0.8844071626663208,-1,-1,-1
2046,2,649.7533,322.44116,163.41899999999998,144.68008000000003,0.88563472032547,-1,-1,-1
2047,2,649.16364,323.21957,163.98553000000004,144.25336,0.8801684379577637,-1,-1,-1
2048,2,647.6939,325.59088,164.42584,143.36203,0.8827427625656128,-1,-1,-1
2049,2,647.32526,326.38867,165.72351000000003,144.62793,0.8869070410728455,-1,-1,-1
2050,2,646.85175,326.8888,166.27001999999993,144.83297999999996,0.8864656686782837,-1,-1,-1
2051,2,646.10535,326.48297,166.62665000000004,146.14941,0.8846318125724792,-1,-1,-1
2052,2,645.46515,327.32785,166.61406999999997,146.98239,0.8872343301773071,-1,-1,-1
2053,2,644.3415,327.63837,168.09698000000003,148.11636,0.8836856484413147,-1,-1,-1
2054,2,642.7905,326.8457,169.30457,149.15634,0.8810036182403564,-1,-1,-1
2055,2,641.69617,328.7306,169.04523000000006,147.96393,0.883125364780426,-1,-1,-1
2056,2,641.0812,331.6436,169.18944999999997,145.25338999999997,0.8852096796035767,-1,-1,-1
2057,2,640.5957,331.9775,169.79047000000003,145.63306,0.8885053992271423,-1,-1,-1
2058,2,640.4928,332.82428,169.26409999999998,145.49588,0.8898215293884277,-1,-1,-1
2059,2,640.3461,332.339,169.42151,145.99399,0.8907303214073181,-1,-1,-1
2060,2,640.0005,333.96506,169.99823000000004,144.93097,0.8905718326568604,-1,-1,-1
2061,2,640.5062,335.8749,169.90082000000007,143.23397999999997,0.8841833472251892,-1,-1,-1
2062,2,640.34247,338.7201,171.03601000000003,141.61455999999998,0.8811483383178711,-1,-1,-1
2063,2,639.72815,337.24673,171.71533,143.44101,0.8829258680343628,-1,-1,-1
2064,2,638.3081,337.6913,172.29248000000007,144.16751,0.8804418444633484,-1,-1,-1
2065,2,638.4516,337.19705,171.06708000000003,144.93917999999996,0.8868739604949951,-1,-1,-1
2066,2,636.9994,337.53247,170.97748,144.18935999999997,0.8906372785568237,-1,-1,-1
2067,2,636.356,343.99786,169.12958000000003,139.58273000000003,0.8993836641311646,-1,-1,-1
2068,2,634.12885,341.20987,173.08398,145.50784,0.8992453217506409,-1,-1,-1
2069,2,633.1748,340.66513,173.62103000000002,147.6159,0.9033597707748413,-1,-1,-1
2070,2,632.5625,339.7583,174.53845,150.68027,0.9077821373939514,-1,-1,-1
2071,2,632.793,340.4877,174.31525,151.86981000000003,0.9075790643692017,-1,-1,-1
2072,2,629.76044,341.3268,177.77904999999998,156.32891999999998,0.9052889943122864,-1,-1,-1
2073,2,628.5034,340.88092,178.05542000000003,157.36563,0.9073819518089294,-1,-1,-1
2074,2,624.09924,342.65607,183.62230999999997,160.87725999999998,0.8840785026550293,-1,-1,-1
2075,2,623.42487,343.5072,183.45703000000003,163.80054,0.8870143890380859,-1,-1,-1
2076,2,621.7506,344.7774,185.92962999999997,165.48853000000003,0.8896563649177551,-1,-1,-1
2077,2,619.8692,344.75467,188.53472999999997,171.16147000000007,0.8867771029472351,-1,-1,-1
2078,2,618.0831,348.44986,188.99969999999996,172.63150000000002,0.8898720741271973,-1,-1,-1
2079,2,615.94885,350.819,188.71338000000003,175.94100999999995,0.8965873122215271,-1,-1,-1
2080,2,610.9318,351.39484,194.76971000000003,184.17803999999995,0.8936172723770142,-1,-1,-1
2081,2,606.80286,358.14227,198.25487999999996,186.64452999999997,0.8812994956970215,-1,-1,-1
2082,2,603.0531,363.85852,196.32776,188.29314999999997,0.8914989233016968,-1,-1,-1
2083,2,598.802,367.80954,201.14246000000003,192.24924000000004,0.9011149406433105,-1,-1,-1
2084,2,593.95654,371.67856,202.07861000000003,197.19504,0.9021502733230591,-1,-1,-1
2085,2,588.2707,378.26727,208.71460000000002,204.52423000000005,0.8962196707725525,-1,-1,-1
2086,2,582.46295,388.56155,216.08069,206.53818,0.8880770802497864,-1,-1,-1
2087,2,576.8196,395.22855,219.43457,214.85629999999998,0.8886599540710449,-1,-1,-1
2088,2,567.756,399.50528,225.7622,226.92141999999996,0.908464252948761,-1,-1,-1
2089,2,560.64087,407.26813,235.23602000000005,228.17621000000003,0.8900120854377747,-1,-1,-1
2090,2,552.7548,419.12592,240.96502999999996,241.97223000000002,0.8945674896240234,-1,-1,-1
2091,2,542.3724,431.9986,251.54560000000004,250.43951000000004,0.8990916609764099,-1,-1,-1
2092,2,535.86566,441.45816,257.7909000000001,267.6625,0.8997991681098938,-1,-1,-1
2093,2,521.3706,456.2497,272.46753,275.63263,0.8903107643127441,-1,-1,-1
2094,2,504.32684,470.61807,290.3184800000001,292.35605,0.887030839920044,-1,-1,-1
2095,2,490.57477,490.20752,302.46135999999996,304.58014,0.9012904167175293,-1,-1,-1
2096,2,475.78806,507.63138,317.50784,321.98343000000006,0.9060520529747009,-1,-1,-1
2097,2,458.11493,529.7728,333.49786,345.43346999999994,0.8830219507217407,-1,-1,-1
2098,2,438.74448,558.27594,352.10507,364.4705200000001,0.8790289163589478,-1,-1,-1
2099,2,410.36417,586.4556,373.43570000000005,390.72002999999995,0.8596945405006409,-1,-1,-1
2100,2,377.83936,614.8015,403.65326,436.6095,0.8633937835693359,-1,-1,-1
2101,2,351.5395,666.9985,430.87731999999994,392.98346000000004,0.8387462496757507,-1,-1,-1
2102,2,300.16727,704.49457,478.9128,375.10638000000006,0.6345388889312744,-1,-1,-1
1845,5,1678.3564,347.62793,241.47509999999988,119.26288,0.8191002607345581,-1,-1,-1
1846,5,1644.9524,345.66135,274.8623,114.44925,0.8260122537612915,-1,-1,-1
1847,5,1612.1481,339.09448,282.1095,118.44601399999999,0.8345346450805664,-1,-1,-1
1848,5,1576.2567,337.30966,282.47217,118.35537999999997,0.8210100531578064,-1,-1,-1
1849,5,1547.5189,333.53183,260.81323,118.34704599999998,0.8349326252937317,-1,-1,-1
1850,5,1516.172,330.11917,262.8369,115.84496999999999,0.837609052658081,-1,-1,-1
1851,5,1495.9701,328.54886,246.62743999999998,113.19311500000003,0.8411434292793274,-1,-1,-1
1852,5,1470.5593,322.35583,233.98999000000003,114.65686,0.8571644425392151,-1,-1,-1
1853,5,1444.1095,319.32944,230.77965999999992,112.95868000000002,0.854684054851532,-1,-1,-1
1854,5,1425.9933,315.20425,219.48340000000007,113.11261000000002,0.8539538979530334,-1,-1,-1
1855,5,1405.6796,312.14438,212.19080000000008,111.10741999999999,0.8481332659721375,-1,-1,-1
1856,5,1390.3481,307.8793,199.48559999999998,111.04315000000003,0.855076789855957,-1,-1,-1
1857,5,1372.7047,302.57,192.2690399999999,111.01495,0.8650636672973633,-1,-1,-1
1858,5,1355.7692,300.55606,185.65967,109.51938000000001,0.866814374923706,-1,-1,-1
1859,5,1348.1025,296.6871,174.30809999999997,109.56594999999999,0.8637959361076355,-1,-1,-1
1860,5,1336.6274,292.58942,168.29503999999997,110.1662,0.8763168454170227,-1,-1,-1
1861,5,1327.8907,289.85828,160.4775400000001,110.28979499999997,0.863590657711029,-1,-1,-1
1862,5,1318.2521,286.3679,155.17822,109.56423999999998,0.8766744136810303,-1,-1,-1
1863,5,1310.6172,283.81204,149.43688999999995,108.98401000000001,0.8735738396644592,-1,-1,-1
1864,5,1304.0304,280.24927,144.42029000000002,109.40692000000001,0.8605332374572754,-1,-1,-1
1865,5,1298.2974,277.36212,141.68932999999993,108.99243000000001,0.8673946261405945,-1,-1,-1
1866,5,1290.1753,274.95465,140.75476000000003,108.236084,0.8549535870552063,-1,-1,-1
1867,5,1283.0728,271.71283,137.22070000000008,109.46857,0.8726228475570679,-1,-1,-1
1868,5,1277.2865,269.7881,135.11205999999993,108.29784999999998,0.8646312952041626,-1,-1,-1
1869,5,1269.926,269.04395,134.0951,104.49050999999997,0.8612291812896729,-1,-1,-1
1870,5,1265.4548,264.79745,128.1803,105.57830999999999,0.877181887626648,-1,-1,-1
1871,5,1258.0986,261.76096,126.44347999999991,103.753265,0.8612962961196899,-1,-1,-1
1872,5,1250.897,260.06635,126.7074,102.30124,0.8691704869270325,-1,-1,-1
1873,5,1246.0096,258.60608,123.11694000000011,99.8363,0.8690422773361206,-1,-1,-1
1874,5,1241.2153,254.79897,120.58508000000006,101.32817,0.8755762577056885,-1,-1,-1
1875,5,1231.4645,250.80498,122.58593999999994,102.40229999999997,0.884307324886322,-1,-1,-1
1876,5,1228.3755,249.7904,120.25818000000004,100.22774999999999,0.8629498481750488,-1,-1,-1
1877,5,1221.2188,247.81859,119.67565999999988,99.97797999999997,0.8751223683357239,-1,-1,-1
1878,5,1215.2732,246.17601,119.51391599999988,98.86149600000002,0.8658296465873718,-1,-1,-1
1879,5,1212.7166,243.29488,116.4665500000001,98.48911999999999,0.8674731850624084,-1,-1,-1
1880,5,1209.9272,241.57475,112.58422999999993,95.85419999999999,0.8624648451805115,-1,-1,-1
1881,5,1205.6035,240.58278,113.82433999999989,93.18275499999999,0.8508479595184326,-1,-1,-1
1882,5,1201.6025,237.72221,109.99279999999999,94.05582999999999,0.8525158166885376,-1,-1,-1
1883,5,1198.6653,236.36136,107.2773400000001,92.52575999999999,0.840338945388794,-1,-1,-1
1884,5,1194.0928,235.28177,105.98595999999998,90.31161500000002,0.7885497212409973,-1,-1,-1
1885,5,1188.852,233.70529,105.82983399999989,89.26812999999999,0.780009925365448,-1,-1,-1
1886,5,1185.1683,233.13942,104.92834500000004,88.52577,0.7205085158348083,-1,-1,-1
1889,5,1171.7087,226.69844,101.37914999999998,86.17506400000002,0.6176692247390747,-1,-1,-1
1890,5,1168.17,224.94096,100.20947000000001,84.31264000000002,0.6332051157951355,-1,-1,-1
1893,5,1157.4126,222.30013,97.04358000000002,80.94023000000001,0.629676103591919,-1,-1,-1
1944,3,1136.021,722.3658,559.422,345.69634999999994,0.8241700530052185,-1,-1,-1
1945,3,1083.9133,711.8653,576.874,337.5128800000001,0.8561677932739258,-1,-1,-1
1946,3,1041.0186,694.0237,579.20886,345.0919200000001,0.8611130714416504,-1,-1,-1
1947,3,995.9217,677.0112,580.1557000000001,338.08867999999995,0.8735669255256653,-1,-1,-1
1948,3,952.2888,666.036,578.6782000000001,336.84839999999997,0.8702977895736694,-1,-1,-1
1949,3,907.53546,659.5976,571.0674399999999,327.08105,0.8756536841392517,-1,-1,-1
1950,3,853.4035,650.4103,570.3193,321.66956000000005,0.880267322063446,-1,-1,-1
1951,3,794.2955,634.0211,573.8846999999998,313.4312,0.8828248381614685,-1,-1,-1
1952,3,747.6522,625.9386,561.82837,304.74658,0.8793101906776428,-1,-1,-1
1953,3,692.8725,615.6867,562.0796500000001,301.60193000000004,0.887748122215271,-1,-1,-1
1954,3,641.81665,608.1416,553.3156999999999,292.68744000000004,0.8838585019111633,-1,-1,-1
1955,3,593.2222,601.2786,544.6835299999999,286.50806,0.8698804974555969,-1,-1,-1
1956,3,538.4349,592.1529,534.7077000000002,283.0943,0.8783291578292847,-1,-1,-1
1957,3,481.83423,584.9901,534.4196,277.64795000000004,0.8724517822265625,-1,-1,-1
1958,3,423.51154,571.97406,529.4165600000001,275.48584000000005,0.8638952970504761,-1,-1,-1
1959,3,367.1443,561.9167,521.9123500000001,272.78998,0.8660219311714172,-1,-1,-1
1960,3,304.54163,560.1186,514.212,266.3090199999999,0.8664159178733826,-1,-1,-1
1961,3,244.04344,556.22595,515.231,260.69550000000004,0.8641761541366577,-1,-1,-1
1962,3,189.29774,554.3673,503.0063,252.47968000000003,0.8764804005622864,-1,-1,-1
1963,3,129.78206,552.7155,492.59400000000005,246.75061000000005,0.8627169132232666,-1,-1,-1
1964,3,62.136036,549.8832,499.0371,237.33556999999996,0.8580127358436584,-1,-1,-1
1965,3,4.6978564,548.9424,500.57416,232.23149999999998,0.8462192416191101,-1,-1,-1
1966,3,0.0,546.66296,436.56787,228.33410000000003,0.8485672473907471,-1,-1,-1
1967,3,0.0,543.89514,359.92825,223.59350000000006,0.8613177537918091,-1,-1,-1
1968,3,0.0,539.01416,292.02066,226.26568999999995,0.8583973050117493,-1,-1,-1
1969,3,0.09152412,532.2106,227.77779,227.33983999999998,0.7899520397186279,-1,-1,-1
931,8,1026.2874,700.6692,548.7391399999999,349.2862499999999,0.8348196148872375,-1,-1,-1
932,8,969.5239,678.2316,539.6672399999999,344.9806500000001,0.8738704323768616,-1,-1,-1
933,8,915.2278,661.9437,532.6041000000001,334.09454000000005,0.8700962066650391,-1,-1,-1
934,8,860.7625,645.1553,522.43695,327.5572000000001,0.8727589249610901,-1,-1,-1
935,8,808.32007,626.6665,515.7563499999999,314.52510000000007,0.887024998664856,-1,-1,-1
936,8,748.86926,613.9562,514.30383,303.56543,0.8789249062538147,-1,-1,-1
937,8,694.5514,601.5394,503.5191699999999,290.91998,0.8671377301216125,-1,-1,-1
938,8,639.73566,583.69727,498.3777499999999,288.71326,0.8473653197288513,-1,-1,-1
939,8,579.73773,571.834,495.21332000000007,282.4203,0.879845380783081,-1,-1,-1
940,8,531.3637,558.86957,481.98529999999994,273.60028,0.8603066802024841,-1,-1,-1
941,8,475.51303,550.8233,473.12735000000004,263.49243,0.8449957370758057,-1,-1,-1
942,8,418.49753,544.0969,470.26767000000007,259.00568,0.8384034633636475,-1,-1,-1
943,8,364.47015,538.5534,461.77825999999993,250.62653,0.8404840230941772,-1,-1,-1
944,8,298.51855,537.9926,468.59637,238.22113000000002,0.8383198380470276,-1,-1,-1
945,8,244.41306,529.7399,463.82810000000006,234.29938000000004,0.8463907837867737,-1,-1,-1
946,8,190.6172,523.41956,450.5326,231.26946999999996,0.8403844237327576,-1,-1,-1
947,8,131.77936,516.0624,447.51019999999994,229.65155000000004,0.8256334066390991,-1,-1,-1
948,8,65.83787,516.17615,453.27102999999994,225.20990000000006,0.8157221674919128,-1,-1,-1
949,8,8.048028,514.5189,446.93723,219.65441999999996,0.8058966398239136,-1,-1,-1
950,8,0.0,516.9909,386.83588,206.52637000000004,0.827707052230835,-1,-1,-1
951,8,0.0,511.23364,318.52344,208.92352,0.8315818905830383,-1,-1,-1
952,8,0.0467205,501.74387,257.8496,221.46262000000002,0.7213954925537109,-1,-1,-1
1099,6,1576.7046,346.71866,332.54039999999986,244.28305,0.741004467010498,-1,-1,-1
1100,6,1545.285,335.51712,333.91112999999996,235.94246999999996,0.8039873838424683,-1,-1,-1
1101,6,1517.853,326.20203,314.2498800000001,213.22357000000005,0.8168244957923889,-1,-1,-1
1102,6,1491.6259,320.12064,295.49145999999996,198.90341,0.8062110543251038,-1,-1,-1
1103,6,1462.3121,307.72845,272.16100000000006,192.32053000000002,0.8368685245513916,-1,-1,-1
1104,6,1439.5936,296.07117,248.65355999999997,186.30883999999998,0.7983493804931641,-1,-1,-1
1105,6,1410.6261,287.79315,250.24341000000004,179.3186,0.8226425051689148,-1,-1,-1
1106,6,1392.4507,281.58008,233.42236000000003,174.25579999999997,0.8600224256515503,-1,-1,-1
1107,6,1374.9316,272.946,224.0080600000001,168.46954,0.8612599968910217,-1,-1,-1
1108,6,1352.6552,266.09863,220.8398400000001,160.35998999999998,0.8454378843307495,-1,-1,-1
1109,6,1337.1709,259.14145,206.77087000000006,158.33975000000004,0.8478420972824097,-1,-1,-1
1110,6,1320.1735,257.22913,197.75353999999993,150.47332999999998,0.8534175157546997,-1,-1,-1
1111,6,1300.7318,249.4718,192.23694,145.72678,0.8559934496879578,-1,-1,-1
1112,6,1289.8568,247.05263,181.29150000000004,142.27306000000002,0.8425713777542114,-1,-1,-1
1113,6,1277.2539,239.2295,171.83167000000003,141.93791000000002,0.8478302359580994,-1,-1,-1
1114,6,1262.5204,237.42336,168.96423000000004,137.75350000000003,0.8226614594459534,-1,-1,-1
1115,6,1248.7653,231.46674,164.19885,135.86804000000004,0.8629434108734131,-1,-1,-1
1116,6,1236.1967,228.91106,161.12096999999994,132.23280000000003,0.8824247717857361,-1,-1,-1
1117,6,1224.7434,227.307,157.00378,126.65909000000002,0.8468673229217529,-1,-1,-1
1118,6,1213.6593,221.92192,154.10669000000007,126.12981000000002,0.8721503615379333,-1,-1,-1
1119,6,1202.3068,221.92508,150.6114500000001,123.12015,0.8626055717468262,-1,-1,-1
1120,6,1193.8789,218.33087,147.68237,120.57265999999998,0.8605543375015259,-1,-1,-1
1121,6,1182.2822,213.83781,144.1804199999999,117.45729,0.8592996597290039,-1,-1,-1
1122,6,1175.4323,211.5979,139.21911999999998,115.63149999999999,0.8726000785827637,-1,-1,-1
1123,6,1168.5656,207.39163,135.78223000000003,113.631134,0.8514567613601685,-1,-1,-1
1124,6,1158.3228,204.7481,136.05347000000006,111.87879999999998,0.8511704206466675,-1,-1,-1
1125,6,1150.6359,202.72627,131.14599999999996,110.15879999999999,0.8562757968902588,-1,-1,-1
1126,6,1142.5735,201.88445,129.09436000000005,107.60481000000001,0.858360230922699,-1,-1,-1
1127,6,1136.0706,200.48407,126.28234999999995,105.17632999999998,0.8392701148986816,-1,-1,-1
1128,6,1128.5627,198.55435,122.67834500000004,103.9939,0.8579731583595276,-1,-1,-1
1129,6,1123.435,197.24911,120.04296999999997,100.70190399999998,0.8671965599060059,-1,-1,-1
1130,6,1116.3374,193.59389,118.02611999999999,100.78136,0.848284900188446,-1,-1,-1
1131,6,1109.196,190.01712,117.89001499999995,101.87735,0.8535175919532776,-1,-1,-1
1132,6,1104.6221,190.04665,113.30614999999989,99.54951499999999,0.8694303035736084,-1,-1,-1
1133,6,1098.4783,189.14928,114.42895500000009,98.52281000000002,0.8717644810676575,-1,-1,-1
1134,6,1092.8624,187.59915,111.58214999999996,97.47143599999998,0.8577271699905396,-1,-1,-1
1135,6,1088.4965,186.25731,111.50414999999998,96.18134999999998,0.8494184613227844,-1,-1,-1
1136,6,1083.7192,186.51775,108.7934600000001,92.98490999999999,0.8387163877487183,-1,-1,-1
1137,6,1078.3772,183.0636,108.09350599999993,93.76825000000002,0.815155565738678,-1,-1,-1
1138,6,1074.1232,183.06392,107.02563499999997,91.6526,0.7977864742279053,-1,-1,-1
1139,6,1069.77,182.27376,104.38940400000001,89.65644999999998,0.8164657354354858,-1,-1,-1
1140,6,1064.4657,180.3075,104.77209500000004,90.60684000000003,0.8413586020469666,-1,-1,-1
1141,6,1062.5133,178.62048,103.17004399999996,89.26477,0.8278515338897705,-1,-1,-1
1142,6,1057.1135,176.80354,99.77416999999991,89.77659599999998,0.7916253209114075,-1,-1,-1
1143,6,1054.4799,176.94719,98.9510499999999,87.50267,0.7379189729690552,-1,-1,-1
1144,6,1049.5806,176.08882,100.29748500000005,86.61909500000002,0.71220463514328,-1,-1,-1
