282,1,958.2289,49.798035,134.3395999999999,95.80080000000001,0.7739887237548828,-1,-1,-1
283,1,958.13245,48.6269,140.01624000000004,99.49605599999998,0.7994750738143921,-1,-1,-1
284,1,970.00116,50.400406,145.04864999999995,97.23571999999999,0.8161747455596924,-1,-1,-1
285,1,968.09845,46.754204,152.16840000000002,104.83526000000002,0.8236097097396851,-1,-1,-1
286,1,992.7797,47.004818,142.85015999999996,105.77721,0.8380149006843567,-1,-1,-1
287,1,996.0788,48.65544,139.86517000000003,105.00524999999999,0.8400953412055969,-1,-1,-1
288,1,1006.9839,51.99244,137.26586999999995,106.16212,0.8162187337875366,-1,-1,-1
289,1,1013.8519,51.058754,131.36217999999997,106.690575,0.8054909706115723,-1,-1,-1
290,1,1018.48517,54.11111,129.40435999999988,106.15716600000002,0.804742693901062,-1,-1,-1
291,1,1025.6765,54.654274,124.68909000000008,106.27959400000002,0.6377831101417542,-1,-1,-1
293,1,1050.5708,71.42627,149.04944,111.66835000000002,0.782139003276825,-1,-1,-1
294,1,1038.5405,68.52927,145.70885999999996,117.43918,0.8561567664146423,-1,-1,-1
295,1,1043.7672,70.31438,139.90905999999995,119.23850999999999,0.8522191643714905,-1,-1,-1
296,1,1033.9891,69.872,141.61474999999996,121.20466999999998,0.8538337349891663,-1,-1,-1
297,1,1019.9237,86.544136,144.58472000000006,105.79293,0.8035763502120972,-1,-1,-1
298,1,1000.25336,93.41962,145.25762999999995,101.18576,0.7252809405326843,-1,-1,-1
299,1,986.31586,94.64096,138.9170499999999,104.333145,0.7974697947502136,-1,-1,-1
300,1,972.15515,98.31572,138.1549,101.910324,0.8125511407852173,-1,-1,-1
301,1,956.89496,100.20236,143.4386599999999,104.816666,0.8262747526168823,-1,-1,-1
302,1,938.8188,101.559456,141.75749999999994,104.91636000000001,0.8235072493553162,-1,-1,-1
303,1,925.4714,102.16899,144.40703999999994,107.35683999999999,0.8500494956970215,-1,-1,-1
304,1,912.249,105.39651,138.78270999999995,105.58237499999998,0.8580641150474548,-1,-1,-1
305,1,898.7857,108.883896,137.60016000000007,104.21503999999999,0.8370225429534912,-1,-1,-1
306,1,883.7404,109.83453,141.39484000000004,105.41432,0.8259764909744263,-1,-1,-1
307,1,874.135,110.48146,138.24359000000004,109.41826,0.8523228168487549,-1,-1,-1
308,1,859.17633,111.06493,138.46758999999997,110.76472000000001,0.8490199446678162,-1,-1,-1
309,1,841.9666,111.98117,141.55687999999998,111.93329000000001,0.8492342233657837,-1,-1,-1
206,2,0.022115706,752.144,252.72842,327.27790000000005,0.7092993259429932,-1,-1,-1
207,2,0.0,755.35223,243.77019,324.26495,0.6899440884590149,-1,-1,-1
208,2,0.02318859,762.6567,238.95975,317.34331999999995,0.74532550573349,-1,-1,-1
209,2,0.0038337705,764.94525,233.42644,315.05475,0.7648521065711975,-1,-1,-1
210,2,0.0,768.5556,220.25096,311.4444,0.8027967810630798,-1,-1,-1
211,2,0.0,771.2824,218.06537,308.71759999999995,0.6039917469024658,-1,-1,-1
212,2,0.67266935,782.73785,204.09926,297.26215,0.7818085551261902,-1,-1,-1
213,2,0.8370637,785.5183,190.68198,294.48170000000005,0.7375790476799011,-1,-1,-1
215,2,0.0,792.1982,166.14983,287.8018199999999,0.7004285454750061,-1,-1,-1
217,2,0.0,831.315,146.98561,247.8165899999999,0.6080251336097717,-1,-1,-1
