349,1,1171.1152,464.37213,623.6784700000001,587.2165,0.8222452998161316,-1,-1,-1
350,1,1186.1752,449.71353,605.2583999999999,574.77844,0.8194491863250732,-1,-1,-1
351,1,1197.3477,421.28058,592.8215299999999,572.2042,0.8454982042312622,-1,-1,-1
352,1,1205.4323,420.83105,577.2467999999999,540.1357,0.7726122140884399,-1,-1,-1
353,1,1216.1981,389.07645,560.9005,537.7883,0.8406273126602173,-1,-1,-1
354,1,1224.4987,367.0753,552.1637000000001,540.8772000000001,0.8672218918800354,-1,-1,-1
355,1,1228.3806,362.73865,541.6477,514.9617,0.8724187612533569,-1,-1,-1
356,1,1232.18,348.6059,532.5953400000001,503.37969999999996,0.872291088104248,-1,-1,-1
357,1,1234.8218,327.55237,518.75793,500.1975,0.8830139636993408,-1,-1,-1
358,1,1236.1503,323.8852,510.44630000000006,476.67657,0.8929567337036133,-1,-1,-1
359,1,1237.8323,315.75793,500.90599999999995,467.0146,0.8903575539588928,-1,-1,-1
311,2,1476.442,181.99522,328.58887000000004,132.12212000000002,0.7466493248939514,-1,-1,-1
312,2,1435.1656,182.41472,364.3112800000001,132.55852,0.7616113424301147,-1,-1,-1
313,2,1392.9159,181.0085,376.2006799999999,134.72383,0.8049871325492859,-1,-1,-1
314,2,1394.6852,183.08139,337.6881000000001,132.63466999999997,0.8166531324386597,-1,-1,-1
315,2,1386.3624,182.25452,315.70447000000013,132.04584,0.8116806745529175,-1,-1,-1
316,2,1328.6296,182.17596,342.46216000000004,134.78405999999998,0.8188092112541199,-1,-1,-1
317,2,1312.9689,182.76163,319.4050300000001,135.45122999999998,0.8036479949951172,-1,-1,-1
318,2,1268.962,185.68439,338.92957,133.54395,0.8456037044525146,-1,-1,-1
319,2,1239.2108,186.21045,343.48389999999995,134.43732000000003,0.8288136124610901,-1,-1,-1
320,2,1211.4971,186.17094,332.3652299999999,136.48772,0.8328779935836792,-1,-1,-1
321,2,1194.4646,190.24516,313.39417000000003,133.00243,0.7617251873016357,-1,-1,-1
322,2,1185.8301,188.1763,307.3603499999999,133.21694999999997,0.8104404211044312,-1,-1,-1
323,2,1148.502,190.89198,303.2959000000001,134.56255,0.7934870719909668,-1,-1,-1
324,2,1135.3824,193.32872,285.3877,133.28047,0.7957852482795715,-1,-1,-1
325,2,1113.8868,189.85197,282.6089999999999,138.39369,0.8484243154525757,-1,-1,-1
326,2,1089.7911,185.10405,297.64868,143.14496999999997,0.8165370225906372,-1,-1,-1
327,2,1086.4619,194.93488,280.1413600000001,134.19616999999997,0.8091230988502502,-1,-1,-1
328,2,1076.6013,190.16446,246.21813999999995,140.65347,0.8350602984428406,-1,-1,-1
329,2,1061.455,184.22108,234.75451999999996,146.24644000000004,0.8327611684799194,-1,-1,-1
330,2,1061.1735,185.52689,215.87354000000005,145.87244,0.851409375667572,-1,-1,-1
331,2,1047.6877,188.66045,212.22057999999993,141.88048,0.8509349822998047,-1,-1,-1
332,2,1044.1378,191.2022,199.3233600000001,141.46922,0.8467389345169067,-1,-1,-1
333,2,1040.2472,195.02301,193.23046999999997,136.25045999999998,0.844428539276123,-1,-1,-1
334,2,1033.6213,194.83447,187.64148,135.55194,0.8258060216903687,-1,-1,-1
335,2,1027.6029,193.1063,183.64246000000003,137.85196,0.8171812891960144,-1,-1,-1
336,2,1021.269,193.01721,181.1027200000001,141.49279999999996,0.7776163816452026,-1,-1,-1
337,2,1019.94135,194.6514,176.99664000000007,136.54419,0.8045024871826172,-1,-1,-1
340,2,1002.4001,195.97047,177.11835000000008,141.25611999999998,0.7153601050376892,-1,-1,-1
343,2,992.8186,195.10927,181.22997999999995,145.65422000000004,0.6045129299163818,-1,-1,-1
344,2,992.6844,196.91638,179.83270000000005,144.2067,0.6744298338890076,-1,-1,-1
345,2,990.4728,195.22096,181.68590999999992,146.94844,0.7781187295913696,-1,-1,-1
346,2,990.3792,195.54886,181.56096999999988,147.65543000000002,0.8276098370552063,-1,-1,-1
347,2,988.2293,195.31325,183.28717000000006,148.35573000000002,0.8149306178092957,-1,-1,-1
348,2,985.43317,194.09557,188.28435999999988,150.54465999999996,0.8500550985336304,-1,-1,-1
349,2,984.5833,193.87761,189.52240000000006,151.72581000000002,0.8569944500923157,-1,-1,-1
350,2,983.95404,192.80264,191.42719,153.64022999999997,0.866837203502655,-1,-1,-1
351,2,980.5538,194.64897,195.591,153.06819,0.8688923120498657,-1,-1,-1
352,2,980.80646,195.16164,195.71735000000012,154.13261000000003,0.8972956538200378,-1,-1,-1
353,2,980.56793,195.4667,196.7560400000001,156.81441999999998,0.8705095648765564,-1,-1,-1
354,2,978.6449,197.81915,195.38134999999988,158.0101,0.8703960180282593,-1,-1,-1
355,2,976.56226,197.43855,196.36755000000005,158.06839999999997,0.8553615212440491,-1,-1,-1
356,2,975.01,197.07164,199.5625,159.2855,0.8429909348487854,-1,-1,-1
357,2,974.5474,196.91725,200.4702799999999,160.79808,0.8499833345413208,-1,-1,-1
358,2,974.5049,197.33856,200.1768800000001,163.26053,0.8553071618080139,-1,-1,-1
359,2,972.22327,196.70493,202.4874299999999,164.46567,0.8718569874763489,-1,-1,-1
