443,2,1384.339,337.50305,185.93725999999992,168.80283000000003,0.8013805747032166,-1,-1,-1
444,2,1378.7478,342.4545,191.53136999999992,170.90438999999998,0.8509419560432434,-1,-1,-1
445,2,1379.0922,347.29544,198.42772999999988,175.61843999999996,0.862109899520874,-1,-1,-1
446,2,1378.5892,351.76773,206.23509999999987,178.11844000000002,0.8577313423156738,-1,-1,-1
447,2,1381.1194,356.44345,213.11645999999996,176.88638000000003,0.8690637350082397,-1,-1,-1
448,2,1380.8042,355.1657,216.95031999999992,185.72344999999996,0.884497880935669,-1,-1,-1
449,2,1379.3302,356.72687,220.6697999999999,192.17890000000006,0.8902930021286011,-1,-1,-1
450,2,1381.8,357.72745,218.19994999999994,202.21823000000006,0.8794898986816406,-1,-1,-1
451,2,1389.2944,358.853,210.70557000000008,208.8942,0.8784304857254028,-1,-1,-1
452,2,1392.1023,354.18405,207.76586999999995,225.04672,0.8739714622497559,-1,-1,-1
453,2,1395.9165,346.69772,204.06981999999994,242.04854999999998,0.8707542419433594,-1,-1,-1
247,1,256.50446,590.8518,91.60030999999998,83.44201999999996,0.6722065806388855,-1,-1,-1
248,1,256.8739,591.6337,93.16968000000003,83.96203600000001,0.7175029516220093,-1,-1,-1
249,1,255.61003,591.7316,96.78544599999998,85.0625,0.7463465332984924,-1,-1,-1
250,1,257.723,592.9198,97.13684,85.06646999999998,0.7481918931007385,-1,-1,-1
251,1,261.89163,594.9882,96.25329600000003,85.95196499999997,0.7663896083831787,-1,-1,-1
252,1,262.17264,594.8056,99.16717499999999,88.24463000000003,0.7710602283477783,-1,-1,-1
253,1,262.78195,595.9463,101.40134,89.57250999999997,0.7972409725189209,-1,-1,-1
254,1,264.8012,596.801,103.14636000000002,91.44556,0.8081645369529724,-1,-1,-1
255,1,263.79684,596.3927,109.46524,95.19501000000002,0.821674644947052,-1,-1,-1
256,1,262.44888,595.5982,115.61651599999999,99.44928000000004,0.824851930141449,-1,-1,-1
257,1,265.35553,595.6602,116.52877999999998,102.48620600000004,0.8206046223640442,-1,-1,-1
258,1,266.49213,596.1987,118.91638,104.43524000000002,0.8637709021568298,-1,-1,-1
259,1,268.2076,596.7453,123.855774,107.11365,0.8394380211830139,-1,-1,-1
260,1,271.33215,596.2148,128.24831999999998,111.47564999999997,0.8457920551300049,-1,-1,-1
261,1,273.16727,597.8646,130.62479000000002,113.85650999999996,0.853937029838562,-1,-1,-1
262,1,275.77557,598.8822,130.29825,117.93286,0.8508967161178589,-1,-1,-1
263,1,278.4322,601.3623,131.61285000000004,118.82745,0.8590034246444702,-1,-1,-1
264,1,281.2755,603.32623,141.76169,125.30736999999999,0.8548421859741211,-1,-1,-1
265,1,284.2154,604.0848,147.87664999999998,130.86243000000002,0.8695278167724609,-1,-1,-1
266,1,286.0271,604.83887,156.26831000000004,136.11603000000002,0.8829692602157593,-1,-1,-1
267,1,289.63095,606.9097,160.60775999999998,139.57245,0.892365038394928,-1,-1,-1
268,1,292.8163,608.0409,165.68103000000002,143.88867000000005,0.8788527250289917,-1,-1,-1
269,1,297.3982,607.25494,177.15344,154.41559000000007,0.869819164276123,-1,-1,-1
270,1,302.0553,608.7158,191.55426,165.54773,0.8780500292778015,-1,-1,-1
271,1,306.2653,609.5125,206.17294000000004,174.65594,0.8734789490699768,-1,-1,-1
272,1,314.3693,611.8132,218.77596999999997,186.88,0.8694830536842346,-1,-1,-1
273,1,325.03128,615.9872,234.86507999999998,199.80224999999996,0.8801815509796143,-1,-1,-1
274,1,332.61273,613.62915,264.122,222.09589000000005,0.8856937885284424,-1,-1,-1
275,1,346.9345,615.9995,286.63348,246.51794000000007,0.879490077495575,-1,-1,-1
276,1,363.84897,616.5088,323.12375,275.88824,0.8825380206108093,-1,-1,-1
277,1,390.32382,619.9661,370.77353,331.0412600000001,0.8600701093673706,-1,-1,-1
278,1,426.07422,618.0874,437.79979999999995,386.14062,0.851139485836029,-1,-1,-1
279,1,466.86755,617.45984,572.0365000000002,472.04858000000013,0.7503437399864197,-1,-1,-1
280,1,476.7696,596.2704,861.98395,603.7296,0.6304501295089722,-1,-1,-1
