504,2,1741.8899,863.4955,134.32104000000004,112.21264999999994,0.7082902193069458,-1,-1,-1
505,2,1739.0326,866.63696,128.87940000000003,109.86084000000005,0.7215744256973267,-1,-1,-1
506,2,1733.7683,867.59186,127.39013999999997,112.04711999999995,0.7336212992668152,-1,-1,-1
507,2,1727.4591,864.37866,131.63147000000004,114.94568000000004,0.7862444519996643,-1,-1,-1
508,2,1724.5896,869.181,128.0839800000001,111.31763000000001,0.7619709968566895,-1,-1,-1
509,2,1714.419,868.10596,132.77648999999997,112.52239999999995,0.7763338088989258,-1,-1,-1
510,2,1708.1183,871.6555,131.57836999999995,111.42742999999996,0.761337161064148,-1,-1,-1
511,2,1697.5991,866.3074,136.33130000000006,118.67278999999996,0.800896167755127,-1,-1,-1
512,2,1690.0795,867.91455,137.87354000000005,118.49401999999998,0.80853271484375,-1,-1,-1
513,2,1675.4962,864.23816,143.63281000000006,121.73546999999996,0.7883176803588867,-1,-1,-1
514,2,1662.4004,862.27893,147.99072,125.96538999999996,0.7922608852386475,-1,-1,-1
515,2,1656.565,866.1609,146.40563999999995,126.53107,0.7942331433296204,-1,-1,-1
516,2,1643.9033,863.6271,146.55944999999997,127.62256000000002,0.8253322839736938,-1,-1,-1
517,2,1631.7358,858.1141,149.96886999999992,132.29236000000003,0.8243932127952576,-1,-1,-1
518,2,1619.3838,854.50836,157.2216800000001,137.13287000000003,0.8205969333648682,-1,-1,-1
519,2,1606.6589,852.3541,159.83582,139.80176000000006,0.8139673471450806,-1,-1,-1
520,2,1594.6924,862.3114,161.2436499999999,131.9696,0.82096266746521,-1,-1,-1
521,2,1577.9668,863.1367,163.15148999999997,137.01477,0.8300584554672241,-1,-1,-1
522,2,1561.7267,863.01904,165.93444999999997,137.50092000000006,0.8252582550048828,-1,-1,-1
523,2,1546.0028,863.28827,171.28601000000003,140.98022000000003,0.8303166627883911,-1,-1,-1
524,2,1523.8672,861.4417,179.79224,142.94739000000004,0.8421091437339783,-1,-1,-1
525,2,1503.1362,858.7137,186.27514999999994,150.96660999999995,0.8543108701705933,-1,-1,-1
526,2,1478.3252,857.9437,196.52954,151.69799999999998,0.8427827954292297,-1,-1,-1
527,2,1452.1597,857.7481,204.92749000000003,155.48461999999995,0.8389285206794739,-1,-1,-1
528,2,1427.9219,857.329,208.34534000000008,159.53856999999994,0.8717913031578064,-1,-1,-1
529,2,1394.0283,859.4809,226.26244999999994,160.45227,0.8654794692993164,-1,-1,-1
530,2,1360.558,859.30176,241.9431199999999,167.39379999999994,0.8606241941452026,-1,-1,-1
531,2,1330.7544,856.6388,243.8332499999999,172.33093000000008,0.853325605392456,-1,-1,-1
532,2,1285.2484,856.8058,267.73254,183.02380000000005,0.8786388635635376,-1,-1,-1
533,2,1247.6343,856.44464,274.34142999999995,187.45258,0.8783583641052246,-1,-1,-1
534,2,1198.1162,853.6163,291.13086,194.07855000000006,0.8412827849388123,-1,-1,-1
535,2,1150.9059,856.6167,312.69263,196.45409999999993,0.845199704170227,-1,-1,-1
536,2,1092.7578,855.0575,335.0156199999999,208.7335200000001,0.8692719340324402,-1,-1,-1
537,2,1019.859,854.9356,369.53650000000005,217.81158000000005,0.8700572848320007,-1,-1,-1
538,2,949.50836,849.21155,399.59590000000003,230.97144000000003,0.8578335642814636,-1,-1,-1
539,2,866.37604,837.1666,436.6083399999999,252.71508999999992,0.8567615747451782,-1,-1,-1
540,2,763.24835,830.17017,496.05779999999993,274.21472000000006,0.8514520525932312,-1,-1,-1
541,2,654.9873,821.026,536.1163300000001,296.89026,0.8480892181396484,-1,-1,-1
542,2,544.3528,816.6614,575.84424,321.99440000000004,0.8294698596000671,-1,-1,-1
543,2,400.15576,812.21423,635.9710700000002,345.74890000000005,0.8173671364784241,-1,-1,-1
544,2,233.68439,807.2143,699.7125,370.63091999999995,0.8388038277626038,-1,-1,-1
545,2,55.79834,805.6935,769.9051,396.09093999999993,0.7978286147117615,-1,-1,-1
546,2,7.526474,833.33936,725.2489,393.9920700000001,0.7824586629867554,-1,-1,-1
141,1,446.09482,1113.3014,743.4717,454.87878,0.834776759147644,-1,-1,-1
142,1,620.5995,1096.279,650.7562,405.4602,0.8304153084754944,-1,-1,-1
143,1,784.7694,1069.839,571.8905999999998,382.76123000000007,0.8181207180023193,-1,-1,-1
144,1,912.9005,1053.4546,514.70264,352.09691999999995,0.860853910446167,-1,-1,-1
145,1,1010.7472,1043.2385,465.5328400000001,323.78027,0.8554982542991638,-1,-1,-1
146,1,1092.292,1034.501,422.98865,289.92102,0.8266487717628479,-1,-1,-1
147,1,1164.5771,1024.1978,386.29882999999995,273.54467999999997,0.8046977519989014,-1,-1,-1
148,1,1219.4677,1013.9462,372.80224999999996,259.27704000000006,0.8171054720878601,-1,-1,-1
149,1,1287.7903,1006.39343,337.51586999999995,242.60497999999995,0.8489084839820862,-1,-1,-1
150,1,1339.6831,996.093,315.59473,237.00220000000002,0.8482284545898438,-1,-1,-1
151,1,1384.3948,993.8231,294.98242000000005,219.0371100000001,0.8521563410758972,-1,-1,-1
152,1,1434.0472,985.95123,272.6928700000001,206.56073000000004,0.8552766442298889,-1,-1,-1
153,1,1466.9989,979.42334,255.42907999999989,199.4303,0.8590055108070374,-1,-1,-1
154,1,1500.8108,975.6655,242.18993999999998,186.66649999999993,0.8575771450996399,-1,-1,-1
155,1,1530.1342,970.9729,230.28015000000005,183.08251999999993,0.8646360039710999,-1,-1,-1
156,1,1560.5508,966.80615,213.0866699999999,174.04944000000012,0.866929829120636,-1,-1,-1
157,1,1585.7231,961.9558,205.15746999999988,167.44213999999988,0.8688530921936035,-1,-1,-1
158,1,1607.2455,960.8359,195.09400000000005,161.3156100000001,0.8807690143585205,-1,-1,-1
159,1,1626.4365,959.7828,191.00342,154.64141999999993,0.8858880996704102,-1,-1,-1
160,1,1642.8242,953.99255,186.28052000000002,155.73961999999995,0.8634394407272339,-1,-1,-1
161,1,1656.8826,952.9646,181.60961999999995,150.59789999999998,0.8596611022949219,-1,-1,-1
162,1,1673.353,950.8051,175.18480999999997,145.18109000000004,0.8524256944656372,-1,-1,-1
163,1,1687.6776,947.9286,169.43444999999997,141.5718999999999,0.847769558429718,-1,-1,-1
164,1,1702.1597,947.39136,165.77612,136.81640000000004,0.8501054048538208,-1,-1,-1
165,1,1715.5869,945.5545,162.53296,133.4811400000001,0.8472426533699036,-1,-1,-1
166,1,1727.8179,945.4347,158.06824000000006,129.19249999999988,0.8633676767349243,-1,-1,-1
167,1,1737.364,940.99475,154.45922999999993,128.82568000000003,0.8560577034950256,-1,-1,-1
168,1,1746.7229,941.32825,152.83105,127.75597999999991,0.8643340468406677,-1,-1,-1
169,1,1762.7634,939.99146,147.94092,124.71435500000007,0.8588122725486755,-1,-1,-1
170,1,1772.4016,938.41785,145.67138999999997,120.99596999999994,0.8536139130592346,-1,-1,-1
171,1,1779.4143,935.46265,143.11597000000006,121.63549999999998,0.849651038646698,-1,-1,-1
172,1,1786.6467,933.813,142.72827000000007,121.12243999999998,0.84499591588974,-1,-1,-1
173,1,1795.072,930.49225,140.8624299999999,119.4967650000001,0.7619937062263489,-1,-1,-1
174,1,1801.5687,929.66156,137.92760999999996,118.92547599999989,0.7905154824256897,-1,-1,-1
175,1,1809.0021,928.00653,139.27429000000006,119.99005,0.7887693047523499,-1,-1,-1
176,1,1815.3127,929.11145,137.00316999999995,116.88488999999993,0.7169139385223389,-1,-1,-1
177,1,1821.2543,929.0137,136.8298299999999,115.0169699999999,0.6394590735435486,-1,-1,-1
