213,2,446.3793,326.1698,646.7593999999999,559.2636,0.8358980417251587,-1,-1,-1
214,2,451.79324,344.8491,672.0188,577.3849,0.8267568945884705,-1,-1,-1
215,2,462.71414,359.4641,678.5674999999999,602.299,0.8183656334877014,-1,-1,-1
216,2,469.20694,372.0624,722.14087,614.0724,0.8172886967658997,-1,-1,-1
217,2,482.37668,378.71857,730.8054,659.9601400000001,0.7941960692405701,-1,-1,-1
218,2,490.19275,402.37833,767.3031000000001,657.9650999999999,0.7692297101020813,-1,-1,-1
219,2,514.3398,422.1038,767.8063399999999,665.8962399999999,0.7351654171943665,-1,-1,-1
220,2,484.8163,416.79996,834.838,669.1647,0.7685264945030212,-1,-1,-1
137,1,201.64864,82.35271,226.90593,197.0688,0.6922813057899475,-1,-1,-1
138,1,202.76172,85.68861,226.02618000000004,196.9495,0.6818175911903381,-1,-1,-1
139,1,199.80121,87.22282,227.41,196.45702999999997,0.7355993390083313,-1,-1,-1
140,1,202.56216,87.08814,228.90551999999997,200.10888999999997,0.7560358047485352,-1,-1,-1
141,1,202.29294,89.97024,229.29586999999998,200.21500000000003,0.8003106117248535,-1,-1,-1
142,1,203.66103,90.8445,230.94776999999996,201.54774000000003,0.8150567412376404,-1,-1,-1
143,1,207.81989,91.44823,231.27313000000004,202.19057,0.8091198801994324,-1,-1,-1
144,1,206.4797,92.09578,234.85953000000003,203.44102000000004,0.8462687730789185,-1,-1,-1
145,1,207.28374,91.28139,235.38539,204.90370000000001,0.8573765158653259,-1,-1,-1
146,1,207.3024,91.26891,235.33798,204.92354999999998,0.8579996824264526,-1,-1,-1
147,1,207.33694,91.269684,235.49164,204.88037000000003,0.8579174876213074,-1,-1,-1
148,1,207.16495,91.281586,235.49457000000004,204.84848,0.8571784496307373,-1,-1,-1
149,1,207.2135,91.3554,235.46288999999996,204.76726999999997,0.8577678799629211,-1,-1,-1
150,1,207.30371,91.330154,235.35916,204.77974,0.8582483530044556,-1,-1,-1
151,1,208.30708,91.39467,234.92107000000001,205.24784999999997,0.8593701124191284,-1,-1,-1
152,1,214.642,95.00188,253.66595,222.65404000000004,0.8905266523361206,-1,-1,-1
153,1,212.79051,95.89699,259.71844,224.24696,0.890358030796051,-1,-1,-1
154,1,216.85681,100.01343,260.29645,224.40604,0.8887912034988403,-1,-1,-1
155,1,219.47313,99.74311,258.10443,225.67038000000002,0.8915538787841797,-1,-1,-1
156,1,219.4245,97.61909,260.14774,228.95609,0.8926511406898499,-1,-1,-1
157,1,223.8288,96.79468,258.90024,234.70837000000003,0.8972330093383789,-1,-1,-1
158,1,227.71756,96.6823,260.6617,236.89808999999997,0.8993796110153198,-1,-1,-1
159,1,227.97412,98.634705,265.6498700000001,237.09726,0.9017289876937866,-1,-1,-1
160,1,233.10944,102.24124,264.96042,237.91086,0.9044352769851685,-1,-1,-1
161,1,233.45856,104.87335,269.93621999999993,241.05869,0.9114556908607483,-1,-1,-1
162,1,233.52467,104.87285,269.92071999999996,241.27503999999996,0.9115642309188843,-1,-1,-1
163,1,233.46214,104.877525,269.9375,241.19098000000002,0.9114006161689758,-1,-1,-1
164,1,233.62408,104.8932,269.87387,241.21263,0.9115818738937378,-1,-1,-1
165,1,233.55914,104.841896,269.97687,241.28292999999996,0.9112932085990906,-1,-1,-1
166,1,233.61417,104.85016,270.16388,241.30181999999996,0.9123138189315796,-1,-1,-1
167,1,233.6631,104.85434,270.1692,241.30267000000003,0.912451982498169,-1,-1,-1
168,1,233.64496,104.85534,270.22614,241.30019999999996,0.9124148488044739,-1,-1,-1
169,1,234.03362,104.85055,269.2104499999999,240.92145,0.9132306575775146,-1,-1,-1
170,1,233.99905,104.850235,269.26697,240.94745999999998,0.9132018089294434,-1,-1,-1
171,1,233.97954,104.78962,269.08612,240.96999999999997,0.913018524646759,-1,-1,-1
172,1,255.0647,115.88018,306.10339999999997,272.22665,0.9115246534347534,-1,-1,-1
173,1,257.24628,117.86104,308.58185,276.30737,0.911709189414978,-1,-1,-1
174,1,259.5065,118.46906,308.7543600000001,279.7471,0.9089098572731018,-1,-1,-1
175,1,263.713,119.171715,315.46716,287.76123,0.9057278037071228,-1,-1,-1
176,1,266.41895,120.5127,319.6580200000001,292.07574,0.9172539114952087,-1,-1,-1
177,1,272.08533,124.5699,314.8733,294.57117,0.9045951962471008,-1,-1,-1
178,1,274.73376,128.39937,326.06530000000004,298.33320000000003,0.8985754251480103,-1,-1,-1
179,1,280.28772,130.07266,326.74304,304.85126,0.8960403800010681,-1,-1,-1
180,1,285.40598,133.47684,327.42404,308.37362999999993,0.8976151943206787,-1,-1,-1
181,1,291.33978,138.06117,329.78960000000006,312.02936,0.9021652936935425,-1,-1,-1
182,1,288.62604,139.19214,341.33142,319.9826,0.8998371958732605,-1,-1,-1
183,1,294.7568,141.0123,341.2957,327.89290000000005,0.9173346757888794,-1,-1,-1
184,1,296.1066,144.96379,345.4949,332.4291999999999,0.92158442735672,-1,-1,-1
185,1,298.36664,150.63536,352.96666999999997,331.12585,0.915198028087616,-1,-1,-1
186,1,299.0104,154.0603,361.18997,340.44986000000006,0.905396580696106,-1,-1,-1
187,1,300.99847,154.28122,364.55402000000004,346.11676,0.8986251950263977,-1,-1,-1
188,1,301.82416,160.58081,376.92157,350.34952,0.8995363116264343,-1,-1,-1
189,1,301.77957,160.48343,376.87106,350.37674,0.8994181752204895,-1,-1,-1
190,1,301.7906,160.52243,376.83112,350.2341,0.8992559313774109,-1,-1,-1
191,1,302.9109,160.00917,376.08337,351.61432,0.9005672335624695,-1,-1,-1
192,1,324.3919,178.07544,391.28620000000006,361.60284,0.9013969302177429,-1,-1,-1
193,1,333.46628,185.50116,389.51339999999993,369.0279499999999,0.9027292728424072,-1,-1,-1
194,1,335.55872,185.29546,400.76648,376.5733000000001,0.8965784907341003,-1,-1,-1
195,1,341.33997,189.95491,401.72900000000004,388.2794799999999,0.8879334330558777,-1,-1,-1
196,1,343.05035,190.28348,422.12585,399.57955999999996,0.8992294669151306,-1,-1,-1
197,1,350.84744,190.89905,426.58218,402.60492,0.8939782977104187,-1,-1,-1
198,1,353.04388,202.94539,430.90442,408.76562,0.8993248343467712,-1,-1,-1
199,1,345.77927,208.30478,456.1335,412.37399999999997,0.8842151761054993,-1,-1,-1
200,1,355.88315,216.08818,462.90823,422.19873000000007,0.8952096104621887,-1,-1,-1
201,1,370.82346,219.77307,460.83365,430.94775000000004,0.893902599811554,-1,-1,-1
202,1,370.75592,219.81061,460.85516,430.94921999999997,0.8938004970550537,-1,-1,-1
203,1,370.7183,219.78246,460.8107600000001,430.9928,0.8936471939086914,-1,-1,-1
204,1,370.6966,219.75533,460.84590000000003,431.07812,0.8937166929244995,-1,-1,-1
205,1,371.55197,219.45798,460.25113,431.72835999999995,0.893302857875824,-1,-1,-1
206,1,371.50742,219.36086,460.18746999999996,431.8167000000001,0.8934049606323242,-1,-1,-1
207,1,371.4689,219.45332,460.22147,431.7207000000001,0.8933820128440857,-1,-1,-1
208,1,371.65692,219.60341,460.03162,431.68119999999993,0.8935316205024719,-1,-1,-1
209,1,371.60806,219.60854,460.06674,431.66125000000005,0.8935093283653259,-1,-1,-1
210,1,371.66916,219.50264,459.99549999999994,431.81146,0.8933821320533752,-1,-1,-1
211,1,371.60034,219.492,460.05603,431.81006,0.8933395147323608,-1,-1,-1
