517,1,1028.8345,47.23457,99.12732000000005,81.86806000000001,0.6149097084999084,-1,-1,-1
518,1,1027.8524,46.72332,99.51050000000009,81.65644,0.6413300037384033,-1,-1,-1
519,1,1028.3165,47.265957,98.80005000000006,82.52548,0.6275393962860107,-1,-1,-1
520,1,1029.1449,48.364246,98.04431,83.4682,0.6534247994422913,-1,-1,-1
525,1,1026.3368,48.564728,98.93041999999991,83.16153,0.6018913388252258,-1,-1,-1
530,1,1020.6202,55.874657,103.44220000000007,82.42120999999999,0.6086013317108154,-1,-1,-1
531,1,1020.1663,53.853775,105.13959000000011,83.96208,0.7643299698829651,-1,-1,-1
532,1,1023.2442,55.164062,103.0609740000001,83.09679,0.7455447912216187,-1,-1,-1
533,1,1021.5477,56.6752,105.24670400000002,83.47604000000001,0.8037970662117004,-1,-1,-1
534,1,1016.8647,58.016193,107.70123000000001,85.12398,0.8173248767852783,-1,-1,-1
535,1,1016.9945,57.803616,107.34008999999992,85.66030999999998,0.8413274884223938,-1,-1,-1
536,1,1016.65985,57.56601,107.35480000000007,86.53031999999999,0.8438507318496704,-1,-1,-1
537,1,1015.1133,59.594173,109.24756000000002,86.52609,0.8500655293464661,-1,-1,-1
538,1,1014.33923,60.428604,109.87475599999993,86.54993999999999,0.848430335521698,-1,-1,-1
539,1,1013.54706,60.021698,111.38995000000011,87.57024,0.858526885509491,-1,-1,-1
540,1,1013.91705,59.994385,110.46295000000009,88.26204000000001,0.8609331250190735,-1,-1,-1
541,1,1012.70087,60.5513,108.85662999999988,86.96277999999998,0.8578339219093323,-1,-1,-1
542,1,1011.3384,62.004772,111.0401599999999,87.03216600000002,0.8608246445655823,-1,-1,-1
543,1,1011.8157,62.305336,112.21301000000005,87.91030000000002,0.8641461730003357,-1,-1,-1
544,1,1011.81866,63.671604,111.74285999999995,87.56333999999998,0.860571026802063,-1,-1,-1
545,1,1010.3244,63.062862,110.16680999999994,88.27696,0.8646710515022278,-1,-1,-1
546,1,1010.3479,64.01753,109.86902000000009,88.59312400000002,0.8701037764549255,-1,-1,-1
547,1,1010.34753,64.06754,111.20227,89.84095,0.8663387894630432,-1,-1,-1
548,1,1010.58673,66.73523,111.73053000000004,88.363754,0.8681066036224365,-1,-1,-1
549,1,1009.32385,67.36184,112.06348000000003,88.48614,0.8641834259033203,-1,-1,-1
550,1,1007.8449,66.193184,114.05914000000007,90.90315999999999,0.8663317561149597,-1,-1,-1
551,1,1008.28436,67.77331,113.03973400000007,89.6914,0.8694969415664673,-1,-1,-1
552,1,1008.32007,69.32862,112.61767600000007,88.50801999999999,0.8652869462966919,-1,-1,-1
553,1,1008.42883,71.813515,112.40771499999994,87.92551400000002,0.8610963821411133,-1,-1,-1
554,1,1006.2444,74.27357,114.32165499999996,87.30680000000001,0.873091459274292,-1,-1,-1
555,1,1007.41394,75.43576,112.89623999999992,86.99505599999999,0.8707463145256042,-1,-1,-1
556,1,1005.29474,75.57775,113.5927099999999,88.83741000000002,0.8653337955474854,-1,-1,-1
557,1,1003.5929,78.31052,112.68151999999998,87.13299599999999,0.8684605360031128,-1,-1,-1
558,1,1001.86676,78.96406,114.69109999999989,87.987206,0.8765470385551453,-1,-1,-1
559,1,1001.79285,80.18511,114.88195999999994,88.63441999999999,0.8666151762008667,-1,-1,-1
560,1,1001.36127,82.39296,116.49761999999998,89.53737,0.8617956638336182,-1,-1,-1
561,1,1002.0471,84.32299,116.01928999999996,86.82848000000001,0.8615554571151733,-1,-1,-1
562,1,998.91235,84.03069,117.0384499999999,90.393684,0.8683949112892151,-1,-1,-1
563,1,999.905,84.18277,118.01880000000006,90.83150999999998,0.8793474435806274,-1,-1,-1
564,1,999.27924,85.916245,119.55364999999995,91.54885999999999,0.8821700811386108,-1,-1,-1
565,1,998.2358,88.493126,119.69879000000003,91.50741000000001,0.8895092010498047,-1,-1,-1
566,1,996.0067,89.97254,119.99816999999996,91.67576000000001,0.8837593793869019,-1,-1,-1
567,1,995.4471,89.41128,120.3959349999999,93.34486999999999,0.8830357193946838,-1,-1,-1
568,1,994.05505,89.779396,123.59753399999988,96.15402999999999,0.8825716376304626,-1,-1,-1
569,1,993.53595,92.42668,123.54584,96.166336,0.8852852582931519,-1,-1,-1
570,1,992.30225,93.44398,125.17981000000009,97.38595,0.8888556361198425,-1,-1,-1
571,1,993.73047,94.793205,124.56579600000009,96.28829000000002,0.8919512629508972,-1,-1,-1
572,1,991.8904,95.00078,125.49499500000002,97.45207,0.8887574076652527,-1,-1,-1
573,1,990.5579,95.32664,123.91070599999989,98.7378,0.8888939619064331,-1,-1,-1
574,1,989.99854,97.90632,123.94873000000007,97.659325,0.8921900987625122,-1,-1,-1
575,1,990.6829,98.581505,124.89580999999998,97.66381,0.8891145586967468,-1,-1,-1
576,1,990.1174,99.60451,127.83416999999997,100.69141000000002,0.8860039114952087,-1,-1,-1
577,1,988.9578,101.31704,125.51787999999999,100.24804000000002,0.8978527784347534,-1,-1,-1
578,1,987.83746,102.56266,124.89483999999993,101.30610000000001,0.8861643671989441,-1,-1,-1
579,1,987.9312,103.189995,125.84625000000005,101.59566500000001,0.8826289772987366,-1,-1,-1
580,1,988.7054,104.96745,126.44647000000009,104.11686999999999,0.8882840275764465,-1,-1,-1
581,1,990.2366,108.0676,124.95983999999999,102.6252,0.8935553431510925,-1,-1,-1
582,1,987.4216,107.82823,127.038635,105.79472,0.8896881341934204,-1,-1,-1
583,1,984.61597,108.97819,130.58776999999998,108.72327399999999,0.8851169943809509,-1,-1,-1
584,1,984.4239,109.213425,131.56268,109.81996000000001,0.886832594871521,-1,-1,-1
585,1,983.37103,112.33716,132.3523600000001,108.47034999999998,0.8889884352684021,-1,-1,-1
586,1,983.5028,113.03636,132.4002700000001,110.98379499999999,0.8840255737304688,-1,-1,-1
587,1,982.95654,114.41544,131.76916999999992,110.52097000000002,0.8908707499504089,-1,-1,-1
588,1,982.006,115.78335,133.33605999999997,111.08050000000001,0.8916944861412048,-1,-1,-1
589,1,978.836,118.29086,133.16156,110.89052,0.9180248379707336,-1,-1,-1
590,1,977.302,120.28758,133.2948,111.71998599999999,0.8919387459754944,-1,-1,-1
591,1,977.2771,121.810234,135.76720999999998,112.5286,0.9151092767715454,-1,-1,-1
592,1,977.5609,122.925835,136.31701999999996,114.27654000000001,0.9099251627922058,-1,-1,-1
593,1,977.1077,125.94182,134.51568999999995,113.429565,0.901231050491333,-1,-1,-1
594,1,973.7308,129.01498,135.71234000000004,114.67386000000002,0.9029639363288879,-1,-1,-1
595,1,972.11,130.10318,137.33667000000003,116.19060000000002,0.8995938301086426,-1,-1,-1
596,1,971.7269,131.40334,138.48950000000002,117.40076000000002,0.9001920819282532,-1,-1,-1
597,1,971.19525,134.75801,138.79437000000007,117.15406999999999,0.8952541947364807,-1,-1,-1
598,1,969.96313,137.06282,140.09399999999994,117.29603600000002,0.8974564671516418,-1,-1,-1
599,1,968.6685,140.79736,139.79937999999993,116.09555000000003,0.8955851197242737,-1,-1,-1
600,1,965.662,141.44456,142.9133300000001,117.97083999999998,0.8900952339172363,-1,-1,-1
601,1,963.60986,144.29974,142.23035000000004,119.99719000000002,0.8967386484146118,-1,-1,-1
602,1,963.08527,147.30954,142.77790000000005,121.45696999999998,0.9055354595184326,-1,-1,-1
603,1,963.03534,149.83153,141.86322000000007,122.28697,0.8915603756904602,-1,-1,-1
604,1,961.70465,151.5278,142.05364999999995,122.79333500000001,0.890433669090271,-1,-1,-1
605,1,959.0701,154.47986,143.31634999999994,123.69649999999999,0.8900964260101318,-1,-1,-1
606,1,957.04553,156.48698,144.0336900000001,125.11177,0.8905948996543884,-1,-1,-1
607,1,956.5223,158.51328,144.90240000000006,125.01452999999998,0.8910251259803772,-1,-1,-1
608,1,955.0884,161.49306,147.49390000000005,125.80943000000002,0.8894733190536499,-1,-1,-1
609,1,953.14575,164.86624,148.25060999999994,125.34496999999999,0.884456217288971,-1,-1,-1
610,1,951.16364,169.40088,148.2591,123.25255999999999,0.8806465864181519,-1,-1,-1
611,1,949.9954,172.40466,148.03754000000004,122.80208999999999,0.8809530138969421,-1,-1,-1
612,1,947.6806,175.26003,151.01190000000008,124.94899000000001,0.900469958782196,-1,-1,-1
613,1,947.1812,176.63754,150.1281100000001,126.8725,0.8931685090065002,-1,-1,-1
614,1,942.889,180.94794,153.30658000000005,129.63321,0.892736554145813,-1,-1,-1
615,1,941.4232,181.46167,154.43273999999997,132.20111,0.8971641659736633,-1,-1,-1
616,1,937.5845,185.83554,158.57153000000005,131.09528000000003,0.891622006893158,-1,-1,-1
617,1,934.9336,188.60695,156.60119999999995,132.42124999999996,0.8846595287322998,-1,-1,-1
618,1,932.5046,192.4786,156.69269000000008,134.03847999999996,0.8851327300071716,-1,-1,-1
619,1,931.40045,195.4405,157.9964000000001,134.66010999999997,0.8914226293563843,-1,-1,-1
620,1,928.79193,197.60406,160.12018,136.80185,0.9149109125137329,-1,-1,-1
621,1,925.9733,202.08302,160.0897799999999,134.84420000000003,0.8910334706306458,-1,-1,-1
622,1,924.1205,205.61346,160.56054999999992,136.42621,0.8969484567642212,-1,-1,-1
623,1,922.95026,208.52016,160.28497000000004,137.13936000000004,0.8992269039154053,-1,-1,-1
624,1,920.99,212.24901,163.0334499999999,139.06984,0.8987870812416077,-1,-1,-1
625,1,920.48035,218.0134,164.1832300000001,137.25784,0.894561767578125,-1,-1,-1
626,1,916.34863,221.93326,164.84728999999993,137.69363,0.8959293365478516,-1,-1,-1
627,1,913.161,225.70001,169.74376999999993,137.47730000000004,0.8921640515327454,-1,-1,-1
628,1,909.83484,228.1293,169.5894800000001,140.72490999999997,0.890085756778717,-1,-1,-1
629,1,909.7266,232.69734,167.51568999999995,140.30495000000002,0.8914704918861389,-1,-1,-1
630,1,907.6184,235.72713,170.82299999999998,144.32187999999996,0.8943593502044678,-1,-1,-1
631,1,905.0331,240.9681,170.62842000000012,144.68617,0.8894966244697571,-1,-1,-1
632,1,902.1172,244.07574,170.70495999999991,145.66223000000002,0.9012585282325745,-1,-1,-1
633,1,897.3615,251.54106,172.28557999999998,144.79683000000003,0.9080906510353088,-1,-1,-1
634,1,894.54706,254.00189,174.60613999999998,147.79962,0.90327388048172,-1,-1,-1
635,1,890.3429,257.3977,179.06165,149.94351,0.9064400792121887,-1,-1,-1
636,1,888.5994,262.57648,180.5922200000001,150.72589,0.909030020236969,-1,-1,-1
637,1,886.0135,268.6509,181.56781,150.67398000000003,0.9018310904502869,-1,-1,-1
638,1,882.8574,273.4312,181.5096400000001,152.20343000000003,0.9096071124076843,-1,-1,-1
639,1,880.83936,280.9058,181.9522700000001,150.77075000000002,0.9127625226974487,-1,-1,-1
640,1,878.1247,285.38547,182.44122000000004,153.0614,0.9109200239181519,-1,-1,-1
641,1,874.8953,291.8154,182.57990000000007,152.90329000000003,0.9065607786178589,-1,-1,-1
642,1,873.87036,296.8627,184.32445999999993,154.39691,0.9048065543174744,-1,-1,-1
643,1,869.04645,301.274,185.1637599999999,156.62476000000004,0.899506688117981,-1,-1,-1
644,1,865.60095,308.0991,189.16858000000002,157.85602,0.9167815446853638,-1,-1,-1
645,1,860.4059,313.58725,191.56286999999998,159.20328,0.9212384819984436,-1,-1,-1
646,1,858.4189,317.23563,193.39899000000003,162.30298,0.9141421318054199,-1,-1,-1
647,1,854.94995,324.94952,193.90723000000003,161.66003,0.9067896604537964,-1,-1,-1
648,1,852.3648,329.54395,193.32758,164.19579999999996,0.9113763570785522,-1,-1,-1
649,1,846.6936,338.46716,194.89000999999996,165.39916999999997,0.9096349477767944,-1,-1,-1
650,1,843.32825,344.45285,196.18419999999992,167.03564,0.9042884111404419,-1,-1,-1
651,1,840.22046,351.06958,200.26317999999992,169.12707999999998,0.9077097773551941,-1,-1,-1
652,1,836.539,356.76572,202.02618000000007,171.00687000000005,0.9023637175559998,-1,-1,-1
653,1,830.69977,363.7787,205.86980999999992,172.71319999999997,0.9098923802375793,-1,-1,-1
654,1,825.3228,370.97333,207.81670999999994,175.17223999999993,0.9095456004142761,-1,-1,-1
655,1,819.8404,375.61166,210.8506500000001,178.68027,0.9089086651802063,-1,-1,-1
656,1,816.8444,385.81738,211.51958999999988,176.47858000000002,0.917927622795105,-1,-1,-1
657,1,812.81976,392.62112,213.04730000000006,179.06215999999995,0.90256667137146,-1,-1,-1
658,1,809.35004,400.99237,215.88067999999998,182.67272999999994,0.9058407545089722,-1,-1,-1
659,1,804.85626,408.3122,215.00769000000003,180.13397000000003,0.9074510335922241,-1,-1,-1
660,1,797.0988,416.58533,221.04443000000003,184.29169000000002,0.9070437550544739,-1,-1,-1
661,1,790.4458,427.43893,221.50220000000002,184.56552,0.9098281264305115,-1,-1,-1
662,1,786.5555,435.45786,223.44086000000004,184.60439999999994,0.9168608784675598,-1,-1,-1
663,1,784.1598,444.5404,224.875,186.49005,0.911371111869812,-1,-1,-1
664,1,781.00555,450.76755,224.3053,191.59853999999996,0.9151912331581116,-1,-1,-1
665,1,774.4935,459.77945,230.04944,190.15262000000007,0.9046697616577148,-1,-1,-1
666,1,765.95105,467.6559,239.27648999999997,195.84915,0.9068784117698669,-1,-1,-1
667,1,765.0052,477.42865,238.08623999999998,197.71752999999995,0.9137276411056519,-1,-1,-1
668,1,759.31226,485.22052,244.16436999999996,198.63854999999995,0.899674654006958,-1,-1,-1
669,1,755.9265,492.17545,245.99108999999999,202.01705999999996,0.9096652269363403,-1,-1,-1
670,1,753.87067,502.68692,244.02441,204.11825999999996,0.9061174392700195,-1,-1,-1
671,1,747.7179,512.16534,247.63829999999996,207.64948000000004,0.9019185304641724,-1,-1,-1
672,1,748.2426,518.80743,248.32361000000003,213.90154999999993,0.9083878993988037,-1,-1,-1
673,1,741.8074,530.5701,256.56622000000004,212.61406999999997,0.9074190258979797,-1,-1,-1
674,1,734.22095,538.8187,260.47528,218.51824999999997,0.896877110004425,-1,-1,-1
675,1,731.7684,547.2521,264.10522000000003,222.15637000000004,0.8963634967803955,-1,-1,-1
676,1,725.7735,557.37317,268.03009999999995,222.75525000000005,0.9015679955482483,-1,-1,-1
677,1,721.2645,567.4659,271.28856999999994,227.40051000000005,0.9069489240646362,-1,-1,-1
678,1,717.64777,578.4504,276.01153999999997,230.55853000000002,0.8949440717697144,-1,-1,-1
679,1,712.42865,588.2682,279.00446,235.87390000000005,0.901067316532135,-1,-1,-1
680,1,704.2118,600.1193,285.86699999999996,232.51306,0.9085677266120911,-1,-1,-1
681,1,697.2123,611.8513,290.02515000000005,241.96312999999998,0.9124818444252014,-1,-1,-1
682,1,691.7811,624.71716,294.44727,239.8388,0.9154512286186218,-1,-1,-1
683,1,687.06683,634.9044,296.81909999999993,246.37,0.9074208736419678,-1,-1,-1
684,1,679.4992,644.2039,303.67650000000003,249.05773999999997,0.9110451936721802,-1,-1,-1
685,1,669.8782,656.0246,310.41925000000003,256.7534800000001,0.9178001284599304,-1,-1,-1
686,1,664.23956,667.5725,311.7019700000001,253.30395999999996,0.914002001285553,-1,-1,-1
687,1,654.38446,679.17786,318.3968,265.00073,0.9066240787506104,-1,-1,-1
688,1,641.72675,691.46045,326.64977999999996,269.53717000000006,0.8975728154182434,-1,-1,-1
689,1,634.3552,705.5297,331.4703400000001,269.97980000000007,0.9021927714347839,-1,-1,-1
690,1,619.93146,719.5869,342.34950000000003,277.39917,0.8997372984886169,-1,-1,-1
691,1,605.31366,732.4083,352.53607,279.2564,0.9166658520698547,-1,-1,-1
692,1,599.2714,745.58984,353.63293,285.44824000000006,0.8976370692253113,-1,-1,-1
693,1,583.7931,758.0615,364.52356,298.0167200000001,0.9034397602081299,-1,-1,-1
694,1,576.26227,778.8126,365.9358,295.14355,0.8908872604370117,-1,-1,-1
695,1,561.5131,795.069,373.80957,284.93102999999996,0.898709774017334,-1,-1,-1
696,1,547.84503,811.6542,380.25787,268.34583,0.896263062953949,-1,-1,-1
697,1,528.19366,832.0692,393.5043999999999,247.93079,0.8540897965431213,-1,-1,-1
698,1,506.50378,851.51416,416.62903000000006,228.46715999999992,0.8206129670143127,-1,-1,-1
699,1,495.39285,870.99615,414.3939500000001,209.00385000000006,0.8248615860939026,-1,-1,-1
700,1,481.9395,891.708,411.2162,188.2740500000001,0.7769190073013306,-1,-1,-1
701,1,460.82587,921.2419,434.6469000000001,158.75811999999996,0.6697201728820801,-1,-1,-1
702,1,452.04303,942.01917,440.01056,137.98082999999997,0.6134921312332153,-1,-1,-1
430,2,1017.2775,55.271156,115.43976000000009,89.32758000000001,0.7150825262069702,-1,-1,-1
431,2,1012.6162,53.057182,117.91626000000008,91.05419000000002,0.7928504347801208,-1,-1,-1
432,2,1014.802,59.980396,114.40478500000006,87.78547999999999,0.7961609363555908,-1,-1,-1
433,2,1012.61346,60.042297,117.62969999999996,89.37857,0.8027542233467102,-1,-1,-1
434,2,1009.099,56.573902,119.6301299999999,90.13779,0.8690101504325867,-1,-1,-1
435,2,1008.88293,57.035435,117.94739000000004,91.17690999999999,0.8680911660194397,-1,-1,-1
436,2,1006.65015,64.00111,117.72033999999996,84.52944000000001,0.8225409984588623,-1,-1,-1
437,2,1007.9168,64.143776,116.04082999999991,87.921715,0.832317054271698,-1,-1,-1
438,2,1008.3376,64.195,115.6265259999999,88.91165999999998,0.8340082764625549,-1,-1,-1
439,2,1008.4874,64.83407,116.5307600000001,89.00007,0.8299576640129089,-1,-1,-1
440,2,1006.14386,68.61182,118.24077999999997,88.50008,0.8500825762748718,-1,-1,-1
441,2,1001.87616,69.74068,119.83563000000004,88.66588999999999,0.8529089093208313,-1,-1,-1
442,2,999.20123,70.433685,121.37140000000011,88.707214,0.8622711300849915,-1,-1,-1
443,2,999.41943,72.61489,120.45458999999994,87.71726000000001,0.8661347031593323,-1,-1,-1
444,2,998.0282,73.43467,121.01488999999992,88.252235,0.8706582188606262,-1,-1,-1
445,2,998.1733,75.05865,119.65533399999993,87.62263000000002,0.87343430519104,-1,-1,-1
446,2,996.9726,77.79733,119.790344,86.42328000000002,0.8778210282325745,-1,-1,-1
447,2,997.60925,78.66278,119.47693000000004,87.02643,0.8748290538787842,-1,-1,-1
448,2,996.81305,80.61857,119.93207000000007,87.050545,0.8735882639884949,-1,-1,-1
449,2,997.0899,82.349205,119.43255599999998,86.62438000000002,0.8676482439041138,-1,-1,-1
450,2,998.58185,84.38424,118.65460000000007,85.35879,0.8684237003326416,-1,-1,-1
451,2,997.63477,85.804565,119.81641000000002,86.82820000000001,0.8685092926025391,-1,-1,-1
452,2,995.6812,87.196304,118.91643999999997,87.25934000000001,0.8849195241928101,-1,-1,-1
453,2,992.2336,87.13478,123.6282349999999,90.50008,0.8723183274269104,-1,-1,-1
454,2,992.543,88.8958,123.68413999999996,90.51317000000002,0.8761806488037109,-1,-1,-1
455,2,992.78735,90.64647,123.49023399999999,92.03152500000002,0.8893652558326721,-1,-1,-1
456,2,989.67584,91.48628,125.48309000000006,94.01816,0.8776149749755859,-1,-1,-1
457,2,986.6466,94.20525,128.85033999999996,94.09283000000002,0.8837987780570984,-1,-1,-1
458,2,986.4639,94.60088,128.2063599999999,95.97821999999998,0.878838062286377,-1,-1,-1
459,2,985.0183,96.280304,130.45398,96.81432999999998,0.8740668296813965,-1,-1,-1
460,2,983.48755,96.799675,130.44201999999996,97.54597,0.8810185790061951,-1,-1,-1
461,2,982.8132,97.71705,129.03459999999995,98.26485399999999,0.8899068236351013,-1,-1,-1
462,2,981.906,98.11337,131.1629600000001,100.73237600000002,0.8845918774604797,-1,-1,-1
463,2,980.39465,98.11673,132.06664999999998,102.145065,0.8905640840530396,-1,-1,-1
464,2,977.19653,100.03107,133.63269000000003,103.75130000000001,0.8947628736495972,-1,-1,-1
465,2,978.3107,103.16538,130.4942000000001,101.57558400000002,0.8983086943626404,-1,-1,-1
466,2,976.66113,103.1749,130.26404000000002,104.65230999999999,0.9018917679786682,-1,-1,-1
467,2,974.4005,105.3929,132.19201999999996,105.15803499999998,0.9100310802459717,-1,-1,-1
468,2,974.33435,106.56031,130.5549299999999,107.53057,0.9159674644470215,-1,-1,-1
469,2,970.78894,107.012405,133.42761000000007,110.29755,0.909974217414856,-1,-1,-1
470,2,968.8366,109.160706,135.15790000000004,111.33893,0.9122209548950195,-1,-1,-1
471,2,968.9104,111.470795,134.91992000000005,110.15066500000002,0.9081897139549255,-1,-1,-1
472,2,965.7436,111.7439,136.37372000000005,112.81936999999999,0.9179002642631531,-1,-1,-1
473,2,962.9278,113.55806,137.57855000000006,113.20380000000002,0.9134208559989929,-1,-1,-1
474,2,961.0082,115.04246,139.57421999999997,115.71406000000002,0.9101704955101013,-1,-1,-1
475,2,961.54535,118.52182,137.29523000000006,114.26947,0.9083214998245239,-1,-1,-1
476,2,958.9549,120.67067,138.13263000000006,115.4377,0.9087215662002563,-1,-1,-1
477,2,956.74945,122.711494,139.8035299999999,116.8471,0.9027735590934753,-1,-1,-1
478,2,956.4756,125.77311,139.25634999999988,117.7447,0.8977649807929993,-1,-1,-1
479,2,954.72845,129.0961,140.73822000000007,117.08847,0.8955510854721069,-1,-1,-1
480,2,952.2592,129.89595,141.76288,120.07756,0.8959661722183228,-1,-1,-1
481,2,949.89777,134.64005,143.8773799999999,119.92435,0.8904595375061035,-1,-1,-1
482,2,948.4081,138.45038,143.1981199999999,120.07861000000003,0.9000977873802185,-1,-1,-1
483,2,948.9313,140.73003,142.0472400000001,119.35924,0.8932955265045166,-1,-1,-1
484,2,947.4519,141.55977,142.39013999999997,121.26874999999998,0.8915964365005493,-1,-1,-1
485,2,944.7034,144.80048,143.91241000000002,122.86748999999998,0.8965365886688232,-1,-1,-1
486,2,941.35205,148.93587,147.11095999999998,121.99280999999999,0.8948377370834351,-1,-1,-1
487,2,939.02985,151.19055,147.75092000000006,123.05294999999998,0.8966661691665649,-1,-1,-1
488,2,937.0362,154.06696,149.7898600000001,124.04236000000003,0.9007124304771423,-1,-1,-1
489,2,934.27435,157.09547,152.5217899999999,125.93467999999999,0.8989512920379639,-1,-1,-1
490,2,932.74066,159.67822,152.06219999999996,126.46338000000003,0.900531530380249,-1,-1,-1
491,2,931.0164,163.41452,151.40192000000002,125.86871,0.8955934047698975,-1,-1,-1
492,2,928.9963,167.6129,152.8536999999999,126.27095,0.8968619108200073,-1,-1,-1
493,2,927.2318,171.20801,152.27099999999996,127.29070999999999,0.8972510099411011,-1,-1,-1
494,2,923.9927,174.0272,155.2048299999999,127.79970000000003,0.8914157152175903,-1,-1,-1
495,2,921.3118,177.9936,157.05475,129.72462,0.8948150873184204,-1,-1,-1
496,2,919.0726,181.6651,156.23077000000012,129.75435999999996,0.8942761421203613,-1,-1,-1
497,2,912.8867,186.83551,159.30860000000007,131.77008,0.8956226110458374,-1,-1,-1
498,2,911.79425,191.65463,159.88214000000005,133.34427,0.8956924676895142,-1,-1,-1
499,2,910.4686,193.9668,162.45068000000003,135.09237999999996,0.900807797908783,-1,-1,-1
500,2,906.48016,198.30779,165.1670499999999,136.68495000000001,0.8946865797042847,-1,-1,-1
501,2,901.6052,202.9086,165.81529999999998,136.94055,0.8963798880577087,-1,-1,-1
502,2,897.9027,207.47511,167.27807999999993,138.37651000000002,0.899586021900177,-1,-1,-1
503,2,895.41815,212.87762,167.83490000000006,138.34036,0.903688907623291,-1,-1,-1
504,2,893.60077,217.55652,169.99286000000006,139.88238999999996,0.893918514251709,-1,-1,-1
505,2,889.85126,223.44077,171.46636999999998,138.36525999999998,0.9098461866378784,-1,-1,-1
506,2,886.35126,227.89096,173.5208100000001,141.19904000000002,0.9051984548568726,-1,-1,-1
507,2,883.3956,231.92516,176.7032499999999,143.90873999999997,0.9046967625617981,-1,-1,-1
508,2,880.56866,237.87854,175.85565000000008,144.86703,0.8984851837158203,-1,-1,-1
509,2,875.52,242.55116,177.91370000000006,147.35468999999998,0.9054967761039734,-1,-1,-1
510,2,872.1984,249.19385,179.09856999999988,147.32031,0.9021379351615906,-1,-1,-1
511,2,868.5732,255.28062,181.32781999999997,148.29692,0.9079833030700684,-1,-1,-1
512,2,864.6179,261.4192,182.6449,150.47168,0.9125170707702637,-1,-1,-1
513,2,860.3245,266.5988,184.14166,152.04827999999998,0.9049740433692932,-1,-1,-1
514,2,855.00543,273.71494,188.03753999999992,153.21875,0.9186162352561951,-1,-1,-1
515,2,853.1919,277.63797,187.18932999999993,156.64031999999997,0.9048814177513123,-1,-1,-1
516,2,849.60693,286.0821,188.9515399999999,156.98746,0.9143685102462769,-1,-1,-1
517,2,844.50665,294.47763,191.65764999999988,158.41436999999996,0.9056720733642578,-1,-1,-1
518,2,838.26855,301.2903,194.66064000000006,161.93228,0.9024359583854675,-1,-1,-1
519,2,834.9113,308.0366,197.03692999999998,163.87881,0.91420578956604,-1,-1,-1
520,2,829.38226,314.61087,200.91863999999998,165.83889999999997,0.915138304233551,-1,-1,-1
521,2,824.3799,321.3721,204.22826999999995,169.11542000000003,0.9114850163459778,-1,-1,-1
522,2,820.8659,328.8035,204.9917600000001,170.59918,0.9206323623657227,-1,-1,-1
523,2,813.80396,338.2399,208.33673,171.98294000000004,0.9136337041854858,-1,-1,-1
524,2,809.7135,345.2537,208.81360000000006,175.72951999999998,0.9149847030639648,-1,-1,-1
525,2,802.1014,353.10092,216.17883000000006,178.91458,0.9079198837280273,-1,-1,-1
526,2,796.7737,363.7737,215.89710000000002,179.69962000000004,0.9190282821655273,-1,-1,-1
527,2,793.63275,373.3621,217.67426,179.87509000000006,0.9192777276039124,-1,-1,-1
528,2,788.74005,380.6903,219.06926999999996,184.06548999999995,0.9214316606521606,-1,-1,-1
529,2,780.33057,389.00818,224.52599999999995,188.12414999999993,0.9149052500724792,-1,-1,-1
530,2,774.0512,402.6698,228.19482000000005,186.09789999999998,0.9232432246208191,-1,-1,-1
531,2,766.0005,412.64948,232.17236000000003,189.75372,0.9109169840812683,-1,-1,-1
532,2,757.98035,423.0378,238.76520000000005,193.11080999999996,0.9143580794334412,-1,-1,-1
533,2,755.2569,432.6133,237.65375000000006,195.17380000000003,0.9107689261436462,-1,-1,-1
534,2,748.844,442.11862,240.32061999999996,200.64925999999997,0.9144472479820251,-1,-1,-1
535,2,741.0641,452.8026,242.09985000000006,201.41301999999996,0.915415346622467,-1,-1,-1
536,2,736.6441,460.79892,247.24743999999998,205.73251,0.9077699780464172,-1,-1,-1
537,2,728.0455,472.9781,251.40508999999997,209.79699999999997,0.9027109742164612,-1,-1,-1
538,2,722.99634,482.9411,255.85924999999997,214.98743000000002,0.8995177745819092,-1,-1,-1
539,2,714.36566,496.2405,262.52013999999997,215.48079999999993,0.9093316197395325,-1,-1,-1
540,2,707.14813,505.5314,266.59888,218.21041999999994,0.9146767258644104,-1,-1,-1
541,2,693.86475,519.23114,275.0440699999999,222.58983999999998,0.9128760695457458,-1,-1,-1
542,2,687.6716,530.4865,278.1331799999999,227.49969999999996,0.9133527278900146,-1,-1,-1
543,2,679.939,544.51526,282.31287,227.49707,0.9130086302757263,-1,-1,-1
544,2,675.5313,556.8927,285.70287999999994,232.06604000000004,0.9115413427352905,-1,-1,-1
545,2,666.66693,569.03754,289.2292,233.89911000000006,0.9058037996292114,-1,-1,-1
546,2,663.5855,582.5897,288.3537600000001,239.84735,0.9019092321395874,-1,-1,-1
547,2,654.00073,597.13184,300.471,242.09942999999998,0.9026399850845337,-1,-1,-1
548,2,643.61,612.00586,306.54779999999994,247.22278000000006,0.9015334248542786,-1,-1,-1
549,2,636.52747,620.1096,308.62835999999993,259.3922,0.9036927819252014,-1,-1,-1
550,2,620.87195,634.77313,322.25731999999994,262.25256,0.9278016090393066,-1,-1,-1
551,2,611.03735,647.7557,325.01562,264.9780999999999,0.91019606590271,-1,-1,-1
552,2,598.63025,661.7325,334.53333,272.86694,0.9093024730682373,-1,-1,-1
553,2,587.8829,675.76154,338.9240699999999,273.70696999999996,0.9089263677597046,-1,-1,-1
554,2,575.9201,692.1811,346.96564,275.98101999999994,0.9029377698898315,-1,-1,-1
555,2,558.411,711.9035,356.68555000000003,282.57153000000005,0.914630651473999,-1,-1,-1
556,2,542.4398,725.79193,366.31280000000004,292.18024,0.8950797915458679,-1,-1,-1
557,2,527.62683,745.1649,371.86603,294.22912999999994,0.9012815952301025,-1,-1,-1
558,2,510.438,761.706,380.0191,307.79462,0.8921747803688049,-1,-1,-1
559,2,493.97012,785.18915,388.6498000000001,294.81084999999996,0.8960715532302856,-1,-1,-1
560,2,473.1238,804.82355,403.14877000000007,275.17645000000005,0.8871015310287476,-1,-1,-1
561,2,450.89926,821.317,405.97842,258.68298000000004,0.861513614654541,-1,-1,-1
562,2,415.8268,848.67,436.2327000000001,231.07062000000008,0.7878759503364563,-1,-1,-1
563,2,401.90823,867.90155,435.88504,212.09844999999996,0.7647022008895874,-1,-1,-1
