423,1,1728.5696,800.65515,145.77393000000006,107.57263,0.6339942216873169,-1,-1,-1
424,1,1716.7767,800.4418,146.8493699999999,108.77221999999995,0.7434249520301819,-1,-1,-1
426,1,1691.153,802.5421,155.31128000000012,105.64972,0.6605532765388489,-1,-1,-1
427,1,1678.6877,800.5979,160.7769800000001,108.45794999999998,0.8128204941749573,-1,-1,-1
428,1,1663.5254,798.78894,164.26757999999995,108.74878000000001,0.8418774008750916,-1,-1,-1
429,1,1653.8922,806.07916,170.7910199999999,101.91101000000003,0.830782949924469,-1,-1,-1
430,1,1640.3711,795.40295,171.16028000000006,112.18725600000005,0.8669133186340332,-1,-1,-1
431,1,1625.1345,791.0992,172.72046,116.51104999999995,0.8395993113517761,-1,-1,-1
432,1,1613.0352,791.16583,176.99487,117.23113999999998,0.8510512709617615,-1,-1,-1
433,1,1589.6327,787.9059,187.35840000000007,118.54247999999995,0.8384270071983337,-1,-1,-1
434,1,1575.4419,787.27606,189.5709199999999,119.01275999999996,0.8482258915901184,-1,-1,-1
435,1,1564.5498,783.2431,194.86084000000005,120.59906000000001,0.8545107245445251,-1,-1,-1
436,1,1550.9495,782.4514,197.0214800000001,122.96947999999998,0.8615354895591736,-1,-1,-1
437,1,1529.9729,780.1489,201.83740000000012,126.18029999999999,0.8798974752426147,-1,-1,-1
438,1,1513.0642,776.5365,203.4150400000001,128.45184000000006,0.8641173243522644,-1,-1,-1
439,1,1490.4187,773.72095,213.76367000000005,133.15856999999994,0.8585531115531921,-1,-1,-1
440,1,1478.7097,771.60364,213.67211999999995,133.35339999999997,0.84731525182724,-1,-1,-1
441,1,1457.612,770.0255,225.74792000000002,134.53137000000004,0.8686537742614746,-1,-1,-1
442,1,1433.344,767.3959,235.22118999999998,137.06237999999996,0.8650345802307129,-1,-1,-1
443,1,1417.716,760.6587,234.85412999999994,142.30896000000007,0.8824613690376282,-1,-1,-1
444,1,1393.6172,759.0748,241.54089999999997,145.81866000000002,0.8633652925491333,-1,-1,-1
445,1,1373.7551,756.69543,248.73534999999993,147.10046,0.8793209195137024,-1,-1,-1
446,1,1350.7249,754.6625,260.56029999999987,146.93359999999996,0.8839935064315796,-1,-1,-1
447,1,1326.2274,751.0541,267.4243200000001,150.49559999999997,0.8751026391983032,-1,-1,-1
448,1,1299.693,746.67017,274.58899999999994,155.46245999999996,0.8667274117469788,-1,-1,-1
449,1,1263.7861,740.24994,291.3671999999999,161.58722,0.8659945726394653,-1,-1,-1
450,1,1243.262,738.09686,294.5629999999999,161.53943000000004,0.86701899766922,-1,-1,-1
451,1,1214.3596,735.2896,308.02124000000003,164.05761999999993,0.8485479354858398,-1,-1,-1
452,1,1189.2422,727.08813,308.02769999999987,173.75732000000005,0.8430666923522949,-1,-1,-1
453,1,1152.2065,722.31726,318.74440000000004,177.26671999999996,0.8475013375282288,-1,-1,-1
454,1,1118.1667,716.8074,331.9104,180.40015000000005,0.8538256287574768,-1,-1,-1
455,1,1084.0101,711.36475,341.28099999999995,186.22606999999994,0.8462017774581909,-1,-1,-1
456,1,1046.3108,707.7118,364.1322,187.68677000000002,0.8593600392341614,-1,-1,-1
316,2,1040.9584,937.5238,919.4817,587.3893000000002,0.786443829536438,-1,-1,-1
317,2,1195.0184,935.5183,798.2645,507.44420000000014,0.8043668866157532,-1,-1,-1
318,2,1436.2152,932.2871,580.9637499999999,444.98070000000007,0.8049752116203308,-1,-1,-1
319,2,1553.0559,923.0438,501.94481999999994,403.4298,0.8570758104324341,-1,-1,-1
320,2,1624.7817,924.6968,452.7055700000001,361.9274999999999,0.8510971665382385,-1,-1,-1
321,2,1687.1089,922.57275,404.33618,325.65173000000004,0.8650678396224976,-1,-1,-1
322,2,1743.9707,926.04297,370.5254000000002,295.9993999999999,0.8630225658416748,-1,-1,-1
323,2,1804.7328,928.4463,313.29796999999985,265.69359999999995,0.8574865460395813,-1,-1,-1
324,2,1831.6482,931.07654,309.7175299999999,240.46227999999996,0.8673075437545776,-1,-1,-1
325,2,1870.0254,928.3391,277.81910000000016,227.70447000000001,0.8488275408744812,-1,-1,-1
326,2,1903.277,929.91565,253.11583999999993,215.0319800000001,0.8481029272079468,-1,-1,-1
327,2,1918.36,927.0305,251.1773700000001,205.04113999999993,0.8503906726837158,-1,-1,-1
328,2,1937.7288,927.33374,236.21825999999987,192.45849999999996,0.8696112036705017,-1,-1,-1
329,2,1957.0337,928.1567,221.43555000000015,182.7836299999999,0.8487529158592224,-1,-1,-1
330,2,1976.1514,927.167,210.61597000000006,176.6191399999999,0.8435213565826416,-1,-1,-1
331,2,1986.7958,925.63354,206.2562300000002,166.44957999999997,0.8612543344497681,-1,-1,-1
332,2,2004.184,925.0076,195.7325400000002,160.35919,0.8477749228477478,-1,-1,-1
333,2,2016.9489,917.4114,189.34631000000013,159.59862999999996,0.8630212545394897,-1,-1,-1
334,2,2024.3845,916.0578,184.43480999999997,156.10051999999996,0.8502926230430603,-1,-1,-1
335,2,2036.0985,915.95044,174.10509999999977,148.90051000000005,0.8461755514144897,-1,-1,-1
336,2,2048.6594,909.63104,166.45751999999993,148.68939,0.8531899452209473,-1,-1,-1
337,2,2055.9788,904.76184,162.33203000000003,148.49853999999993,0.84909588098526,-1,-1,-1
338,2,2066.5542,905.62103,155.35352000000012,142.3650500000001,0.8481866717338562,-1,-1,-1
339,2,2073.583,906.2378,151.57934999999998,137.79418999999996,0.8405301570892334,-1,-1,-1
340,2,2079.5632,905.6146,147.35912999999982,135.3142099999999,0.8342297673225403,-1,-1,-1
341,2,2087.231,908.1117,141.2504899999999,130.46386999999993,0.8276504278182983,-1,-1,-1
342,2,2091.2258,908.06085,139.94263,125.714294,0.8288329243659973,-1,-1,-1
343,2,2095.7322,901.7689,139.77221999999983,127.43822999999998,0.8026891946792603,-1,-1,-1
344,2,2101.826,902.12634,136.46167000000014,125.08752400000003,0.7712268829345703,-1,-1,-1
345,2,2105.4028,903.85834,134.41454999999996,119.53949,0.6588554382324219,-1,-1,-1
347,2,2113.7393,897.99475,129.79565000000002,120.66057999999998,0.6323779821395874,-1,-1,-1
