590,2,1114.6621,320.92618,481.67163000000005,188.4083,0.8313126564025879,-1,-1,-1
591,2,1038.4547,317.3584,464.36597000000006,187.88690000000003,0.851597011089325,-1,-1,-1
592,2,954.6545,312.63443,459.84636999999987,188.31754,0.8502931594848633,-1,-1,-1
593,2,867.4164,310.70047,479.01575000000014,186.67449999999997,0.8397341966629028,-1,-1,-1
594,2,789.10364,306.49,458.9104,186.78121999999996,0.8605132699012756,-1,-1,-1
595,2,706.2054,301.2938,451.4739400000001,188.66492,0.8705893158912659,-1,-1,-1
596,2,611.0074,301.26028,465.10455,185.0235,0.8579543232917786,-1,-1,-1
597,2,529.2799,297.45737,464.70183999999995,186.78134,0.8622755408287048,-1,-1,-1
598,2,452.0196,296.86002,448.71606,184.24731000000003,0.867429256439209,-1,-1,-1
599,2,373.21393,292.72775,442.7233299999999,185.2973,0.8527067303657532,-1,-1,-1
600,2,293.4539,289.95218,435.0908999999999,185.17618,0.8657687306404114,-1,-1,-1
601,2,204.68436,294.20844,444.62167,177.63858,0.8567824363708496,-1,-1,-1
602,2,125.832985,294.85907,452.27883999999995,174.19061,0.8541605472564697,-1,-1,-1
603,2,44.78917,289.83377,445.92212,174.73192999999998,0.8406965732574463,-1,-1,-1
604,2,4.1432858,283.89276,411.5285,178.73059,0.8568634390830994,-1,-1,-1
605,2,0.0,282.79242,340.53082,173.67926,0.6124178171157837,-1,-1,-1
502,1,162.17339,466.6502,792.613,346.32226999999995,0.8226082921028137,-1,-1,-1
503,1,334.9017,471.85938,794.84937,349.09075999999993,0.8062615990638733,-1,-1,-1
504,1,523.789,467.68924,786.8814,358.8593399999999,0.800889790058136,-1,-1,-1
505,1,693.6313,475.9145,799.8848,356.34039999999993,0.7810893058776855,-1,-1,-1
506,1,887.0338,485.42117,712.9662,353.21335000000005,0.7710245847702026,-1,-1,-1
