321,1,252.97174,72.4834,97.50079,88.64076000000001,0.7529680132865906,-1,-1,-1
322,1,254.22876,70.23798,96.10315,89.03805,0.7202528119087219,-1,-1,-1
323,1,254.77322,73.80995,97.89171999999999,88.14393600000001,0.7382334470748901,-1,-1,-1
324,1,256.94193,76.92562,97.15280000000001,85.78042,0.6745399832725525,-1,-1,-1
325,1,257.07114,79.51355,99.971924,84.510666,0.7352805733680725,-1,-1,-1
326,1,260.77963,82.19793,99.17876999999999,83.0431,0.7785720825195312,-1,-1,-1
327,1,261.9936,83.74136,100.24523999999997,81.882324,0.7829476594924927,-1,-1,-1
328,1,263.24347,84.05281,100.63745,82.2892,0.8119995594024658,-1,-1,-1
329,1,264.1836,84.635284,101.18945000000002,82.84944,0.8212957382202148,-1,-1,-1
330,1,265.92725,83.91789,102.04571500000003,84.38184999999999,0.8168817758560181,-1,-1,-1
331,1,268.04086,85.099,101.6098,84.1693,0.8319071531295776,-1,-1,-1
332,1,272.23438,86.33453,99.37441999999999,83.77893,0.8478471040725708,-1,-1,-1
333,1,274.1815,86.200134,100.58679000000001,84.938156,0.8574441075325012,-1,-1,-1
334,1,274.80228,85.63542,101.60086000000001,85.98343000000001,0.8559556007385254,-1,-1,-1
335,1,277.7867,86.256836,101.82907,87.33967600000001,0.8690348863601685,-1,-1,-1
336,1,280.10522,87.4354,101.80453499999999,87.01838,0.869750440120697,-1,-1,-1
337,1,282.4975,88.13701,102.7525,87.21984999999998,0.866673469543457,-1,-1,-1
338,1,284.43967,89.64497,105.77877999999998,87.60358,0.8732173442840576,-1,-1,-1
339,1,285.4487,89.95664,108.64163000000002,89.14627999999999,0.872640073299408,-1,-1,-1
340,1,287.2441,90.67458,110.49514999999997,89.53713,0.8742631077766418,-1,-1,-1
341,1,288.44394,91.14585,114.49011000000002,90.28309000000002,0.873593270778656,-1,-1,-1
342,1,292.54788,90.84278,111.40915000000001,90.20676400000002,0.8669273257255554,-1,-1,-1
343,1,294.90845,90.88962,111.11858999999998,91.50931999999999,0.8705023527145386,-1,-1,-1
344,1,297.9539,93.7776,111.09911999999997,91.28583,0.8708282709121704,-1,-1,-1
345,1,301.97552,95.295685,107.87360000000001,90.81138600000001,0.8682701587677002,-1,-1,-1
346,1,304.0555,96.93768,106.90124500000002,91.398346,0.8710795044898987,-1,-1,-1
347,1,305.43845,95.92074,106.79739000000001,93.428505,0.8681259155273438,-1,-1,-1
348,1,308.1715,96.81467,108.17172,94.23505,0.8747835159301758,-1,-1,-1
349,1,310.13138,96.643364,111.11043999999998,95.14326000000001,0.8663978576660156,-1,-1,-1
350,1,312.35364,97.16213,113.43188500000002,95.594215,0.861826479434967,-1,-1,-1
351,1,314.3031,98.293785,114.77530000000002,95.593956,0.8600124716758728,-1,-1,-1
352,1,316.73117,99.13164,116.04156499999999,95.53535499999998,0.8568986058235168,-1,-1,-1
353,1,323.99036,100.10327,118.34860000000003,95.725296,0.8298197388648987,-1,-1,-1
354,1,325.91632,100.99478,118.58303999999998,96.61812000000002,0.8276680111885071,-1,-1,-1
355,1,328.52087,103.72206,117.88272,94.63852,0.8315414190292358,-1,-1,-1
356,1,333.39832,105.66487,118.24306999999999,96.54367,0.8200172185897827,-1,-1,-1
357,1,338.5088,108.92423,117.84357,94.973015,0.8268990516662598,-1,-1,-1
358,1,341.84818,110.15234,119.92937999999998,96.44812,0.8326524496078491,-1,-1,-1
359,1,343.78787,110.292725,118.18770999999998,98.97922999999999,0.8534250259399414,-1,-1,-1
360,1,346.83047,112.82029,117.78680400000002,96.452965,0.8574699759483337,-1,-1,-1
361,1,350.2989,113.50033,121.10741999999999,97.05234500000002,0.8580042719841003,-1,-1,-1
362,1,356.66043,114.09386,118.00882000000001,97.21643,0.8457357883453369,-1,-1,-1
363,1,360.36765,114.63168,117.57263,96.88074999999999,0.8478041887283325,-1,-1,-1
364,1,363.4517,114.58462,117.33080999999999,97.95698999999999,0.8583924770355225,-1,-1,-1
258,2,1026.0735,196.03282,289.0311300000001,203.63478,0.824828565120697,-1,-1,-1
259,2,1009.623,195.65402,287.1840199999999,202.61471999999998,0.8674716353416443,-1,-1,-1
260,2,999.43396,192.21223,284.82445999999993,200.60392999999996,0.886415958404541,-1,-1,-1
261,2,979.7831,187.22296,289.2009300000001,197.81534,0.8841190934181213,-1,-1,-1
262,2,970.74066,184.51285,290.45647999999994,196.20355000000004,0.8781668543815613,-1,-1,-1
263,2,961.5999,180.25748,277.00030000000004,194.46338000000003,0.8802279829978943,-1,-1,-1
264,2,941.9806,174.94179,285.4723,191.98441999999997,0.8826785683631897,-1,-1,-1
265,2,931.5212,176.80154,292.63067999999987,187.83666999999997,0.8753887414932251,-1,-1,-1
266,2,918.943,174.95152,273.99254999999994,185.92702,0.8752009868621826,-1,-1,-1
267,2,913.34686,176.47366,253.07598999999993,179.67447000000004,0.866670548915863,-1,-1,-1
268,2,903.2791,176.59305,231.74676999999997,179.00208000000003,0.8576163649559021,-1,-1,-1
269,2,888.4749,172.10056,234.75213999999994,181.15613,0.8511032462120056,-1,-1,-1
270,2,874.06494,167.77788,247.37133999999992,180.37181,0.8715006709098816,-1,-1,-1
271,2,861.1384,166.816,240.55798000000004,178.79239999999996,0.870186984539032,-1,-1,-1
272,2,851.4634,167.65085,235.69909999999993,173.3988,0.8695223331451416,-1,-1,-1
273,2,839.66565,164.22122,232.52307000000008,173.32053,0.8885523676872253,-1,-1,-1
274,2,824.3396,160.88916,236.4171100000001,174.01874000000004,0.8707744479179382,-1,-1,-1
275,2,821.8844,161.3431,231.74486999999988,172.17653,0.8955737352371216,-1,-1,-1
276,2,812.5188,159.7934,227.9544699999999,170.44016000000002,0.8925590515136719,-1,-1,-1
277,2,800.5513,155.60953,228.40637000000004,171.69891,0.8899876475334167,-1,-1,-1
278,2,792.5483,154.45029,217.1513,171.50005999999996,0.8988597989082336,-1,-1,-1
279,2,769.25397,153.08206,225.68018000000006,167.75191999999998,0.8757964372634888,-1,-1,-1
280,2,763.6087,152.64311,221.83856000000003,164.50508,0.8755552172660828,-1,-1,-1
281,2,754.17786,153.33025,226.67309999999998,162.77626,0.8696090579032898,-1,-1,-1
282,2,748.0508,150.00543,219.21282999999994,162.21414,0.8797644972801208,-1,-1,-1
283,2,743.17834,150.577,215.42188,158.94034,0.8711826205253601,-1,-1,-1
284,2,731.4274,150.09592,215.79071,158.73508,0.8691351413726807,-1,-1,-1
285,2,721.20087,147.46887,216.76726999999994,157.77408,0.878200113773346,-1,-1,-1
286,2,706.85425,144.55489,217.4765,157.44407999999999,0.8782879114151001,-1,-1,-1
287,2,693.7003,141.42871,221.15436,158.12540000000004,0.8618770837783813,-1,-1,-1
288,2,686.2884,140.67429,223.75305000000003,156.51077,0.8649874925613403,-1,-1,-1
289,2,678.21185,137.50555,217.76318000000003,157.23285,0.8791311383247375,-1,-1,-1
290,2,675.1511,139.73897,212.62665000000004,154.32225,0.8904041647911072,-1,-1,-1
291,2,659.54663,136.00555,223.55138999999997,155.45046999999997,0.8846883773803711,-1,-1,-1
292,2,645.21704,137.25629,228.85883,153.84426999999997,0.892036497592926,-1,-1,-1
293,2,630.55853,132.18237,233.35120000000006,157.68246,0.8789904117584229,-1,-1,-1
294,2,613.6798,129.03178,241.92590000000007,158.61592,0.8967885971069336,-1,-1,-1
295,2,601.9955,126.55705,243.5235,160.0677,0.8904872536659241,-1,-1,-1
296,2,587.2792,119.49203,248.29560000000004,166.53897,0.885668933391571,-1,-1,-1
297,2,575.77625,122.56561,245.86188000000004,158.84647,0.8786582350730896,-1,-1,-1
298,2,562.7884,116.37622,243.67467999999997,164.70325000000003,0.8683067560195923,-1,-1,-1
299,2,547.8799,120.81095,243.46758999999997,157.01697000000001,0.9071735143661499,-1,-1,-1
300,2,531.59033,122.50713,243.5321,156.04210999999998,0.8673797249794006,-1,-1,-1
301,2,505.71027,124.42433,258.89899999999994,150.51640000000003,0.8977159261703491,-1,-1,-1
302,2,488.70435,126.58736,268.72362999999996,148.93547,0.8622420430183411,-1,-1,-1
303,2,466.45023,127.098015,272.16397,147.35930999999997,0.8739445805549622,-1,-1,-1
304,2,444.47168,125.22854,281.02923999999996,147.91165,0.8546210527420044,-1,-1,-1
305,2,424.27777,124.71164,276.43433,149.53546,0.8543288707733154,-1,-1,-1
306,2,405.52304,125.227455,275.9763,147.40445,0.8694496154785156,-1,-1,-1
307,2,380.0001,125.39039,287.26755,145.01559999999998,0.8513338565826416,-1,-1,-1
308,2,364.40686,124.03664,280.48949999999996,147.43434,0.8480968475341797,-1,-1,-1
309,2,339.46796,124.16618,282.9826,147.09978,0.8635081648826599,-1,-1,-1
310,2,312.23114,124.12997,290.68449999999996,144.94284,0.8623878359794617,-1,-1,-1
311,2,294.65857,126.23055,286.80475000000007,144.24548,0.8685892224311829,-1,-1,-1
312,2,267.8488,125.99547,288.72713999999996,142.66636999999997,0.8681896328926086,-1,-1,-1
313,2,237.60336,128.09677,299.36038,140.25687,0.8680188655853271,-1,-1,-1
314,2,213.94415,129.2725,292.43863,141.90044000000003,0.875034749507904,-1,-1,-1
315,2,191.71982,129.15572,291.71442,140.58665,0.8439921140670776,-1,-1,-1
316,2,158.39563,132.72055,300.8361,136.11026000000004,0.8462671041488647,-1,-1,-1
317,2,136.29832,134.72202,292.6911,135.02051,0.7959710359573364,-1,-1,-1
318,2,113.16839,139.01921,285.11258,129.58672,0.8076508045196533,-1,-1,-1
319,2,76.757576,142.2593,289.72028,125.91147999999998,0.7721684575080872,-1,-1,-1
320,2,34.5647,146.69528,313.16028,121.90417499999998,0.79750657081604,-1,-1,-1
321,2,8.073176,145.45004,297.81638,123.18545499999999,0.7391976118087769,-1,-1,-1
322,2,0.7410621,144.15257,282.07242,127.27327,0.7635897994041443,-1,-1,-1
323,2,0.0,144.3461,264.85037,130.64007999999998,0.7972070574760437,-1,-1,-1
