327,2,1948.7681,1256.582,201.48242000000005,131.3201899999999,0.8011732697486877,-1,-1,-1
328,2,1915.4526,1248.418,207.84375,133.27332,0.8177566528320312,-1,-1,-1
329,2,1880.7269,1240.3475,213.9254199999998,138.1739500000001,0.8139110207557678,-1,-1,-1
330,2,1832.3517,1229.6803,236.95250999999985,144.88952999999992,0.8262243866920471,-1,-1,-1
331,2,1796.428,1218.6432,239.48046999999997,153.03467,0.8475509881973267,-1,-1,-1
332,2,1754.9104,1210.5455,250.31713999999988,153.12317000000007,0.8607393503189087,-1,-1,-1
333,2,1711.4655,1198.1084,263.7188699999999,160.57250999999997,0.8350449800491333,-1,-1,-1
334,2,1666.6306,1186.7307,293.32641999999987,166.7998,0.835508406162262,-1,-1,-1
335,2,1626.626,1185.4066,312.45117000000005,165.31555000000003,0.8393446207046509,-1,-1,-1
336,2,1580.1221,1182.7097,326.84142999999995,163.03624999999988,0.8307768702507019,-1,-1,-1
337,2,1530.8007,1175.6753,309.4445800000001,169.82886000000008,0.8593258261680603,-1,-1,-1
338,2,1474.5022,1168.3202,320.97656000000006,173.1766399999999,0.8583399653434753,-1,-1,-1
339,2,1419.2413,1158.3674,328.36426000000006,182.97399999999993,0.840754508972168,-1,-1,-1
340,2,1354.754,1151.7543,343.38074000000006,188.33655,0.8669031262397766,-1,-1,-1
341,2,1289.8035,1141.6973,365.3301999999999,197.66992000000005,0.8558769822120667,-1,-1,-1
342,2,1216.3267,1131.9175,385.08545000000004,210.79492000000005,0.8593891263008118,-1,-1,-1
343,2,1127.6919,1124.1094,417.8352,221.41064000000006,0.8555475473403931,-1,-1,-1
344,2,1045.9128,1117.6842,438.05005000000006,232.41906999999992,0.8495791554450989,-1,-1,-1
345,2,942.37476,1102.6344,482.36304000000007,255.31774999999993,0.8433924317359924,-1,-1,-1
346,2,826.6869,1093.4407,524.6344,273.3695,0.8435470461845398,-1,-1,-1
347,2,682.7081,1081.2097,597.61926,295.03723000000014,0.8347415924072266,-1,-1,-1
348,2,521.4276,1065.7875,672.89966,326.2428,0.8476386666297913,-1,-1,-1
349,2,346.60367,1052.6584,742.8009,353.93346999999994,0.8509265780448914,-1,-1,-1
350,2,124.947815,1052.3298,856.50385,367.8470500000001,0.8198840618133545,-1,-1,-1
351,2,18.932343,1031.6571,832.63684,408.37805000000003,0.7975161075592041,-1,-1,-1
352,2,1.1360168,1035.5968,696.7883,428.3932,0.6046738028526306,-1,-1,-1
383,1,0.0,822.7533,543.99634,488.93884000000014,0.719120979309082,-1,-1,-1
384,1,0.0,846.2329,655.12726,476.52222000000006,0.6623359322547913,-1,-1,-1
387,1,0.37246704,882.4287,872.431,442.86377000000005,0.7220277190208435,-1,-1,-1
388,1,8.329086,889.3843,961.90594,441.39513999999997,0.6806804537773132,-1,-1,-1
389,1,119.480515,900.4192,923.7287000000001,444.5953400000001,0.7758394479751587,-1,-1,-1
390,1,191.55807,918.51715,921.9270999999999,426.3363599999999,0.7641782760620117,-1,-1,-1
391,1,308.10632,969.65686,870.3495999999999,382.13977,0.7321035265922546,-1,-1,-1
392,1,399.24564,968.3485,832.619,388.06128,0.8357634544372559,-1,-1,-1
393,1,485.92044,981.52954,805.5365,380.17273,0.8489295244216919,-1,-1,-1
394,1,568.72546,991.2987,772.41736,373.19495000000006,0.8516255617141724,-1,-1,-1
395,1,647.8287,1014.77966,742.7438400000001,355.62854000000004,0.8371467590332031,-1,-1,-1
396,1,742.97394,1033.839,695.3686000000001,341.2910200000001,0.8653861880302429,-1,-1,-1
397,1,822.5221,1044.8127,671.26465,337.27637000000004,0.8614851832389832,-1,-1,-1
398,1,904.2328,1052.2076,627.4932999999999,332.8137199999999,0.8713855147361755,-1,-1,-1
399,1,988.6255,1063.5173,590.6274399999999,323.93677,0.8860575556755066,-1,-1,-1
400,1,1055.1069,1068.9891,561.14294,321.36804000000006,0.8711776733398438,-1,-1,-1
401,1,1123.7275,1077.698,534.9729,314.61462000000006,0.8675031661987305,-1,-1,-1
402,1,1197.3724,1098.9532,505.46299999999997,300.42724999999996,0.8740280866622925,-1,-1,-1
403,1,1268.3011,1122.7655,483.1670999999999,280.10132,0.8664565682411194,-1,-1,-1
404,1,1316.0419,1124.9084,470.78856999999994,279.6035199999999,0.8676537275314331,-1,-1,-1
405,1,1369.8135,1137.0886,451.69921999999997,266.66356999999994,0.8760228157043457,-1,-1,-1
406,1,1419.3923,1151.3794,438.4394500000001,258.0951,0.8827000856399536,-1,-1,-1
407,1,1474.6838,1162.2305,419.2102,252.93433000000005,0.8855903148651123,-1,-1,-1
408,1,1519.9072,1169.8154,410.33142,246.88562000000002,0.8650502562522888,-1,-1,-1
409,1,1564.3301,1168.9866,392.68506,246.61059999999998,0.8556458353996277,-1,-1,-1
410,1,1605.2476,1168.4034,384.11914,249.73620000000005,0.85100257396698,-1,-1,-1
411,1,1650.5483,1175.0911,365.93237,251.12659000000008,0.8311740756034851,-1,-1,-1
412,1,1696.9192,1199.2218,354.0746999999999,231.80627000000004,0.8230717182159424,-1,-1,-1
413,1,1739.8285,1216.7251,339.45496,218.47289999999998,0.8365160226821899,-1,-1,-1
414,1,1772.2183,1220.801,328.9856,219.2258300000001,0.8560385704040527,-1,-1,-1
415,1,1810.3699,1231.0737,318.68090000000007,212.86365,0.8500707745552063,-1,-1,-1
416,1,1841.5192,1241.3042,318.9386000000002,204.6540500000001,0.8090213537216187,-1,-1,-1
417,1,1872.3828,1243.9818,314.1186500000001,203.20325000000003,0.8502191305160522,-1,-1,-1
