277,1,1340.95,154.06287,187.61718999999994,131.61276,0.7153304219245911,-1,-1,-1
278,1,1322.6703,154.05963,187.92163000000005,130.24435000000003,0.7123379111289978,-1,-1,-1
279,1,1302.2334,150.12968,194.12365999999997,133.71263,0.6867590546607971,-1,-1,-1
280,1,1282.283,150.53618,194.12878,131.63628,0.7766481041908264,-1,-1,-1
236,2,1208.4718,181.5632,166.21191,145.28307999999998,0.8327437043190002,-1,-1,-1
237,2,1210.3431,182.1759,167.22559,147.70215000000002,0.8715988397598267,-1,-1,-1
238,2,1211.9304,184.04243,166.86255000000006,146.45753,0.8686420917510986,-1,-1,-1
239,2,1210.7526,185.57649,168.36987,146.47309999999996,0.8647939562797546,-1,-1,-1
240,2,1208.3981,187.49472,169.09265000000005,147.08471999999998,0.8687087893486023,-1,-1,-1
241,2,1203.62,188.35114,172.6245100000001,147.55246,0.8849432468414307,-1,-1,-1
242,2,1198.7992,189.07153,173.8693800000001,151.11269999999996,0.9092180132865906,-1,-1,-1
243,2,1189.7825,191.01784,177.4840099999999,149.33257,0.8858035206794739,-1,-1,-1
244,2,1180.3019,190.42607,184.89905,154.46901,0.9023423790931702,-1,-1,-1
245,2,1172.6787,191.15283,186.00403000000006,155.11441000000002,0.8825504183769226,-1,-1,-1
246,2,1160.3586,192.22617,195.4076,156.67755000000002,0.8915681838989258,-1,-1,-1
247,2,1151.92,193.30841,195.5908199999999,158.72707999999997,0.8911058902740479,-1,-1,-1
248,2,1138.6339,194.57098,200.59167000000002,161.10162,0.8918471336364746,-1,-1,-1
249,2,1130.906,198.81587,203.16919000000007,156.2599,0.888207733631134,-1,-1,-1
250,2,1112.1013,199.90622,203.53772000000004,159.48404000000002,0.8843878507614136,-1,-1,-1
251,2,1098.8358,201.44092,211.18419999999992,159.59122000000002,0.8958559632301331,-1,-1,-1
252,2,1082.2966,201.50035,214.3775599999999,162.71602,0.8987892866134644,-1,-1,-1
253,2,1070.3228,202.1056,218.42797999999993,162.86454999999998,0.8890965580940247,-1,-1,-1
254,2,1053.1713,202.70671,225.69543,165.98122,0.8948986530303955,-1,-1,-1
255,2,1041.9689,203.1614,220.06628,167.88046,0.9051807522773743,-1,-1,-1
256,2,1026.545,206.43779,218.01769999999988,168.64955000000003,0.8936177492141724,-1,-1,-1
257,2,1011.2873,204.90373,220.5532800000001,172.69579,0.8912614583969116,-1,-1,-1
258,2,993.73645,207.34258,226.93726000000004,173.29200000000003,0.894797146320343,-1,-1,-1
259,2,977.3462,208.22426,229.15599999999995,178.22239999999996,0.8958359956741333,-1,-1,-1
260,2,963.1181,209.46045,230.38373000000013,182.41063999999997,0.9143984317779541,-1,-1,-1
261,2,946.3231,211.9146,239.21033,180.87569000000002,0.9025158882141113,-1,-1,-1
262,2,924.9864,218.94975,248.82367,177.59105,0.8879820108413696,-1,-1,-1
263,2,909.21326,219.10843,246.5983900000001,181.66064,0.8860129117965698,-1,-1,-1
264,2,894.9211,221.99683,249.69146999999998,182.60672,0.8916888236999512,-1,-1,-1
265,2,879.7939,223.15154,247.91583000000003,184.41001999999997,0.8911329507827759,-1,-1,-1
266,2,865.14545,221.31413,246.1192000000001,191.58626,0.8977656960487366,-1,-1,-1
267,2,849.81146,222.12186,247.32146999999998,194.30814,0.9054612517356873,-1,-1,-1
268,2,837.3593,225.12134,248.29607999999996,193.84219999999996,0.8992508053779602,-1,-1,-1
269,2,824.20526,228.58391,249.51800000000003,197.1184,0.8962084650993347,-1,-1,-1
270,2,812.3263,228.25586,253.4266399999999,201.22369999999998,0.9017907381057739,-1,-1,-1
271,2,799.7574,229.99525,249.94499999999994,203.66614999999996,0.9150137305259705,-1,-1,-1
272,2,787.83136,235.40472,251.76006999999993,203.84127999999998,0.8981961011886597,-1,-1,-1
273,2,776.7498,236.18062,256.11346000000003,209.50800999999998,0.8978841304779053,-1,-1,-1
274,2,762.57355,240.62755,254.88855,212.92876000000004,0.8987927436828613,-1,-1,-1
275,2,753.0697,240.89171,256.55224999999996,218.48778,0.9095914363861084,-1,-1,-1
276,2,740.65594,243.12965,260.37964,222.16609000000003,0.9019256830215454,-1,-1,-1
277,2,732.5689,247.87077,256.98846000000003,222.05858,0.8942034840583801,-1,-1,-1
278,2,726.49,253.39232,256.3913600000001,227.10393000000002,0.9059411883354187,-1,-1,-1
279,2,720.6913,257.28793,256.21478,231.30106,0.913070797920227,-1,-1,-1
280,2,716.3366,262.47104,260.9702,232.46994,0.9144800901412964,-1,-1,-1
