37,1,858.4263,48.21716,252.60230000000013,128.43126,0.8364428877830505,-1,-1,-1
38,1,849.1351,48.39875,237.32781999999997,128.23007,0.8416175246238708,-1,-1,-1
39,1,837.6504,45.63001,229.15807999999993,130.57211,0.8267612457275391,-1,-1,-1
40,1,826.61255,51.170795,228.28099999999995,125.53117,0.8635365962982178,-1,-1,-1
41,1,815.59705,53.966187,222.85522000000003,124.11034000000001,0.8442661166191101,-1,-1,-1
42,1,809.3551,52.124546,211.27710000000002,126.09169,0.837643027305603,-1,-1,-1
43,1,803.5434,52.753513,207.23559999999998,126.32684,0.8661326169967651,-1,-1,-1
44,1,789.36,56.403835,202.55469000000005,123.026,0.8603139519691467,-1,-1,-1
45,1,778.05115,58.938816,200.19499999999994,122.81009,0.827145516872406,-1,-1,-1
46,1,775.1487,59.349514,194.91107,123.09976,0.8582929968833923,-1,-1,-1
47,1,769.65436,59.098225,188.46838000000002,123.32634,0.8729885220527649,-1,-1,-1
48,1,763.1558,59.510017,187.82317999999998,123.031136,0.874539315700531,-1,-1,-1
49,1,755.5485,59.846153,189.79998999999998,122.488625,0.8757272362709045,-1,-1,-1
50,1,747.1661,59.0645,187.56048999999996,124.77860999999999,0.8699752688407898,-1,-1,-1
51,1,742.9391,59.533356,183.63549999999998,123.94495,0.881044864654541,-1,-1,-1
52,1,737.3418,59.94432,184.64368000000002,124.55577,0.875375509262085,-1,-1,-1
53,1,731.1142,58.650436,184.73784999999998,127.47179000000001,0.8674312829971313,-1,-1,-1
54,1,725.15094,59.6343,182.11145,126.83303000000001,0.8624230623245239,-1,-1,-1
55,1,715.1214,59.21212,186.14935000000003,129.20935,0.8678697943687439,-1,-1,-1
56,1,713.3704,58.51587,184.16881999999998,128.60643,0.8770068287849426,-1,-1,-1
57,1,705.92554,59.23509,187.07677999999999,128.37176999999997,0.8740984201431274,-1,-1,-1
58,1,701.1848,58.730194,188.24938999999995,129.26158000000004,0.8800184726715088,-1,-1,-1
59,1,696.0126,58.590286,188.10608000000002,130.15968,0.874687135219574,-1,-1,-1
60,1,690.60376,59.348743,187.5462,129.55039999999997,0.8684725165367126,-1,-1,-1
61,1,685.0747,59.161674,186.72479999999996,130.28027,0.8703880906105042,-1,-1,-1
62,1,681.1015,60.85067,183.36627,128.19458,0.8751429915428162,-1,-1,-1
63,1,672.97504,61.44816,184.29224,129.7189,0.8762972950935364,-1,-1,-1
64,1,664.34424,61.732887,184.88018999999997,131.26465,0.8668054938316345,-1,-1,-1
65,1,664.1817,62.383194,183.01720999999998,131.20302,0.876314640045166,-1,-1,-1
66,1,655.9601,61.95719,182.51642000000004,133.24191,0.8721940517425537,-1,-1,-1
67,1,652.14154,61.825127,179.83678999999995,133.5412,0.8770245313644409,-1,-1,-1
68,1,648.91327,62.24542,178.85559,131.96095,0.8706210851669312,-1,-1,-1
69,1,643.82306,61.837173,179.98486000000003,133.80557,0.8760995864868164,-1,-1,-1
70,1,640.2619,62.00392,181.93102999999996,133.94598,0.8739976286888123,-1,-1,-1
71,1,637.51447,62.54429,179.77539000000002,133.91052,0.8691394329071045,-1,-1,-1
72,1,630.1034,62.839188,180.72626000000002,134.7005,0.8730791211128235,-1,-1,-1
73,1,624.9755,63.44381,181.52264000000002,135.91354,0.8795465230941772,-1,-1,-1
74,1,621.6983,63.48389,181.01782000000003,136.38985,0.8830485343933105,-1,-1,-1
75,1,617.013,63.968384,180.91985999999997,137.56214999999997,0.8780514001846313,-1,-1,-1
76,1,611.3424,63.979523,183.16656,138.56488,0.8659963607788086,-1,-1,-1
77,1,607.7681,64.59425,182.11406999999997,140.1551,0.8801773190498352,-1,-1,-1
78,1,602.6363,65.11542,182.55695000000003,141.00116,0.8807780742645264,-1,-1,-1
79,1,597.32104,64.95863,185.39227000000005,141.96495,0.8831393122673035,-1,-1,-1
80,1,592.1923,65.40387,183.58875,143.23338,0.8852658271789551,-1,-1,-1
81,1,587.3247,65.40593,184.82025,145.06522999999999,0.8883920311927795,-1,-1,-1
82,1,581.63245,66.28877,188.47626000000002,144.59381,0.891207754611969,-1,-1,-1
83,1,578.6478,69.00099,189.72699,144.15993,0.8939131498336792,-1,-1,-1
84,1,574.87445,68.48061,190.78936999999996,143.93948,0.9006348252296448,-1,-1,-1
85,1,570.8515,70.04488,189.60321,145.76291,0.8904843926429749,-1,-1,-1
86,1,566.3642,70.185295,188.77508999999998,145.08432,0.8975242376327515,-1,-1,-1
87,1,561.40204,70.918144,192.25635,146.76538,0.9048706889152527,-1,-1,-1
88,1,559.1297,72.60763,190.04192999999998,147.5184,0.8951942920684814,-1,-1,-1
89,1,557.1392,73.227234,189.63176999999996,150.15337,0.9022972583770752,-1,-1,-1
90,1,554.8622,76.59493,188.31774999999993,149.60278,0.9000541567802429,-1,-1,-1
91,1,553.47003,78.12772,186.33447,150.26999,0.90456622838974,-1,-1,-1
92,1,549.4597,79.41463,188.4013,152.0595,0.9027854800224304,-1,-1,-1
93,1,547.24896,80.84987,187.78412000000003,153.14817999999997,0.8973110318183899,-1,-1,-1
94,1,544.4207,82.81416,190.58942000000002,155.56876999999997,0.8947847485542297,-1,-1,-1
95,1,542.06995,84.79242,191.10100999999997,156.06136000000004,0.8918111324310303,-1,-1,-1
96,1,539.78973,86.08346,190.67334000000005,157.62668,0.8922662138938904,-1,-1,-1
97,1,538.8739,90.2164,191.35345000000007,156.88144,0.8917591571807861,-1,-1,-1
98,1,538.282,93.64677,190.04833999999994,155.70709,0.8940069675445557,-1,-1,-1
99,1,536.02985,98.62093,194.07025,154.64212000000003,0.8934766054153442,-1,-1,-1
100,1,535.5965,99.53483,196.52617999999995,157.77634,0.8912336826324463,-1,-1,-1
101,1,532.73376,101.318054,199.37047999999993,160.15323,0.8928422927856445,-1,-1,-1
102,1,533.3937,103.86797,200.29199000000006,159.97481999999997,0.9014753699302673,-1,-1,-1
103,1,534.01733,107.13472,200.62476000000004,159.88660999999996,0.9052374958992004,-1,-1,-1
104,1,536.4163,106.9014,200.36461999999995,163.86182,0.9034642577171326,-1,-1,-1
105,1,535.83545,108.75121,201.60289999999998,165.01909999999998,0.9025983214378357,-1,-1,-1
106,1,534.77606,111.07386,206.50775,167.04037000000002,0.900790810585022,-1,-1,-1
107,1,533.5742,114.16794,211.30304,169.64212000000003,0.903661847114563,-1,-1,-1
108,1,538.0522,118.908485,211.63073999999995,168.66843,0.8966612219810486,-1,-1,-1
109,1,537.37384,120.113205,216.47107000000005,171.37675000000002,0.9013829827308655,-1,-1,-1
110,1,539.7884,121.403984,216.76384999999993,174.87387,0.9038516879081726,-1,-1,-1
111,1,540.76434,124.793495,220.49097000000006,176.51171999999997,0.9057853817939758,-1,-1,-1
112,1,545.3942,130.05008,221.63062000000002,174.91891,0.9168108105659485,-1,-1,-1
113,1,546.925,130.86588,223.65026999999998,179.67080000000004,0.9176027774810791,-1,-1,-1
114,1,547.8889,136.24196,229.66265999999996,180.58925,0.9118385314941406,-1,-1,-1
115,1,548.8958,136.79366,233.86090000000002,184.20796,0.9094871282577515,-1,-1,-1
116,1,550.1968,140.70139,234.4878,184.61694,0.9084057211875916,-1,-1,-1
117,1,556.09564,145.31833,231.01752,185.51889,0.9199076890945435,-1,-1,-1
118,1,557.16437,148.13214,235.89526,187.80493,0.9086291790008545,-1,-1,-1
119,1,559.62646,152.83183,236.40332,189.83482,0.9027572274208069,-1,-1,-1
120,1,561.97363,158.1562,243.23388999999997,190.56459,0.9106982350349426,-1,-1,-1
121,1,565.24963,161.035,245.76575000000003,191.84567,0.908141553401947,-1,-1,-1
122,1,567.7856,164.16492,246.40972999999997,196.10925000000003,0.9196256399154663,-1,-1,-1
123,1,570.96844,167.02428,250.05957,199.23763,0.9068133234977722,-1,-1,-1
124,1,574.75354,173.0024,255.03217000000006,201.40273,0.9082497358322144,-1,-1,-1
125,1,576.0543,174.03276,262.86163,208.65770000000003,0.8996275067329407,-1,-1,-1
126,1,582.5412,178.6125,263.01062,210.43883,0.8980763554573059,-1,-1,-1
127,1,587.1226,185.87074,264.91193,210.53659999999996,0.8938016295433044,-1,-1,-1
128,1,594.05774,188.00569,270.73170000000005,217.71468000000002,0.896280825138092,-1,-1,-1
129,1,601.9951,191.98615,272.4163199999999,220.5426,0.8979226350784302,-1,-1,-1
130,1,609.0181,194.7396,277.01202,227.14400999999998,0.8990769386291504,-1,-1,-1
131,1,613.1596,200.27034,284.87183000000005,232.95964,0.8945844769477844,-1,-1,-1
132,1,620.81335,207.64357,287.76599999999996,234.25758000000002,0.897250235080719,-1,-1,-1
133,1,625.599,210.18849,294.47046,240.48851000000002,0.896935760974884,-1,-1,-1
134,1,634.6898,220.61337,298.84344,238.28464,0.910552442073822,-1,-1,-1
135,1,651.74066,229.10576,299.43726000000004,237.13954000000004,0.915662944316864,-1,-1,-1
136,1,658.22565,232.02705,304.19152999999994,246.14558000000002,0.9048976898193359,-1,-1,-1
137,1,666.56714,240.84106,309.76227000000006,251.50668,0.910971999168396,-1,-1,-1
138,1,673.89197,248.71346,318.7435300000001,251.91884,0.9096939563751221,-1,-1,-1
139,1,686.4532,255.21799,320.3556,257.7197,0.921074628829956,-1,-1,-1
140,1,692.11926,264.2285,334.42309999999986,262.29490000000004,0.921676754951477,-1,-1,-1
141,1,700.7407,273.0837,344.68848000000014,265.8768,0.9079811573028564,-1,-1,-1
142,1,711.4294,286.003,349.47443,267.9891400000001,0.9179914593696594,-1,-1,-1
143,1,722.2439,295.35626,355.57434,273.7079,0.9184110760688782,-1,-1,-1
144,1,734.45123,300.85748,359.69719999999995,281.49120000000005,0.9045936465263367,-1,-1,-1
145,1,743.36914,310.99323,370.85670000000005,283.8885000000001,0.904136061668396,-1,-1,-1
146,1,751.53503,319.77435,379.08422999999993,294.2791000000001,0.9032456874847412,-1,-1,-1
147,1,762.40454,329.2316,382.5228299999999,303.0414,0.9130351543426514,-1,-1,-1
148,1,774.6002,337.23184,395.50915999999995,311.23715,0.9064911007881165,-1,-1,-1
149,1,790.0696,355.96655,397.94226000000003,312.6017499999999,0.9048024415969849,-1,-1,-1
150,1,800.88837,371.01788,407.62896999999987,316.78723,0.902942419052124,-1,-1,-1
151,1,813.7706,382.61475,421.13829999999996,323.34454,0.9047766923904419,-1,-1,-1
152,1,826.8184,395.76962,432.56378000000007,332.98264,0.8980767726898193,-1,-1,-1
153,1,842.9839,409.6137,438.29248000000007,345.25873,0.8927661776542664,-1,-1,-1
154,1,857.7368,421.9833,458.06786999999997,357.52377,0.900006115436554,-1,-1,-1
155,1,871.2886,441.41928,471.9897500000001,361.87546000000003,0.8719732761383057,-1,-1,-1
156,1,889.2605,453.92902,487.75134000000014,386.71380000000005,0.900693953037262,-1,-1,-1
157,1,908.4032,469.63892,500.7003199999999,392.97595,0.8773557543754578,-1,-1,-1
158,1,926.0563,491.9935,519.5553,404.57766999999996,0.8659132122993469,-1,-1,-1
159,1,938.137,510.135,537.8277,421.9631999999999,0.8715205788612366,-1,-1,-1
160,1,964.5098,524.9561,555.1231,437.7714199999999,0.8492165803909302,-1,-1,-1
161,1,980.78516,552.2787,582.41907,458.50018,0.8432878255844116,-1,-1,-1
162,1,1016.99493,573.1391,590.65204,489.3719,0.8280243873596191,-1,-1,-1
163,1,1030.7463,605.28186,645.17896,474.71813999999995,0.829207181930542,-1,-1,-1
165,1,1088.6267,691.1612,720.2677000000001,388.8388,0.7082705497741699,-1,-1,-1
283,2,1477.1412,430.76132,442.8587600000001,359.48190000000005,0.8652715682983398,-1,-1,-1
284,2,1442.9211,415.23795,473.04516999999987,348.13547,0.8881272673606873,-1,-1,-1
285,2,1408.1505,400.04684,462.85033999999996,333.32382000000007,0.8798461556434631,-1,-1,-1
286,2,1369.2312,381.59164,452.6447800000001,329.60208,0.892873227596283,-1,-1,-1
287,2,1341.7815,364.39438,438.02393000000006,324.34707999999995,0.9028815031051636,-1,-1,-1
288,2,1315.0508,355.74167,418.9425000000001,309.62283,0.8869699835777283,-1,-1,-1
289,2,1282.8815,336.89734,402.5392999999999,301.2229,0.898273229598999,-1,-1,-1
290,2,1258.1732,325.49295,400.46900000000005,295.2452,0.9003404378890991,-1,-1,-1
291,2,1231.202,316.90466,392.50389999999993,283.36175999999995,0.9024488925933838,-1,-1,-1
292,2,1207.7568,305.65787,379.4455600000001,275.61307,0.8888934254646301,-1,-1,-1
293,2,1184.4932,296.51813,367.26648,266.55634000000003,0.9083664417266846,-1,-1,-1
294,2,1165.1182,283.12097,367.45117000000005,264.36364999999995,0.894646942615509,-1,-1,-1
295,2,1149.7206,276.94287,350.42578000000003,252.97869999999995,0.8943729400634766,-1,-1,-1
296,2,1132.3818,267.26215,338.9084499999999,247.02172999999993,0.9111019968986511,-1,-1,-1
297,2,1111.1152,256.86063,335.85619999999994,241.9302,0.9007006287574768,-1,-1,-1
298,2,1093.7257,249.79532,328.92065,235.56976000000003,0.8982052206993103,-1,-1,-1
299,2,1079.6964,241.10085,315.59277,230.53926000000004,0.8872075080871582,-1,-1,-1
300,2,1059.8894,232.57083,312.77808000000005,226.86417,0.8878987431526184,-1,-1,-1
301,2,1044.7355,226.3482,305.70543999999995,221.22768999999997,0.8854115605354309,-1,-1,-1
302,2,1033.6515,218.71443,295.4540999999999,218.00575000000003,0.8797082901000977,-1,-1,-1
303,2,1024.3193,212.95033,289.7855199999999,212.15303,0.8822559714317322,-1,-1,-1
304,2,1008.04553,204.92668,280.7627000000001,208.25974999999997,0.8997513651847839,-1,-1,-1
305,2,995.62195,196.58907,277.34850000000006,205.54881,0.8917742371559143,-1,-1,-1
306,2,981.9046,190.73515,269.32499999999993,201.54338000000004,0.8940877318382263,-1,-1,-1
307,2,971.3749,187.36104,267.8563200000001,198.75113999999996,0.8820570707321167,-1,-1,-1
308,2,963.8495,180.58792,263.0443,197.08047,0.8817776441574097,-1,-1,-1
309,2,953.44885,174.59857,258.6681000000001,193.36868000000004,0.8941490650177002,-1,-1,-1
