512,1,344.12122,558.23944,140.18442,89.72369400000002,0.7387202382087708,-1,-1,-1
513,1,325.2527,562.1302,142.16852,92.65874999999994,0.7906537055969238,-1,-1,-1
514,1,305.38477,569.3209,145.67215,91.82354999999995,0.8030868172645569,-1,-1,-1
515,1,288.9366,571.81537,146.88858,93.01360999999997,0.7706608772277832,-1,-1,-1
516,1,271.40103,579.85046,141.76025000000004,89.73498499999994,0.8112900257110596,-1,-1,-1
517,1,255.21503,586.20013,140.57932,87.13074000000006,0.828386127948761,-1,-1,-1
518,1,243.16049,586.2452,138.4791,89.39568999999995,0.7895026206970215,-1,-1,-1
519,1,229.19756,590.7449,138.33800000000002,89.00225999999998,0.7878825068473816,-1,-1,-1
520,1,208.23819,597.28143,139.58917,93.99682600000006,0.8406423926353455,-1,-1,-1
521,1,190.629,602.89075,140.98439999999997,92.91839600000003,0.8124634623527527,-1,-1,-1
522,1,176.50616,608.5459,141.06589,90.56793000000005,0.7911154627799988,-1,-1,-1
523,1,164.44182,616.6935,129.03575,88.88513,0.7865481972694397,-1,-1,-1
524,1,145.38696,621.5987,138.03540000000004,88.70874000000003,0.7238363027572632,-1,-1,-1
525,1,125.64559,626.5579,145.24438,87.21569999999997,0.7630079388618469,-1,-1,-1
526,1,110.27899,633.6513,136.3556,85.93091000000004,0.7659174799919128,-1,-1,-1
527,1,91.475006,635.10895,142.97060999999997,87.34228499999995,0.7654125690460205,-1,-1,-1
528,1,74.49472,640.3464,144.68103,87.06377999999995,0.7907682061195374,-1,-1,-1
529,1,59.416344,642.0993,141.84875,91.84112500000003,0.7378703951835632,-1,-1,-1
530,1,41.87839,649.6901,142.79166,88.69079599999998,0.7045308947563171,-1,-1,-1
531,1,22.987007,654.61304,147.84848,90.72552500000006,0.7204458713531494,-1,-1,-1
268,2,1306.9987,318.32742,292.27063,153.09729,0.7014224529266357,-1,-1,-1
269,2,1268.2482,322.80112,330.04565,152.48827999999997,0.770926296710968,-1,-1,-1
270,2,1224.8708,330.7896,344.7048299999999,144.60650000000004,0.7822955250740051,-1,-1,-1
271,2,1176.9233,338.51813,317.2428,140.89659999999998,0.7067862749099731,-1,-1,-1
272,2,1129.0718,348.95715,303.46143000000006,136.022,0.7527511715888977,-1,-1,-1
273,2,1088.9098,359.22855,290.4781499999999,131.16968000000003,0.791431188583374,-1,-1,-1
274,2,1050.4564,365.96283,281.9535000000001,127.98644999999999,0.7985448241233826,-1,-1,-1
275,2,1022.2429,372.18582,248.42603000000008,125.32709,0.8146906495094299,-1,-1,-1
276,2,988.21295,376.3269,251.1375099999999,123.786835,0.8081209063529968,-1,-1,-1
277,2,961.2678,382.03757,230.16089,120.02084000000002,0.8668996095657349,-1,-1,-1
278,2,940.1157,388.14636,215.66626000000008,116.85647599999999,0.8372126817703247,-1,-1,-1
279,2,916.7017,393.9283,196.82123000000013,111.504974,0.8494985699653625,-1,-1,-1
280,2,893.465,397.02014,195.14655000000005,109.81826999999998,0.8200339674949646,-1,-1,-1
281,2,868.93384,401.39456,188.11803999999995,110.06963999999999,0.8043133616447449,-1,-1,-1
282,2,852.99664,406.01215,181.23590000000002,105.35964999999999,0.7913167476654053,-1,-1,-1
283,2,833.2714,407.56952,173.26581,107.85748000000001,0.8103169798851013,-1,-1,-1
284,2,817.2311,410.65732,167.85393999999997,104.83877600000005,0.8055856227874756,-1,-1,-1
285,2,801.003,413.0638,165.31640000000004,103.07979999999998,0.8157599568367004,-1,-1,-1
286,2,784.91833,415.6088,159.66992000000005,103.71798999999999,0.8003964424133301,-1,-1,-1
287,2,772.62195,420.88812,151.60345000000007,99.51440399999996,0.8168370723724365,-1,-1,-1
288,2,758.8208,425.40387,148.47827000000007,96.21087999999997,0.8087329864501953,-1,-1,-1
289,2,739.32135,427.09613,146.81029999999998,96.54436999999996,0.8579838275909424,-1,-1,-1
290,2,725.724,429.90552,146.56133999999997,97.05908,0.8357412219047546,-1,-1,-1
291,2,712.97723,432.95477,144.28918,94.63141000000002,0.8167276382446289,-1,-1,-1
292,2,701.77747,435.77594,138.38213999999994,93.15575999999999,0.8284417986869812,-1,-1,-1
293,2,691.33453,437.87653,134.80090000000007,92.365906,0.8229764699935913,-1,-1,-1
294,2,682.63074,439.63998,134.76702999999998,90.37697999999995,0.7798410058021545,-1,-1,-1
295,2,673.8444,442.0371,124.68072499999994,90.74285999999995,0.8088786005973816,-1,-1,-1
296,2,662.3612,443.30817,125.29912999999999,88.80902000000003,0.7966681122779846,-1,-1,-1
297,2,652.5387,445.91614,118.22815000000003,88.73229999999995,0.791373610496521,-1,-1,-1
298,2,644.74744,450.91373,116.87683000000004,84.20865000000003,0.7951660752296448,-1,-1,-1
299,2,636.22455,451.17456,115.28094499999997,86.07922000000002,0.7478649616241455,-1,-1,-1
300,2,628.4748,453.6376,113.87652600000001,84.00954999999999,0.7110399603843689,-1,-1,-1
301,2,622.18884,453.9278,107.64056400000004,83.38281,0.6323387026786804,-1,-1,-1
