402,2,1734.4667,748.6954,822.4854999999998,443.51068,0.831602156162262,-1,-1,-1
403,2,1609.3225,748.26917,874.5107399999999,392.8953999999999,0.7774943113327026,-1,-1,-1
404,2,1483.0483,749.52026,745.8808599999998,344.19066999999995,0.7169323563575745,-1,-1,-1
405,2,1334.2166,754.3452,632.9304,302.2527,0.8033844828605652,-1,-1,-1
406,2,1244.5271,743.9065,591.8817000000001,285.9212600000001,0.7693468928337097,-1,-1,-1
407,2,1175.534,741.40576,499.2855199999999,270.8502199999999,0.8427876234054565,-1,-1,-1
408,2,1099.5718,742.67944,455.6355000000001,246.37665000000004,0.8503271341323853,-1,-1,-1
409,2,1045.1855,743.9409,426.21605999999997,221.81621999999993,0.8647854328155518,-1,-1,-1
410,2,990.87964,741.45154,383.7950400000001,214.60693000000003,0.860201895236969,-1,-1,-1
411,2,948.6508,740.95325,354.32012999999995,205.90295000000003,0.8526421189308167,-1,-1,-1
412,2,909.1106,736.18896,336.80602999999996,196.40868999999998,0.8564761877059937,-1,-1,-1
413,2,866.1189,742.4133,311.26318000000003,182.95715000000007,0.8524562120437622,-1,-1,-1
414,2,834.18896,739.83704,281.1972700000001,175.80566,0.8523061275482178,-1,-1,-1
415,2,801.3067,736.21045,269.81841999999995,170.19763,0.8694227337837219,-1,-1,-1
416,2,776.931,737.07733,253.2703899999999,163.66301999999996,0.8793249726295471,-1,-1,-1
417,2,748.9643,736.7081,245.84411999999998,157.74536,0.8654269576072693,-1,-1,-1
418,2,726.01575,733.25366,241.97771999999998,154.83289000000002,0.8555117845535278,-1,-1,-1
419,2,706.8527,732.4356,224.65117999999995,148.94256999999993,0.8672903180122375,-1,-1,-1
420,2,688.5552,733.7707,211.91998,142.76793999999995,0.8469798564910889,-1,-1,-1
421,2,672.14264,732.03235,199.14642000000003,140.99487,0.8380148410797119,-1,-1,-1
422,2,652.99133,730.01086,195.03143,138.25878999999998,0.8618465662002563,-1,-1,-1
423,2,639.31616,732.4696,181.6101,131.88207999999997,0.84451824426651,-1,-1,-1
424,2,623.03955,728.9905,180.49059999999997,131.84387000000004,0.8687256574630737,-1,-1,-1
425,2,609.6986,725.0427,172.39624000000003,131.31104000000005,0.8511713743209839,-1,-1,-1
426,2,595.153,725.6204,173.83978000000002,128.42224,0.836224377155304,-1,-1,-1
427,2,585.4854,729.483,165.83038,121.51104999999995,0.8312808275222778,-1,-1,-1
428,2,572.76196,732.6592,159.49927000000002,115.33691399999998,0.8407468199729919,-1,-1,-1
429,2,560.0718,731.70605,160.51965000000007,115.90063499999997,0.8272590041160583,-1,-1,-1
430,2,550.6737,730.24097,147.23022000000003,113.51745600000004,0.8247022032737732,-1,-1,-1
431,2,539.1362,732.6638,145.29529000000002,109.03516000000002,0.8108065724372864,-1,-1,-1
432,2,530.7405,725.5775,145.28381000000002,114.03643999999997,0.7997530102729797,-1,-1,-1
433,2,525.8413,725.39984,133.73260000000005,111.89684999999997,0.7667269706726074,-1,-1,-1
434,2,515.44214,728.15564,136.17047000000002,106.38567999999998,0.7413021922111511,-1,-1,-1
435,2,507.01868,732.0563,130.95061999999996,100.50232000000005,0.7500453591346741,-1,-1,-1
436,2,500.56952,730.72156,127.74097000000006,100.222534,0.6946119666099548,-1,-1,-1
437,2,492.13727,731.24255,126.49286000000001,99.07312000000002,0.6070214509963989,-1,-1,-1
287,1,349.4583,763.7031,142.56195000000002,111.49108999999999,0.7466093301773071,-1,-1,-1
288,1,354.9559,765.96545,141.06689999999998,111.63232400000004,0.7548742294311523,-1,-1,-1
289,1,357.5982,766.2493,146.1424,115.69610599999999,0.7874116897583008,-1,-1,-1
290,1,360.9729,766.2763,149.70367,118.15508999999997,0.8023820519447327,-1,-1,-1
291,1,365.55115,764.77997,156.75122,123.15185499999995,0.8056735992431641,-1,-1,-1
292,1,373.59937,765.1411,155.26453000000004,125.07483000000002,0.7933717370033264,-1,-1,-1
293,1,377.7265,766.4049,156.46564,125.89477499999998,0.7633325457572937,-1,-1,-1
294,1,381.9265,765.6636,161.16711000000004,130.01464999999996,0.7959887385368347,-1,-1,-1
295,1,386.77576,766.9827,167.75524999999993,133.30993999999998,0.8016662001609802,-1,-1,-1
296,1,390.6811,769.2474,171.25396999999998,134.36292000000003,0.8202762007713318,-1,-1,-1
297,1,394.6222,769.0459,175.00671,139.01366999999993,0.8766631484031677,-1,-1,-1
298,1,400.2047,771.3147,180.25769000000003,141.07939999999996,0.8604630827903748,-1,-1,-1
299,1,411.53253,772.15894,182.69818000000004,146.95288000000005,0.8515965342521667,-1,-1,-1
300,1,410.9073,774.2705,193.82793999999996,150.97619999999995,0.8440566658973694,-1,-1,-1
301,1,423.74496,777.9603,189.41983000000005,148.11865,0.8648573756217957,-1,-1,-1
302,1,426.56714,778.43066,200.66443000000004,154.51013,0.8696817755699158,-1,-1,-1
303,1,437.1225,781.8698,204.08020000000005,158.57666000000006,0.863200306892395,-1,-1,-1
304,1,445.1693,782.69165,210.04729999999995,166.42730000000006,0.8697947263717651,-1,-1,-1
305,1,449.1954,784.8987,223.10776000000004,170.70129999999995,0.8667454719543457,-1,-1,-1
306,1,461.51727,787.6881,226.96295000000003,173.65942000000007,0.8786890506744385,-1,-1,-1
307,1,469.70825,790.1113,243.18224999999995,181.52069000000006,0.8859453201293945,-1,-1,-1
308,1,480.51147,791.22144,249.22009999999995,187.30713000000003,0.8812263011932373,-1,-1,-1
309,1,493.32687,795.1425,261.6962,193.26020000000005,0.8944459557533264,-1,-1,-1
310,1,498.4755,798.9916,279.9026799999999,200.15503,0.8754603862762451,-1,-1,-1
311,1,518.67346,802.4995,283.42523000000006,206.99054,0.8963419795036316,-1,-1,-1
312,1,535.7435,805.77466,297.81726000000003,215.27588000000003,0.8827888369560242,-1,-1,-1
313,1,551.8558,809.38635,315.06836,224.94787999999994,0.8670686483383179,-1,-1,-1
314,1,571.7272,807.984,334.39282000000003,239.40881000000002,0.8907493352890015,-1,-1,-1
315,1,598.1853,812.79004,353.9569,254.99390000000005,0.8747644424438477,-1,-1,-1
316,1,617.80853,816.25824,382.13519999999994,268.17656999999997,0.8939336538314819,-1,-1,-1
317,1,642.4562,816.91455,415.6854199999999,287.8326400000001,0.8872348070144653,-1,-1,-1
318,1,671.3838,826.091,446.19556,303.5357,0.8934580683708191,-1,-1,-1
319,1,710.1187,829.5459,478.95306000000005,327.0556600000001,0.9027237296104431,-1,-1,-1
320,1,746.24133,833.1144,507.22742000000005,353.26697,0.8868794441223145,-1,-1,-1
321,1,784.5149,835.42676,580.083,389.1507599999999,0.8853533864021301,-1,-1,-1
322,1,840.45764,846.9699,623.5985,416.79449999999997,0.8741838335990906,-1,-1,-1
323,1,898.2672,855.81635,704.88525,456.22467000000006,0.859345018863678,-1,-1,-1
324,1,972.489,868.72437,807.8216600000001,514.5127000000001,0.8464558720588684,-1,-1,-1
325,1,1063.1084,883.6284,937.49524,565.4599600000001,0.8308668732643127,-1,-1,-1
326,1,1151.8634,891.7386,1063.693,645.8620999999999,0.8217859864234924,-1,-1,-1
327,1,1277.2058,901.7383,1231.5999,759.5190400000001,0.7521262168884277,-1,-1,-1
