157,1,1780.53,482.53534,777.1504000000002,389.38244999999995,0.7618532776832581,-1,-1,-1
158,1,1668.635,487.17065,885.1269500000001,385.4756,0.8438071012496948,-1,-1,-1
159,1,1601.0376,476.52527,958.9623999999999,402.55127000000005,0.8548529744148254,-1,-1,-1
160,1,1459.9719,484.15704,1032.1931,389.72046000000006,0.844903290271759,-1,-1,-1
161,1,1341.8018,478.2402,1050.9264999999998,394.76089999999994,0.8382471799850464,-1,-1,-1
162,1,1236.1544,479.3407,1056.7115,393.76343,0.8259520530700684,-1,-1,-1
163,1,1122.193,475.11124,1046.7744999999998,394.92294,0.8327863812446594,-1,-1,-1
164,1,1023.8297,475.64877,1034.0917000000002,394.19223,0.8507840037345886,-1,-1,-1
165,1,929.5465,477.41132,1017.4463,387.68829999999997,0.8404881358146667,-1,-1,-1
166,1,848.4597,474.10385,993.0700700000001,389.32388,0.8504984378814697,-1,-1,-1
167,1,775.3673,471.64902,958.20276,390.42343,0.885828971862793,-1,-1,-1
168,1,682.6317,476.60913,942.3058,382.48718,0.8584935069084167,-1,-1,-1
169,1,619.66943,480.27878,907.5211,375.00613,0.8836660981178284,-1,-1,-1
170,1,545.2009,472.2679,888.7737,378.01039999999995,0.8933020234107971,-1,-1,-1
171,1,483.8116,471.33652,865.06836,372.90590000000003,0.8724423050880432,-1,-1,-1
172,1,410.40982,477.22327,855.3167999999998,362.61475,0.8729943633079529,-1,-1,-1
173,1,351.5242,475.97052,830.2445,356.86096000000003,0.8363458514213562,-1,-1,-1
175,1,280.42325,477.31763,753.3597399999999,344.7385300000001,0.7336354851722717,-1,-1,-1
176,1,233.30658,476.36816,717.1787000000002,335.31848,0.8130184412002563,-1,-1,-1
177,1,204.69086,476.159,668.4277300000001,326.78693,0.8025909066200256,-1,-1,-1
178,1,186.37375,474.53598,634.3605,321.996,0.8196566700935364,-1,-1,-1
179,1,151.51056,470.69382,634.5700000000002,313.81802,0.8434105515480042,-1,-1,-1
180,1,133.43863,466.33478,575.91736,308.1043000000001,0.875968873500824,-1,-1,-1
181,1,121.427765,463.28943,535.8135,299.2608599999999,0.8895835280418396,-1,-1,-1
182,1,111.59641,460.40482,500.4100000000001,289.7189599999999,0.9005921483039856,-1,-1,-1
183,1,108.41892,454.97797,464.19356999999997,286.01446999999996,0.8926818370819092,-1,-1,-1
184,1,102.35626,447.66504,437.347,279.5221,0.9011219143867493,-1,-1,-1
185,1,93.39954,445.97443,415.80096,272.65057,0.8955395221710205,-1,-1,-1
186,1,90.145874,441.2467,391.31445,270.64939999999996,0.8950756788253784,-1,-1,-1
187,1,81.54617,437.8914,374.50748,262.1723999999999,0.8974231481552124,-1,-1,-1
188,1,78.69297,433.20923,350.7806,253.27753,0.8997909426689148,-1,-1,-1
189,1,72.86034,429.41055,333.00177,241.09854,0.905692994594574,-1,-1,-1
190,1,75.824615,428.15088,316.7901,234.59716999999995,0.9005016684532166,-1,-1,-1
191,1,76.98231,424.5662,298.06995,229.56393000000003,0.9009552001953125,-1,-1,-1
192,1,75.411415,417.43607,285.86439999999993,227.74081,0.8976530432701111,-1,-1,-1
193,1,76.22958,414.90067,278.11533,222.70090000000005,0.890897810459137,-1,-1,-1
194,1,76.80663,412.497,264.0825,215.16424999999998,0.8761561512947083,-1,-1,-1
195,1,75.88932,410.29126,256.0262,208.13976999999994,0.8889927268028259,-1,-1,-1
196,1,75.02899,406.69495,248.62807999999998,204.46337999999997,0.893511176109314,-1,-1,-1
197,1,75.32628,404.682,240.48293,197.28265,0.8901188969612122,-1,-1,-1
198,1,70.767654,401.28345,233.95274,192.72600999999997,0.8740337491035461,-1,-1,-1
199,1,66.024475,397.3263,232.22092000000004,186.28735,0.8683189749717712,-1,-1,-1
200,1,64.283615,396.15942,228.25645000000003,179.61242999999996,0.8672927618026733,-1,-1,-1
201,1,65.59859,391.22888,220.64280000000002,178.29845999999998,0.8756869435310364,-1,-1,-1
202,1,61.216278,391.81665,218.74329,170.73163,0.8936602473258972,-1,-1,-1
203,1,60.301075,391.851,213.54331999999997,165.40314,0.8743497133255005,-1,-1,-1
204,1,59.20084,390.5484,206.89014,162.01508,0.8822765946388245,-1,-1,-1
205,1,57.360535,388.36365,200.91009999999997,158.53943000000004,0.9055436849594116,-1,-1,-1
206,1,53.19172,385.4857,201.70529,155.20473999999996,0.8638392090797424,-1,-1,-1
207,1,53.954296,380.42252,192.69334,153.13956000000002,0.8646958470344543,-1,-1,-1
208,1,51.69201,379.155,188.40485,149.07119999999998,0.8700387477874756,-1,-1,-1
209,1,50.22703,378.2749,182.75313,146.80895999999996,0.8782081007957458,-1,-1,-1
210,1,46.589584,374.89893,181.72902,145.51361000000003,0.8653530478477478,-1,-1,-1
211,1,44.334507,375.9671,179.82146,140.41826999999995,0.868278980255127,-1,-1,-1
212,1,43.786945,374.73932,172.76236,135.69653,0.8710391521453857,-1,-1,-1
213,1,43.911114,372.78986,164.64008,132.58923,0.8788063526153564,-1,-1,-1
214,1,37.631264,371.03348,163.92578000000003,130.02762,0.8729227781295776,-1,-1,-1
215,1,39.71924,366.80566,158.41276999999997,132.93548999999996,0.8673832416534424,-1,-1,-1
216,1,31.821747,368.43643,161.02106,128.83401000000003,0.8640795946121216,-1,-1,-1
217,1,29.065784,365.84955,159.9855,127.43988000000002,0.8543858528137207,-1,-1,-1
218,1,27.363472,363.6031,155.41461,125.27008000000001,0.8649066686630249,-1,-1,-1
219,1,23.812027,358.68073,154.67976,126.88522,0.8631125092506409,-1,-1,-1
220,1,21.088638,357.91357,149.94731,124.06970000000001,0.846265435218811,-1,-1,-1
221,1,21.426563,357.9325,147.83192000000003,120.41156000000001,0.880149781703949,-1,-1,-1
222,1,18.558254,355.50217,147.36087,121.32181000000003,0.8546373844146729,-1,-1,-1
223,1,15.714283,353.3624,145.60179,119.65011600000003,0.863155722618103,-1,-1,-1
224,1,13.365355,351.50485,141.64774,118.70926000000003,0.8193513751029968,-1,-1,-1
225,1,14.603348,351.1476,139.23796,115.61248999999998,0.8118267059326172,-1,-1,-1
226,1,12.807121,351.06744,138.3862,114.11474600000003,0.7729386687278748,-1,-1,-1
227,1,8.237085,351.037,138.7281,111.58391999999998,0.8060015439987183,-1,-1,-1
228,1,6.0951233,349.9508,136.37178,110.53701999999998,0.6531980037689209,-1,-1,-1
229,1,5.8445644,346.97952,135.62955,112.13454999999999,0.692088782787323,-1,-1,-1
231,1,5.2172565,345.80734,130.5461,111.19918999999999,0.6641027331352234,-1,-1,-1
296,2,1149.3406,267.4317,1289.3374,730.02155,0.7174510359764099,-1,-1,-1
297,2,815.48975,316.00418,1309.8241999999998,681.3342,0.6790851950645447,-1,-1,-1
298,2,490.85175,318.81677,1271.9546,681.34735,0.7012947201728821,-1,-1,-1
