270,2,728.0826,842.5196,429.94757000000004,237.48041,0.6488857865333557,-1,-1,-1
272,2,753.3369,770.9154,397.98242000000005,309.0846,0.8645350933074951,-1,-1,-1
273,2,769.22705,730.9906,378.0275999999999,313.01380000000006,0.85430508852005,-1,-1,-1
274,2,784.3473,704.01794,361.46667000000014,310.07935,0.8795714974403381,-1,-1,-1
275,2,794.7036,667.7929,351.9112499999999,305.02650000000006,0.8940139412879944,-1,-1,-1
276,2,807.1655,644.5406,338.0524999999999,287.63922,0.8951337337493896,-1,-1,-1
277,2,813.73846,621.9094,331.30962999999997,278.58673,0.8985267281532288,-1,-1,-1
278,2,822.47705,597.34045,318.00695999999994,271.60857999999996,0.902971088886261,-1,-1,-1
279,2,828.3626,578.56104,310.21637,260.5099,0.8897444605827332,-1,-1,-1
280,2,838.2061,553.1776,297.4709999999999,257.2169200000001,0.9043224453926086,-1,-1,-1
281,2,843.777,537.2945,292.71558000000005,245.97253,0.9029248356819153,-1,-1,-1
282,2,850.01373,521.19635,284.04607999999996,238.92034999999998,0.9035913944244385,-1,-1,-1
283,2,856.9993,501.22726,277.06585999999993,238.71413999999993,0.9076969027519226,-1,-1,-1
284,2,863.7793,485.7608,269.755,229.33362,0.9041913151741028,-1,-1,-1
285,2,869.5583,472.46414,263.00176999999996,220.85849000000002,0.8984378576278687,-1,-1,-1
286,2,872.28046,457.80496,256.89606000000003,219.42659999999995,0.9023440480232239,-1,-1,-1
287,2,874.76044,444.689,254.0387599999999,212.14632999999998,0.9151062369346619,-1,-1,-1
288,2,882.2922,432.10526,244.24689,208.67819000000003,0.9129142165184021,-1,-1,-1
289,2,889.18787,420.5732,238.22741999999994,202.66513000000003,0.9012326598167419,-1,-1,-1
290,2,895.0706,412.98566,229.52936,196.1991,0.9059945344924927,-1,-1,-1
291,2,900.64954,402.4514,223.7196,190.53664999999995,0.92009437084198,-1,-1,-1
292,2,903.0479,392.40604,219.51373000000012,190.19680999999997,0.9229215979576111,-1,-1,-1
293,2,908.41296,381.84647,214.1308600000001,185.37845,0.9134541749954224,-1,-1,-1
294,2,910.18555,374.39017,209.7211900000001,180.96964000000003,0.9149954915046692,-1,-1,-1
295,2,914.28687,365.3964,205.07030999999995,177.25693000000007,0.910420298576355,-1,-1,-1
296,2,918.02026,356.95517,202.06763,175.32455,0.9152611494064331,-1,-1,-1
297,2,921.3859,347.60922,197.99286000000006,175.15878000000004,0.9151222109794617,-1,-1,-1
298,2,924.22955,342.06943,194.6260400000001,168.62509,0.908335268497467,-1,-1,-1
299,2,926.3845,333.4394,191.29345999999998,167.66269,0.9074533581733704,-1,-1,-1
300,2,929.77716,326.68607,185.09453999999994,163.94266,0.9149709343910217,-1,-1,-1
301,2,934.7172,318.8096,178.25995000000012,160.34918,0.9051218628883362,-1,-1,-1
302,2,935.9546,313.28055,177.71289000000002,158.15947999999997,0.9105605483055115,-1,-1,-1
303,2,938.67847,308.7483,176.20421999999996,155.14009999999996,0.9073330760002136,-1,-1,-1
304,2,941.02875,301.34296,173.2097799999999,153.73615,0.9093591570854187,-1,-1,-1
305,2,941.53595,295.32703,172.38482999999997,151.57320999999996,0.9059352278709412,-1,-1,-1
306,2,942.1315,288.3955,171.3843999999999,151.1719,0.9076153635978699,-1,-1,-1
307,2,943.677,282.67365,169.27210000000002,149.26110999999997,0.9059802293777466,-1,-1,-1
308,2,946.42633,278.5077,165.4179099999999,145.12646,0.9080202579498291,-1,-1,-1
309,2,950.22003,273.39996,161.17975,142.78506,0.9064793586730957,-1,-1,-1
220,1,856.701,131.00435,106.93975999999998,91.54070999999999,0.7069153189659119,-1,-1,-1
221,1,856.20123,130.85342,106.91138000000001,91.85376,0.6147177219390869,-1,-1,-1
222,1,856.41833,133.18701,105.43871999999999,91.44970999999998,0.7963457107543945,-1,-1,-1
223,1,854.7721,134.41832,104.91394000000003,92.34007,0.8646480441093445,-1,-1,-1
224,1,853.13367,134.12566,107.37334999999996,94.39493000000002,0.8193604946136475,-1,-1,-1
225,1,851.6984,133.43816,106.23779000000002,95.90927000000002,0.8624939918518066,-1,-1,-1
226,1,849.7646,135.83052,107.32434,95.6149,0.8592584729194641,-1,-1,-1
227,1,846.7686,138.5549,109.09606999999994,94.71277999999998,0.8484804630279541,-1,-1,-1
228,1,844.4161,139.1596,111.65430000000003,96.5341,0.8512479662895203,-1,-1,-1
229,1,844.02344,141.9795,110.43810999999994,94.74544,0.8721437454223633,-1,-1,-1
230,1,843.56055,141.92776,111.61950999999999,98.55555999999999,0.8631365895271301,-1,-1,-1
231,1,842.376,142.22166,112.12621999999999,99.2157,0.872220516204834,-1,-1,-1
232,1,839.79736,142.73938,113.52978499999995,102.31644,0.8912009596824646,-1,-1,-1
233,1,836.28656,143.63536,114.13171399999999,102.19081,0.878665030002594,-1,-1,-1
234,1,835.75684,146.10983,115.71185000000003,102.44762,0.8822748064994812,-1,-1,-1
235,1,835.42474,148.12622,114.37676999999996,101.30630500000001,0.8826431035995483,-1,-1,-1
236,1,834.2613,150.5681,116.73480000000006,101.74733,0.8817848563194275,-1,-1,-1
237,1,833.1199,152.51651,117.46123999999998,101.77162000000001,0.8851428031921387,-1,-1,-1
238,1,832.05927,153.64966,116.15130599999998,102.95434600000002,0.8825120329856873,-1,-1,-1
239,1,830.04407,154.68748,116.38183600000002,104.25657999999999,0.8834514021873474,-1,-1,-1
240,1,826.86554,156.38553,116.401794,104.29156500000002,0.8828374743461609,-1,-1,-1
241,1,825.43835,158.63733,117.04742399999998,104.06070000000003,0.8902339935302734,-1,-1,-1
242,1,824.91046,160.34756,117.80456500000003,104.98825,0.8933002948760986,-1,-1,-1
243,1,824.11053,162.85686,118.93799000000001,104.680984,0.892967700958252,-1,-1,-1
244,1,822.68066,165.72229,118.79070999999999,105.09537,0.895736575126648,-1,-1,-1
245,1,821.17017,170.46391,118.66357400000004,101.07085000000001,0.8906021118164062,-1,-1,-1
246,1,819.1976,172.54968,119.24860000000001,102.18555,0.8928189277648926,-1,-1,-1
247,1,817.7449,173.91214,120.10388,103.95034999999999,0.8892425298690796,-1,-1,-1
248,1,813.86725,175.0387,123.90057000000002,106.61203,0.8836457133293152,-1,-1,-1
249,1,814.03467,174.9703,123.86273000000006,108.56277499999999,0.8840855956077576,-1,-1,-1
250,1,814.25714,178.41655,123.72760000000005,106.28590399999999,0.882988691329956,-1,-1,-1
251,1,812.5877,180.88794,124.85248000000001,106.1532,0.8878160715103149,-1,-1,-1
252,1,810.85834,182.96303,124.47118999999998,107.5883,0.894822359085083,-1,-1,-1
253,1,807.56445,186.67195,124.73865,106.48188999999999,0.8928263783454895,-1,-1,-1
254,1,808.1847,186.00813,125.43524000000002,109.90947,0.8853763341903687,-1,-1,-1
255,1,805.3785,189.33951,126.70714999999996,108.80199999999999,0.8896979689598083,-1,-1,-1
256,1,803.12225,192.02255,128.23266999999998,109.88815000000002,0.8867521286010742,-1,-1,-1
257,1,802.0628,192.89287,130.01104999999995,112.06235999999998,0.8824278712272644,-1,-1,-1
258,1,798.63,195.2812,133.11632999999995,114.00545,0.8862690925598145,-1,-1,-1
259,1,797.06213,196.28647,132.24218999999994,114.92086999999998,0.8910951018333435,-1,-1,-1
260,1,794.0891,198.34875,133.58026000000007,115.85064999999997,0.8957656621932983,-1,-1,-1
261,1,791.4428,201.19708,134.88623000000007,116.94064,0.8986509442329407,-1,-1,-1
262,1,790.22723,204.0448,134.87653,119.22555499999999,0.8968247175216675,-1,-1,-1
263,1,789.55475,204.96376,135.12951999999996,121.159164,0.8912027478218079,-1,-1,-1
264,1,787.5687,207.56328,138.91858000000002,122.68333400000003,0.9061018824577332,-1,-1,-1
265,1,784.0714,211.88634,139.19495000000006,119.97687999999997,0.8954879641532898,-1,-1,-1
266,1,779.81433,215.27763,140.25158999999996,121.91612000000003,0.8942521214485168,-1,-1,-1
267,1,776.10645,217.32231,143.30999999999995,124.82912000000002,0.9044423699378967,-1,-1,-1
268,1,773.4419,219.53674,144.23743000000002,125.09695399999998,0.8991947174072266,-1,-1,-1
269,1,771.0937,221.6158,145.86572,127.09819000000002,0.8957366943359375,-1,-1,-1
270,1,769.4468,224.51775,145.92578000000003,128.92717000000002,0.8930331468582153,-1,-1,-1
271,1,767.3129,228.99876,144.38940000000002,129.05595,0.8921080827713013,-1,-1,-1
272,1,762.31055,232.00087,147.72626000000002,130.7447,0.9065725207328796,-1,-1,-1
273,1,759.0964,236.13927,147.80505000000005,128.66069,0.8978227972984314,-1,-1,-1
274,1,754.8162,241.08751,149.11487,130.35242999999997,0.9014618396759033,-1,-1,-1
275,1,751.8334,243.7921,150.65674,132.20349999999996,0.8949705958366394,-1,-1,-1
276,1,748.9535,250.62697,150.82843000000003,130.71892,0.8899939656257629,-1,-1,-1
277,1,746.20325,253.66632,151.92560000000003,132.78194999999997,0.908014178276062,-1,-1,-1
278,1,741.055,256.7368,155.04571999999996,135.17969,0.8976368308067322,-1,-1,-1
279,1,735.33685,260.52924,156.99609999999996,138.51526,0.9049496054649353,-1,-1,-1
280,1,730.41284,263.14722,159.58807000000002,139.67293999999998,0.9082139134407043,-1,-1,-1
281,1,723.01874,268.84946,163.1875,142.32730000000004,0.8879773020744324,-1,-1,-1
282,1,719.62805,272.64316,164.99701000000005,144.72278,0.8916860818862915,-1,-1,-1
283,1,716.3952,278.3034,165.5326,144.61887000000002,0.8997986912727356,-1,-1,-1
284,1,711.3266,282.07333,168.54076999999995,149.49872,0.8946455121040344,-1,-1,-1
285,1,701.37524,288.43726,174.86632999999995,150.05508000000003,0.9046299457550049,-1,-1,-1
286,1,696.9059,290.6061,175.23572000000001,155.36221,0.8978226780891418,-1,-1,-1
287,1,689.81744,295.3986,179.44708000000003,157.37239999999997,0.899836540222168,-1,-1,-1
288,1,686.2332,300.53824,179.20013000000006,160.32439999999997,0.9212726950645447,-1,-1,-1
289,1,676.74426,307.21765,185.79003999999998,161.74701,0.9092006683349609,-1,-1,-1
290,1,671.0197,311.9867,187.58856000000003,165.31676999999996,0.9096279144287109,-1,-1,-1
291,1,663.2528,318.58044,192.32506999999998,167.2627,0.8994522094726562,-1,-1,-1
292,1,658.1284,323.7023,193.19799999999998,171.15542999999997,0.9083191752433777,-1,-1,-1
293,1,652.2833,331.272,192.6051,171.57254,0.9156894087791443,-1,-1,-1
294,1,640.61414,338.98535,199.42084,172.849,0.9112243056297302,-1,-1,-1
295,1,632.9346,345.16888,203.32439999999997,175.63958999999994,0.9052964448928833,-1,-1,-1
296,1,623.6632,352.99567,206.91143999999997,178.13245000000006,0.9014856815338135,-1,-1,-1
297,1,618.1547,360.46603,208.82721000000004,180.18514999999996,0.9148176312446594,-1,-1,-1
298,1,606.8965,368.51324,215.91089,185.48108000000002,0.9114296436309814,-1,-1,-1
299,1,597.99164,375.00952,220.58898999999997,187.68005,0.9107609391212463,-1,-1,-1
300,1,586.6973,387.1677,225.37604,190.89865000000003,0.9128108024597168,-1,-1,-1
301,1,573.4277,393.21503,234.65301999999997,196.37714,0.9050328135490417,-1,-1,-1
302,1,567.2044,405.46237,233.76306,195.57242000000002,0.9015374779701233,-1,-1,-1
303,1,559.39655,413.62042,236.21771,200.22490999999997,0.8944950103759766,-1,-1,-1
304,1,546.83417,421.9007,245.46087999999997,209.07440000000003,0.8968278169631958,-1,-1,-1
305,1,534.82904,433.63223,248.3899,210.00168000000002,0.9017820954322815,-1,-1,-1
306,1,515.2266,445.79422,260.60437,217.62198,0.9072000980377197,-1,-1,-1
307,1,502.25024,457.16986,263.64647999999994,222.95026000000001,0.9016918540000916,-1,-1,-1
308,1,489.92566,466.43814,271.80175999999994,234.29513999999995,0.8977678418159485,-1,-1,-1
309,1,474.76694,481.0859,278.45003999999994,235.74160999999998,0.9002019762992859,-1,-1,-1
164,3,777.3304,709.8445,390.4239,318.6545400000001,0.8941513895988464,-1,-1,-1
165,3,790.7172,676.63947,375.04729999999995,317.5393700000001,0.9145254492759705,-1,-1,-1
166,3,800.4128,646.9951,362.5113,304.97302,0.9025518894195557,-1,-1,-1
167,3,810.0676,623.76843,351.09656000000007,284.77020000000005,0.906884491443634,-1,-1,-1
168,3,820.8785,596.4806,337.61005,280.51135,0.919478178024292,-1,-1,-1
169,3,829.6912,570.72943,329.85259999999994,276.0017,0.9143205881118774,-1,-1,-1
170,3,839.94183,552.32825,318.19696,264.93090000000007,0.9194787740707397,-1,-1,-1
171,3,845.48645,533.9623,309.51147000000003,253.60699999999997,0.9244529604911804,-1,-1,-1
172,3,849.5305,515.79944,304.79102,248.27454,0.9045127630233765,-1,-1,-1
173,3,857.17944,497.25995,295.16027999999994,241.18042000000003,0.9186288118362427,-1,-1,-1
174,3,861.6897,481.26086,289.67003999999986,234.17773,0.9082629680633545,-1,-1,-1
175,3,871.47675,466.21146,278.85210000000006,225.67746,0.9052808284759521,-1,-1,-1
176,3,876.0129,449.97327,274.3593000000001,220.40911999999997,0.9138087630271912,-1,-1,-1
177,3,885.3438,435.97,264.2033,217.14407000000006,0.9137899279594421,-1,-1,-1
178,3,889.8116,425.13687,255.83208999999988,208.83463,0.9107042551040649,-1,-1,-1
179,3,895.98236,414.32895,249.36284999999998,202.77785999999998,0.9053828120231628,-1,-1,-1
180,3,900.26715,405.13806,243.2492000000001,194.40233999999998,0.910223126411438,-1,-1,-1
181,3,905.7913,392.77075,237.909,193.71367999999995,0.9103058576583862,-1,-1,-1
182,3,911.0642,383.06497,232.0383300000001,188.9606,0.9151322245597839,-1,-1,-1
183,3,916.79504,375.94727,224.28662000000008,181.33197000000007,0.9175361394882202,-1,-1,-1
184,3,920.37476,367.923,219.37024000000008,176.48800000000006,0.9088791012763977,-1,-1,-1
185,3,923.7382,358.58508,213.34368999999992,173.42266999999998,0.9074212908744812,-1,-1,-1
186,3,927.59106,350.19873,208.3250700000001,170.04816,0.9149942994117737,-1,-1,-1
187,3,928.9811,341.65045,207.72424,166.21294999999998,0.8973947167396545,-1,-1,-1
188,3,931.0707,334.26422,204.96679999999992,163.25081999999998,0.8978918194770813,-1,-1,-1
189,3,937.1693,327.79807,198.84778000000006,157.47128000000004,0.9008285999298096,-1,-1,-1
190,3,939.8699,319.0209,195.31909000000007,156.7692,0.8936795592308044,-1,-1,-1
191,3,943.2807,312.06482,191.0518199999999,154.61178999999998,0.9015035033226013,-1,-1,-1
192,3,944.02057,305.73923,188.66498000000013,150.86224000000004,0.8982107043266296,-1,-1,-1
193,3,946.7927,298.03568,183.57287999999994,148.10516,0.9033107757568359,-1,-1,-1
194,3,948.47266,291.24164,181.63756999999998,147.02441,0.9018360376358032,-1,-1,-1
195,3,950.72723,285.33328,179.66632000000004,146.74048,0.8996730446815491,-1,-1,-1
196,3,952.0727,278.33847,178.39960000000008,144.43883999999997,0.8920941948890686,-1,-1,-1
197,3,954.6877,275.96075,175.63617,138.53677,0.8917284607887268,-1,-1,-1
198,3,958.50214,270.32092,168.96966999999995,137.61487,0.894736647605896,-1,-1,-1
199,3,957.7863,263.6874,169.19426999999996,137.49323000000004,0.9024646282196045,-1,-1,-1
200,3,960.50476,259.052,163.0750700000001,133.95285,0.9091014266014099,-1,-1,-1
201,3,959.4542,254.40457,163.44092000000012,131.47417999999996,0.8951277136802673,-1,-1,-1
202,3,961.86383,249.27525,161.4106999999999,130.73763,0.8906605243682861,-1,-1,-1
203,3,963.706,245.67047,158.95563000000004,129.78836000000004,0.8945346474647522,-1,-1,-1
204,3,965.2657,240.7296,157.9461,127.94081,0.8933340907096863,-1,-1,-1
205,3,965.6792,236.8459,156.0072,124.51262,0.8961043953895569,-1,-1,-1
206,3,964.9973,231.54744,153.18884000000003,123.16933,0.8945546746253967,-1,-1,-1
207,3,965.8864,226.76707,150.56146,122.83702,0.8997348546981812,-1,-1,-1
208,3,967.9437,223.03012,149.03820999999994,121.46716000000004,0.8896222710609436,-1,-1,-1
209,3,968.39417,222.16414,148.32690000000002,118.74876400000002,0.8914763331413269,-1,-1,-1
210,3,970.9017,218.2859,144.83867999999995,117.92729,0.88847416639328,-1,-1,-1
211,3,971.73596,215.91635,143.63342000000011,115.77083999999999,0.8961217999458313,-1,-1,-1
212,3,970.62225,212.80418,145.32317999999998,114.044205,0.8957402110099792,-1,-1,-1
213,3,971.06775,209.58057,143.9928000000001,111.00960999999998,0.889811098575592,-1,-1,-1
214,3,970.8503,204.15695,142.93121000000008,112.886505,0.8957926034927368,-1,-1,-1
215,3,971.3818,203.14421,142.65338000000008,110.49538000000001,0.8950756788253784,-1,-1,-1
216,3,972.4655,199.46915,141.62885000000006,110.86175500000002,0.8929932713508606,-1,-1,-1
217,3,974.8429,199.37534,138.46094000000005,106.934845,0.8927549123764038,-1,-1,-1
218,3,975.3199,194.73228,138.93658000000005,107.88578999999999,0.8891027569770813,-1,-1,-1
219,3,974.6153,191.4653,138.9644199999999,107.11316,0.9004141688346863,-1,-1,-1
220,3,974.87335,188.88472,139.04302999999993,105.57490499999997,0.8996742963790894,-1,-1,-1
221,3,977.0932,186.19954,135.96307000000002,104.75120499999997,0.8932173848152161,-1,-1,-1
222,3,979.2821,184.3847,133.92651000000012,102.62160999999998,0.9103905558586121,-1,-1,-1
223,3,981.53406,180.77629,132.8529000000001,103.78074999999998,0.8824653625488281,-1,-1,-1
224,3,980.7037,177.93222,133.75080000000003,103.75397000000001,0.8856743574142456,-1,-1,-1
225,3,981.62067,175.85768,132.34197999999992,102.80983,0.8694398403167725,-1,-1,-1
226,3,980.3576,169.77982,132.4837,106.59198,0.8853926062583923,-1,-1,-1
227,3,979.6808,168.44965,132.54320999999993,105.90979000000002,0.892477810382843,-1,-1,-1
228,3,981.9179,166.52829,131.38909999999998,103.25156000000001,0.8839905261993408,-1,-1,-1
229,3,985.49963,165.12904,127.35083000000009,100.80357000000001,0.8890438675880432,-1,-1,-1
230,3,987.21533,164.02011,125.79285000000004,100.79910000000001,0.8864551782608032,-1,-1,-1
231,3,989.1288,165.15146,121.70361000000003,95.24698000000001,0.8820862770080566,-1,-1,-1
232,3,988.8601,163.43816,120.7145999999999,95.62546999999998,0.8833498358726501,-1,-1,-1
233,3,988.4274,161.22137,121.16131599999994,94.6911,0.8753156065940857,-1,-1,-1
234,3,988.5185,159.90376,121.47332999999992,94.704575,0.8858100771903992,-1,-1,-1
235,3,989.189,155.2548,121.7742300000001,96.44189499999999,0.8707611560821533,-1,-1,-1
236,3,989.3783,154.29642,121.63745000000006,94.61685,0.8691993951797485,-1,-1,-1
237,3,991.0808,154.98466,119.72460999999998,93.26279,0.8783949613571167,-1,-1,-1
238,3,990.319,152.69284,119.48363999999992,91.62408399999998,0.8736582398414612,-1,-1,-1
239,3,990.09265,149.8687,116.95080600000006,90.53349,0.8708845973014832,-1,-1,-1
240,3,989.37683,147.46667,118.45544400000006,92.18793,0.8671898245811462,-1,-1,-1
241,3,990.7042,145.42221,115.55138999999997,90.84949,0.8631804585456848,-1,-1,-1
242,3,991.4277,144.18387,115.89984000000004,89.219864,0.8759962320327759,-1,-1,-1
243,3,993.35486,142.01288,114.9729000000001,89.075714,0.865114688873291,-1,-1,-1
244,3,992.7248,140.69269,115.47955000000002,90.03781000000001,0.8673152327537537,-1,-1,-1
245,3,991.6844,141.1914,115.8507699999999,86.68504000000001,0.8642016053199768,-1,-1,-1
246,3,991.05005,139.52232,115.73266600000011,88.55602999999999,0.8659825921058655,-1,-1,-1
247,3,991.0409,137.4325,114.47412000000008,87.3064,0.8576696515083313,-1,-1,-1
248,3,991.34015,135.75047,114.15253000000007,88.93362400000001,0.8582805395126343,-1,-1,-1
249,3,992.3428,133.77321,113.76819000000012,88.89398,0.8600013256072998,-1,-1,-1
250,3,992.8185,131.89737,113.22033999999996,89.14058,0.849395751953125,-1,-1,-1
251,3,993.0582,131.79527,112.36181999999997,89.221115,0.8364430665969849,-1,-1,-1
252,3,993.2193,131.15408,112.60638399999993,89.96761999999998,0.8210157752037048,-1,-1,-1
253,3,993.2986,130.45296,112.15893599999993,88.44878,0.7063150405883789,-1,-1,-1
254,3,993.9247,130.1309,110.65978999999993,87.02607999999998,0.7012400031089783,-1,-1,-1
255,3,994.16504,130.02594,109.80138999999997,87.18452500000001,0.6797925233840942,-1,-1,-1
256,3,994.5577,130.26582,109.53912000000003,87.2679,0.727613091468811,-1,-1,-1
257,3,995.1731,130.57962,109.26208500000007,86.92760000000001,0.724793016910553,-1,-1,-1
258,3,994.8971,130.55894,109.8018800000001,87.34354000000002,0.6527856588363647,-1,-1,-1
259,3,994.982,130.98386,107.88092000000006,86.05774,0.6151937246322632,-1,-1,-1
263,3,995.15845,134.70473,106.74182000000008,83.07478,0.6065877079963684,-1,-1,-1
