203,2,4.607105,403.23083,264.28824,166.11589999999995,0.7403084635734558,-1,-1,-1
204,2,11.097821,369.0576,290.74277,199.69710999999995,0.8044992089271545,-1,-1,-1
205,2,23.192566,359.2833,299.90564,207.39078,0.8636758327484131,-1,-1,-1
206,2,41.825207,345.18503,317.1325,214.96065999999996,0.8769715428352356,-1,-1,-1
207,2,60.857388,330.94373,326.15536,221.75385,0.8843892216682434,-1,-1,-1
208,2,76.40928,316.64105,345.0547,229.18298,0.873938798904419,-1,-1,-1
209,2,107.74509,308.97827,348.0267,219.67310000000003,0.8817830681800842,-1,-1,-1
142,1,1759.7036,720.4451,160.29638999999997,230.90558,0.6182928085327148,-1,-1,-1
143,1,1752.5701,717.16254,167.42993,225.74425999999994,0.6736537218093872,-1,-1,-1
144,1,1727.1003,702.81354,192.89966000000004,227.73608000000002,0.7670935392379761,-1,-1,-1
145,1,1704.6393,700.4191,215.3607199999999,218.72515999999996,0.8457044363021851,-1,-1,-1
146,1,1693.0828,696.10815,226.91724,218.42596000000003,0.8668383359909058,-1,-1,-1
147,1,1675.0973,690.2644,244.90271000000007,218.55988000000002,0.8580141663551331,-1,-1,-1
148,1,1649.3181,682.581,265.64014,217.59198000000004,0.8589585423469543,-1,-1,-1
149,1,1636.2144,677.51697,277.87903000000006,219.36401,0.8549937009811401,-1,-1,-1
150,1,1624.4666,665.59625,275.61804000000006,228.90057000000002,0.8516361713409424,-1,-1,-1
151,1,1590.8495,656.16516,291.30383000000006,228.74834999999996,0.8706038594245911,-1,-1,-1
152,1,1568.7642,648.01764,291.4239499999999,225.90819999999997,0.8729142546653748,-1,-1,-1
153,1,1549.164,635.8989,288.22606999999994,224.99663999999996,0.8657705187797546,-1,-1,-1
154,1,1513.6334,634.6792,309.69640000000004,220.83069,0.888077974319458,-1,-1,-1
155,1,1474.8159,625.8747,324.54296999999997,214.18957999999998,0.8666727542877197,-1,-1,-1
156,1,1437.8807,612.77625,338.5326,216.12371999999993,0.8575955629348755,-1,-1,-1
157,1,1399.4054,590.9682,341.5997299999999,223.74548000000004,0.8515520691871643,-1,-1,-1
158,1,1344.0303,568.7995,364.98865,234.98699999999997,0.861496090888977,-1,-1,-1
159,1,1331.6433,550.2295,342.41052000000013,239.39917000000003,0.8800144791603088,-1,-1,-1
160,1,1297.6251,537.3628,341.2102,235.55829000000006,0.863048791885376,-1,-1,-1
161,1,1247.8092,520.6347,347.76171999999997,235.07903999999996,0.850472629070282,-1,-1,-1
162,1,1173.2308,492.97803,379.77721999999994,243.08362,0.8492072820663452,-1,-1,-1
163,1,1130.7987,478.76813,371.98145,230.34972999999997,0.8523673415184021,-1,-1,-1
164,1,1080.747,464.2363,379.28649999999993,231.06479000000002,0.8514848947525024,-1,-1,-1
165,1,1020.70624,446.19797,403.82123,226.13052,0.8695115447044373,-1,-1,-1
166,1,973.0844,428.16028,407.0731800000001,225.54541,0.8565562963485718,-1,-1,-1
167,1,922.3799,413.03085,406.2677,224.77639999999997,0.8621384501457214,-1,-1,-1
168,1,880.77936,397.0889,394.06537000000003,222.86953999999997,0.858683705329895,-1,-1,-1
169,1,830.63983,384.03882,396.2477399999999,218.06621999999993,0.8668549060821533,-1,-1,-1
170,1,788.6275,370.5976,393.92157,212.96770999999995,0.8515864014625549,-1,-1,-1
171,1,735.02924,358.62177,397.77740000000006,208.44440000000003,0.8547866940498352,-1,-1,-1
172,1,690.7349,345.75867,380.8170799999999,202.14203000000003,0.8577514290809631,-1,-1,-1
173,1,652.1848,330.72455,364.78882,197.56555000000003,0.8513250350952148,-1,-1,-1
174,1,610.07465,323.26834,358.51886,192.60165,0.8540690541267395,-1,-1,-1
175,1,569.93414,316.1838,346.98407,182.46704,0.8607401251792908,-1,-1,-1
176,1,528.5003,310.80908,334.49237000000005,174.32178,0.8551470041275024,-1,-1,-1
177,1,502.58432,307.47498,311.27242999999993,165.27454,0.8464463949203491,-1,-1,-1
178,1,463.1755,299.912,302.093,161.69765999999998,0.8624361157417297,-1,-1,-1
179,1,427.68005,298.4916,289.7838,156.55319000000003,0.8601950407028198,-1,-1,-1
180,1,398.16568,295.83627,278.67435000000006,155.00931000000003,0.8382527232170105,-1,-1,-1
181,1,361.77884,294.2221,277.01680000000005,152.21402,0.8616746068000793,-1,-1,-1
182,1,334.64987,295.3947,250.86429000000004,147.42437999999999,0.8411504030227661,-1,-1,-1
183,1,307.3254,297.0137,240.53537,144.17267000000004,0.8456909656524658,-1,-1,-1
184,1,281.4761,300.32642,219.45190000000002,138.92703,0.8463449478149414,-1,-1,-1
185,1,252.00935,304.45703,208.74144000000004,134.80045,0.8587576746940613,-1,-1,-1
186,1,222.72273,310.1338,203.20357,132.54865,0.8559120893478394,-1,-1,-1
187,1,198.99011,314.28568,191.35196,129.29666000000003,0.8475350737571716,-1,-1,-1
188,1,180.16519,321.78128,177.26208000000003,128.13428,0.8286264538764954,-1,-1,-1
189,1,143.91666,330.99808,180.44107,130.28635000000003,0.8153037428855896,-1,-1,-1
190,1,122.789345,337.2302,171.49481,128.93262,0.8361449837684631,-1,-1,-1
191,1,98.56332,342.30862,164.56540000000004,127.731964,0.8100229501724243,-1,-1,-1
192,1,69.96554,353.10733,166.81052,127.87643400000002,0.8046920299530029,-1,-1,-1
193,1,50.06703,363.92844,155.49013000000002,123.44912999999997,0.7951549291610718,-1,-1,-1
194,1,35.973614,377.4905,145.04254,109.36831999999998,0.7309141159057617,-1,-1,-1
