335,2,801.2657,121.62568,233.17267000000004,136.07724000000002,0.8496976494789124,-1,-1,-1
336,2,772.80725,126.35985,228.94128,134.31890000000004,0.8536240458488464,-1,-1,-1
337,2,749.34143,131.00325,227.9226,134.08412,0.8804214596748352,-1,-1,-1
338,2,726.231,133.99881,223.47930999999994,136.02594,0.8789698481559753,-1,-1,-1
339,2,709.39404,138.24869,212.80493,137.68597,0.8739216923713684,-1,-1,-1
340,2,687.35657,142.5981,209.41814999999997,138.2339,0.874684751033783,-1,-1,-1
341,2,668.59564,147.65463,208.94372999999996,140.08554000000004,0.8827670812606812,-1,-1,-1
342,2,651.05457,154.07404,203.48828000000003,138.67392000000004,0.8787068128585815,-1,-1,-1
343,2,635.50867,159.08313,199.07970999999998,138.75641,0.8843609690666199,-1,-1,-1
344,2,621.14166,165.90501,195.15355999999997,138.40666,0.8875700235366821,-1,-1,-1
345,2,607.0322,173.00183,192.46056999999996,136.4195,0.8886882066726685,-1,-1,-1
346,2,596.6755,175.43918,187.79351999999994,139.14178,0.8822177648544312,-1,-1,-1
347,2,583.0824,183.5478,183.91614000000004,137.74818,0.8896439075469971,-1,-1,-1
348,2,576.2055,189.46202,184.19177000000002,136.63771000000003,0.89602130651474,-1,-1,-1
349,2,564.95917,194.48659,179.95905000000005,137.65021999999996,0.8866230845451355,-1,-1,-1
24,1,809.8664,132.54225,207.14526,138.35315999999997,0.8182976245880127,-1,-1,-1
25,1,797.25006,135.38861,204.35199,139.10477,0.8805051445960999,-1,-1,-1
26,1,786.87146,137.22902,199.72571000000005,141.61674,0.8874772191047668,-1,-1,-1
27,1,778.2492,140.95709,198.7713,142.21820000000002,0.880623459815979,-1,-1,-1
28,1,769.6998,144.38057,195.07952999999998,142.54670000000002,0.8939674496650696,-1,-1,-1
29,1,765.98755,150.7081,185.31726000000003,141.65454,0.896230936050415,-1,-1,-1
30,1,761.2416,156.26494,185.32952999999998,142.31047000000004,0.8887439370155334,-1,-1,-1
31,1,758.31085,159.75627,182.89087000000006,141.15257,0.895692765712738,-1,-1,-1
32,1,755.36127,163.42197,180.39233000000002,140.44550000000004,0.9160043001174927,-1,-1,-1
33,1,751.1204,164.90385,180.53534000000002,144.47118000000003,0.9124870300292969,-1,-1,-1
34,1,749.0042,168.14815,179.50030000000004,145.12727,0.9038764238357544,-1,-1,-1
35,1,745.45776,172.69197,179.22204999999997,146.24242,0.8963351249694824,-1,-1,-1
36,1,743.62054,176.32355,178.68372,148.50208000000003,0.9014633893966675,-1,-1,-1
37,1,743.2971,182.82399,174.48499000000004,147.59868000000003,0.8888603448867798,-1,-1,-1
38,1,743.23193,185.64009,173.82750999999996,147.60909000000004,0.8921950459480286,-1,-1,-1
39,1,740.86206,190.15973,175.94890999999996,150.22635,0.8955522775650024,-1,-1,-1
40,1,739.39844,197.54718,177.48297000000002,145.86197,0.8998490571975708,-1,-1,-1
41,1,737.6795,201.01039,179.32184000000007,147.88084,0.9033198952674866,-1,-1,-1
42,1,735.97174,204.03024,180.78631999999993,151.23605000000003,0.9008905291557312,-1,-1,-1
43,1,734.7951,210.62015,180.52379999999994,149.15164000000001,0.890190601348877,-1,-1,-1
44,1,733.8362,215.22878,181.02379999999994,149.35100000000003,0.8984300494194031,-1,-1,-1
45,1,734.0118,219.91888,180.55957,148.94756999999998,0.9022790193557739,-1,-1,-1
46,1,730.9248,225.97623,184.17548,150.96078,0.8979973196983337,-1,-1,-1
47,1,732.03546,231.84383,183.18224999999995,149.4326,0.8924474716186523,-1,-1,-1
48,1,729.4855,237.05128,183.41724,152.65251000000004,0.8967719078063965,-1,-1,-1
49,1,728.6336,242.57513,185.98846000000003,150.88037000000003,0.8889302611351013,-1,-1,-1
50,1,727.15125,247.03137,186.94635000000005,152.32381999999998,0.8984044194221497,-1,-1,-1
51,1,725.9067,253.49431,186.36914000000002,153.49159999999998,0.8938345909118652,-1,-1,-1
52,1,725.0029,259.30286,190.15404999999998,152.23712,0.8835621476173401,-1,-1,-1
53,1,724.67737,262.64508,189.84662000000003,153.22891000000004,0.8857857584953308,-1,-1,-1
54,1,722.122,268.44995,190.84180000000003,152.89551,0.8887827396392822,-1,-1,-1
55,1,722.8787,273.2763,190.15399000000002,154.20718,0.896338701248169,-1,-1,-1
56,1,720.82715,275.28745,191.77344000000005,157.08468999999997,0.8969713449478149,-1,-1,-1
57,1,720.0464,281.07764,191.33629999999994,157.05356,0.8941972851753235,-1,-1,-1
58,1,719.5374,287.13263,193.61053000000004,156.26641999999998,0.8810103535652161,-1,-1,-1
59,1,719.54047,289.8833,192.75030000000004,157.99518,0.8770907521247864,-1,-1,-1
60,1,717.00916,296.90396,195.12567,157.60309,0.8905895352363586,-1,-1,-1
61,1,716.10925,298.94592,195.05627000000004,161.92467999999997,0.8951208591461182,-1,-1,-1
62,1,714.79816,302.0907,196.83971999999994,162.85263000000003,0.89220130443573,-1,-1,-1
63,1,713.69403,308.53864,198.74676999999997,161.90906,0.8901255130767822,-1,-1,-1
64,1,712.2111,312.9624,201.14660000000003,163.19745,0.8828557133674622,-1,-1,-1
65,1,710.67236,318.3396,202.82019000000003,163.59454,0.8858422636985779,-1,-1,-1
66,1,709.43146,321.0106,202.67578000000003,165.98871000000003,0.8933345675468445,-1,-1,-1
67,1,706.4148,325.62387,207.78967,168.23104999999998,0.8937766551971436,-1,-1,-1
68,1,706.0707,329.65338,207.82421999999997,169.57742000000002,0.9041248559951782,-1,-1,-1
69,1,706.19824,334.05096,207.75513,169.64267,0.9046220183372498,-1,-1,-1
70,1,704.3792,339.3845,210.03479000000004,171.63635,0.8922843337059021,-1,-1,-1
71,1,704.7547,345.52887,209.47058000000004,171.63202,0.9020941853523254,-1,-1,-1
72,1,703.0747,348.15604,211.74408000000005,175.37894,0.8976961374282837,-1,-1,-1
73,1,702.79456,353.26508,213.09906,175.28545999999994,0.8976208567619324,-1,-1,-1
74,1,700.88666,358.31512,214.70647999999994,177.43042000000003,0.9030959606170654,-1,-1,-1
75,1,698.43414,360.10532,216.65930000000003,182.53792999999996,0.8930925130844116,-1,-1,-1
76,1,695.46747,368.23462,223.67236000000003,182.12255999999996,0.8993936777114868,-1,-1,-1
77,1,695.2808,374.08542,221.90319999999997,182.04787999999996,0.9047269821166992,-1,-1,-1
78,1,694.8472,378.54245,224.30016999999998,182.68936000000002,0.9092860221862793,-1,-1,-1
79,1,694.58234,383.2711,225.53729999999996,185.60489,0.9033169150352478,-1,-1,-1
80,1,694.5094,389.04547,226.67449999999997,187.93529999999998,0.9119056463241577,-1,-1,-1
81,1,693.69635,396.3203,228.70476999999994,187.35522000000003,0.9127471446990967,-1,-1,-1
82,1,692.3425,399.4748,231.51073999999994,190.13097999999997,0.9092490673065186,-1,-1,-1
83,1,690.71716,405.08804,234.32677999999999,193.83974999999998,0.9061381816864014,-1,-1,-1
84,1,690.35864,411.1791,235.27855999999997,196.40578999999997,0.901149332523346,-1,-1,-1
85,1,688.2267,416.94208,240.10437000000002,197.80956999999995,0.9107153415679932,-1,-1,-1
86,1,684.9997,421.93338,243.31921,199.78371999999996,0.9076600670814514,-1,-1,-1
87,1,679.6661,428.98428,248.62127999999996,202.06850999999995,0.9097698330879211,-1,-1,-1
88,1,679.9501,434.37234,248.49767999999995,203.88364,0.9153673648834229,-1,-1,-1
89,1,676.1888,442.24753,252.58776999999998,204.16121999999996,0.9064643979072571,-1,-1,-1
90,1,671.5332,448.48465,255.42957,205.31168000000002,0.9055712223052979,-1,-1,-1
91,1,668.2186,454.63004,258.34533999999996,209.87032999999997,0.902619481086731,-1,-1,-1
92,1,663.1671,462.06683,261.31804999999997,212.94457999999997,0.9041891694068909,-1,-1,-1
93,1,659.67755,467.43417,263.62634,215.50460999999996,0.9061219692230225,-1,-1,-1
94,1,658.1053,473.2257,267.12523999999996,219.95049999999998,0.9048721194267273,-1,-1,-1
95,1,655.27747,479.63046,269.4923,222.54861,0.9045888781547546,-1,-1,-1
96,1,651.8011,486.2355,271.49316,223.70383000000004,0.907879114151001,-1,-1,-1
97,1,645.34796,495.76288,276.29193,223.26207999999997,0.9125291705131531,-1,-1,-1
98,1,639.8512,502.20987,281.35767,226.34464000000003,0.917057991027832,-1,-1,-1
99,1,636.82556,508.3914,281.0332000000001,230.88747999999998,0.9208042621612549,-1,-1,-1
100,1,632.4807,515.17786,285.2093,232.00183000000004,0.9139004349708557,-1,-1,-1
101,1,629.99664,524.91504,284.5248399999999,231.10289999999998,0.9081344604492188,-1,-1,-1
102,1,623.8087,531.26733,289.84680000000003,232.37799000000007,0.9095144271850586,-1,-1,-1
103,1,619.7353,538.05273,293.22235,236.59015,0.9144750833511353,-1,-1,-1
104,1,614.2759,546.5619,296.69012,245.6513,0.9137023687362671,-1,-1,-1
105,1,607.581,555.91815,302.71770000000004,245.10033999999996,0.9180528521537781,-1,-1,-1
106,1,604.0918,563.74426,304.04352000000006,248.45923000000005,0.9161503314971924,-1,-1,-1
107,1,602.15643,573.0083,301.28936999999996,249.68042000000003,0.9105470776557922,-1,-1,-1
108,1,593.31683,582.64703,307.05975,251.67322000000001,0.9068110585212708,-1,-1,-1
109,1,586.03906,592.4468,313.49096999999995,257.5481,0.907742977142334,-1,-1,-1
110,1,581.1173,601.6582,313.5557299999999,257.83215000000007,0.9066736698150635,-1,-1,-1
111,1,577.2912,609.06665,315.06982000000005,264.50524999999993,0.911307156085968,-1,-1,-1
112,1,572.4895,617.25366,316.24567,268.3424,0.9172466993331909,-1,-1,-1
113,1,564.6616,628.0935,323.1662600000001,272.97155999999995,0.933857262134552,-1,-1,-1
114,1,556.2168,641.84033,328.7107,272.51288,0.9167109131813049,-1,-1,-1
115,1,546.3391,651.6103,337.2431,273.365,0.9188827872276306,-1,-1,-1
116,1,540.98096,662.804,340.7804,281.64276000000007,0.9157460927963257,-1,-1,-1
117,1,537.647,672.2125,341.42218,286.75915999999995,0.9146291613578796,-1,-1,-1
118,1,529.1254,683.01263,348.23956,290.5421,0.9164245128631592,-1,-1,-1
119,1,521.5836,694.2455,353.5835000000001,296.39648,0.926736056804657,-1,-1,-1
120,1,516.42194,709.669,354.0756799999999,296.95745999999997,0.9204694628715515,-1,-1,-1
121,1,508.05093,721.8884,359.3190599999999,301.87456999999995,0.9117830991744995,-1,-1,-1
122,1,501.26434,734.45087,366.52040000000005,304.02167,0.9079399704933167,-1,-1,-1
123,1,492.3352,748.48236,370.83777,309.07184000000007,0.912160336971283,-1,-1,-1
124,1,481.48392,760.0477,377.1581,314.5857,0.89046710729599,-1,-1,-1
125,1,474.07812,779.07135,381.72083,300.92864999999995,0.9007771611213684,-1,-1,-1
126,1,458.8078,789.07776,398.56542999999994,290.92224,0.895194947719574,-1,-1,-1
127,1,452.0751,805.04944,401.97164999999995,274.95056,0.8871696591377258,-1,-1,-1
128,1,438.6638,818.4068,416.67709999999994,261.5932,0.847012460231781,-1,-1,-1
129,1,427.14914,840.2852,428.73203,239.49993999999992,0.8322479128837585,-1,-1,-1
130,1,420.28705,853.6264,435.23126,226.02312999999992,0.8549982905387878,-1,-1,-1
131,1,411.99496,870.7702,436.37253,209.22979999999995,0.80408775806427,-1,-1,-1
132,1,403.62418,889.5111,452.70078,190.48888999999997,0.7436606287956238,-1,-1,-1
133,1,371.12225,911.358,468.50347999999997,168.64202999999998,0.7215697765350342,-1,-1,-1
