210,2,1249.201,325.62347,181.38329999999996,176.94498,0.77592533826828,-1,-1,-1
211,2,1241.1523,323.59027,185.39428999999996,177.62366000000003,0.8613021373748779,-1,-1,-1
212,2,1231.4281,324.72836,187.35168,174.68817,0.8886048197746277,-1,-1,-1
213,2,1222.0071,324.56787,186.24720000000002,173.73422,0.8817130923271179,-1,-1,-1
214,2,1213.5261,322.67462,185.01073999999994,174.69507,0.8907992243766785,-1,-1,-1
215,2,1196.5529,323.4555,189.80347000000006,172.85019,0.8550092577934265,-1,-1,-1
216,2,1207.0706,321.89435,169.41698999999994,171.19811999999996,0.7607520222663879,-1,-1,-1
217,2,1180.5836,321.71515,184.3817100000001,171.58709999999996,0.620493471622467,-1,-1,-1
218,2,1189.3256,321.8018,162.28539999999998,165.63506999999998,0.6635274291038513,-1,-1,-1
230,1,884.4887,328.75693,254.29509999999993,160.51196,0.7084110379219055,-1,-1,-1
231,1,857.04443,329.75198,248.78308000000004,151.40625,0.6200408935546875,-1,-1,-1
232,1,825.86053,333.39886,248.38909999999998,159.73572000000001,0.663141131401062,-1,-1,-1
233,1,785.0555,335.0056,273.7762999999999,163.94382000000002,0.6665217876434326,-1,-1,-1
234,1,759.0433,340.05865,267.22784,166.4219,0.6926231384277344,-1,-1,-1
235,1,737.7764,340.78958,261.12645999999995,168.68808,0.6654757261276245,-1,-1,-1
