616,2,857.7322,495.1827,103.67052999999999,82.06540000000001,0.685356080532074,-1,-1,-1
617,2,850.5551,495.7645,105.305115,82.53774999999996,0.7786652445793152,-1,-1,-1
618,2,846.12787,496.61246,106.64544999999998,82.50619499999999,0.7456367015838623,-1,-1,-1
619,2,840.6004,496.3182,110.23479999999995,83.83413999999999,0.8324890732765198,-1,-1,-1
620,2,833.99554,497.20212,110.20123000000001,85.36471599999999,0.8363985419273376,-1,-1,-1
621,2,827.6127,495.9176,111.35559,87.90099999999995,0.8351441621780396,-1,-1,-1
622,2,821.6133,496.69598,114.39404000000002,88.10070999999999,0.8382617831230164,-1,-1,-1
623,2,811.08093,493.5008,118.94910000000004,91.88177500000006,0.8403809666633606,-1,-1,-1
624,2,805.9891,493.20374,122.02264400000001,93.29309000000006,0.8530558347702026,-1,-1,-1
482,1,0.7422924,423.9641,472.4799,444.76854999999995,0.6158617734909058,-1,-1,-1
483,1,0.0,452.67133,570.9435,410.4132000000001,0.771844744682312,-1,-1,-1
484,1,0.5097866,471.89874,658.80615,370.91418,0.8168584108352661,-1,-1,-1
485,1,52.034615,488.99442,637.27673,342.1238000000001,0.838398277759552,-1,-1,-1
486,1,148.9482,499.6749,588.2256,318.46236999999996,0.8201223015785217,-1,-1,-1
487,1,262.27466,511.3243,514.2513999999999,296.07412999999997,0.7672813534736633,-1,-1,-1
488,1,336.47318,521.08795,475.02518000000003,269.1137,0.8187416195869446,-1,-1,-1
489,1,452.15768,530.3836,405.8263999999999,248.48241999999993,0.8377439379692078,-1,-1,-1
490,1,526.2744,537.15857,354.99573,237.19397000000004,0.863780677318573,-1,-1,-1
491,1,579.59955,542.71185,335.0865,223.16967999999997,0.8756143450737,-1,-1,-1
492,1,629.2231,546.4228,313.11469999999997,213.52954,0.8808977603912354,-1,-1,-1
493,1,667.6271,549.5685,296.36627,204.33942000000002,0.8688197731971741,-1,-1,-1
494,1,709.8198,552.2646,277.96453999999994,193.53386999999998,0.8609206676483154,-1,-1,-1
495,1,743.47437,554.2876,264.1703,188.53032999999994,0.8759156465530396,-1,-1,-1
496,1,771.2196,557.83575,255.82409999999993,181.75298999999995,0.8750337362289429,-1,-1,-1
497,1,800.185,559.381,239.22002999999995,175.31280000000004,0.8772211670875549,-1,-1,-1
498,1,825.4988,560.87134,225.68896000000007,168.21953999999994,0.8760266900062561,-1,-1,-1
499,1,853.18146,561.7677,210.9241300000001,163.45385999999996,0.8645601272583008,-1,-1,-1
500,1,874.3202,562.4441,198.09521000000007,158.17016999999998,0.876400351524353,-1,-1,-1
501,1,887.38025,564.88513,193.83202999999992,152.46007999999995,0.8768532872200012,-1,-1,-1
502,1,905.2677,564.25494,182.48656999999992,149.53985999999998,0.8735666275024414,-1,-1,-1
503,1,918.75,565.7915,175.61059999999998,143.36035000000004,0.8708803057670593,-1,-1,-1
504,1,934.5976,565.1638,164.4718600000001,139.44574,0.8771146535873413,-1,-1,-1
505,1,946.6658,565.30414,160.50952000000007,136.45751999999993,0.8757991194725037,-1,-1,-1
506,1,956.3999,566.1829,153.4814500000001,131.99683000000005,0.8810380101203918,-1,-1,-1
507,1,965.476,564.5726,148.14764000000002,129.29107999999997,0.8821537494659424,-1,-1,-1
508,1,973.3714,564.40814,142.1413,126.15081999999995,0.8702017068862915,-1,-1,-1
509,1,983.2165,563.6075,135.29485999999997,122.02533000000005,0.8808513283729553,-1,-1,-1
510,1,990.12146,561.3413,131.49572999999998,120.30205999999998,0.8847880959510803,-1,-1,-1
511,1,993.5154,561.2157,130.45117000000005,117.13751000000002,0.8795402646064758,-1,-1,-1
512,1,997.63214,560.533,127.36028999999996,115.80962999999997,0.8605772256851196,-1,-1,-1
513,1,1001.08167,559.5053,124.59447999999998,114.23308999999995,0.8545448780059814,-1,-1,-1
514,1,1004.1275,558.86414,123.42071499999997,110.42193599999996,0.8526186347007751,-1,-1,-1
515,1,1007.9773,557.2645,121.71129999999994,108.08611999999994,0.8483835458755493,-1,-1,-1
516,1,1011.66956,556.77045,118.49938999999995,104.79474000000005,0.8300114870071411,-1,-1,-1
517,1,1014.229,554.77515,116.34289599999988,104.09680000000003,0.8382993936538696,-1,-1,-1
518,1,1017.6012,551.4991,114.60363999999993,104.50799600000005,0.8345663547515869,-1,-1,-1
519,1,1017.9123,548.7692,113.71038999999996,104.59051499999998,0.8374801278114319,-1,-1,-1
520,1,1020.14844,546.36145,111.25049000000001,103.49255000000005,0.805340051651001,-1,-1,-1
521,1,1022.245,544.32526,108.84777999999994,101.03094499999997,0.7764155864715576,-1,-1,-1
522,1,1022.65845,543.43207,108.11462399999994,100.27080999999998,0.7777433395385742,-1,-1,-1
523,1,1023.7095,542.4849,106.58019999999999,97.99347,0.6960271000862122,-1,-1,-1
524,1,1021.87427,540.88336,108.28088000000002,97.59997599999997,0.6075255870819092,-1,-1,-1
