512,2,1791.1318,890.1288,768.86816,477.06177,0.8612105846405029,-1,-1,-1
513,2,1651.0007,901.4282,889.54126,430.61865,0.7990376353263855,-1,-1,-1
514,2,1544.0063,912.5656,762.6767599999998,380.5081200000001,0.7994260787963867,-1,-1,-1
515,2,1434.0118,922.23193,675.8855999999998,363.18297999999993,0.7842053771018982,-1,-1,-1
516,2,1336.3804,935.1366,613.8586399999999,332.307,0.8393855690956116,-1,-1,-1
517,2,1261.1757,943.0606,595.1133,307.37445,0.8137917518615723,-1,-1,-1
518,2,1173.1724,945.08905,524.59436,291.97551999999996,0.7938159704208374,-1,-1,-1
519,2,1113.293,955.32904,479.35535000000004,261.55768,0.8367533683776855,-1,-1,-1
520,2,1071.5057,964.63983,414.63098000000014,238.11847,0.8345027565956116,-1,-1,-1
521,2,1017.27875,971.99347,396.83514000000014,224.41558999999995,0.8365374207496643,-1,-1,-1
522,2,979.5749,974.78564,352.60992,215.7981000000001,0.8491613864898682,-1,-1,-1
523,2,940.0617,977.7307,316.7548199999999,202.88829999999996,0.8433465361595154,-1,-1,-1
524,2,901.8712,981.0436,287.0616500000001,191.16283999999996,0.8327679634094238,-1,-1,-1
525,2,864.42004,980.19775,283.32665999999995,189.3044400000001,0.8543910384178162,-1,-1,-1
526,2,830.9889,984.58484,267.5229499999999,178.93761999999992,0.8740132451057434,-1,-1,-1
527,2,807.9416,980.923,266.5832999999999,179.19408999999996,0.836912989616394,-1,-1,-1
528,2,780.7196,982.14124,254.42296999999996,174.23950000000002,0.8327012062072754,-1,-1,-1
529,2,756.548,983.757,253.23523,168.06549000000007,0.8272161483764648,-1,-1,-1
530,2,733.825,985.5309,240.27233999999999,161.04797000000008,0.8570132255554199,-1,-1,-1
531,2,713.3432,987.6094,230.86975000000007,158.08655,0.8361535668373108,-1,-1,-1
532,2,694.34155,988.9489,224.39246000000003,153.29363999999998,0.8235070109367371,-1,-1,-1
533,2,673.70435,991.6743,215.23315000000002,147.14294000000007,0.8612197637557983,-1,-1,-1
534,2,659.52484,993.6725,210.41992000000005,142.37195000000008,0.834788978099823,-1,-1,-1
535,2,647.0636,993.1321,200.35828000000004,139.1144999999999,0.8558186888694763,-1,-1,-1
536,2,636.1034,992.1326,192.00635,137.33649000000003,0.8428051471710205,-1,-1,-1
537,2,626.9447,991.9748,177.95428000000004,134.19805999999994,0.8376139998435974,-1,-1,-1
538,2,608.0948,990.6927,178.88458000000003,137.62433,0.8529529571533203,-1,-1,-1
539,2,600.00635,992.82715,166.13049999999998,130.89783,0.8458003997802734,-1,-1,-1
540,2,588.69336,994.9059,162.99121000000002,127.77550999999994,0.8686805367469788,-1,-1,-1
541,2,578.0986,996.0105,160.86492999999996,125.30163600000003,0.8325878977775574,-1,-1,-1
542,2,568.2531,997.8279,153.89954,120.44739000000004,0.8207665085792542,-1,-1,-1
543,2,554.81757,998.636,149.0929,118.47351000000003,0.8712368607521057,-1,-1,-1
544,2,542.6179,997.2687,151.79395,117.27770999999996,0.8326787352561951,-1,-1,-1
545,2,534.4724,998.3113,144.30175999999994,114.38476600000001,0.8240665793418884,-1,-1,-1
546,2,521.4356,995.1256,146.43964000000005,117.04211399999997,0.8246931433677673,-1,-1,-1
547,2,512.0725,995.2379,147.94646999999998,115.16565000000003,0.8480435013771057,-1,-1,-1
548,2,504.4723,993.25574,143.50964,116.57336399999997,0.8412199020385742,-1,-1,-1
549,2,495.40604,993.77454,141.70773000000003,116.35107400000004,0.8434618711471558,-1,-1,-1
550,2,491.57944,994.5172,133.87880999999993,114.35485999999992,0.8305631279945374,-1,-1,-1
551,2,484.8266,994.39624,135.33972000000006,113.11352499999998,0.7981525659561157,-1,-1,-1
552,2,475.32593,994.2707,134.07726999999994,113.51812999999993,0.7347245812416077,-1,-1,-1
553,2,470.26373,995.1262,131.47968000000003,111.77087399999994,0.698357880115509,-1,-1,-1
530,1,287.41837,1034.1816,112.93838499999998,102.30163599999992,0.7027416825294495,-1,-1,-1
531,1,287.98712,1034.1348,114.48473999999999,103.02197000000001,0.6906836628913879,-1,-1,-1
532,1,289.36484,1033.5388,117.29983499999997,103.5334499999999,0.7035428881645203,-1,-1,-1
533,1,292.12872,1034.5118,115.53213499999998,104.60009999999988,0.7341686487197876,-1,-1,-1
534,1,294.59778,1033.9797,116.31332400000002,106.04198999999994,0.7552684545516968,-1,-1,-1
535,1,294.94992,1034.8474,118.99703999999997,106.0341800000001,0.7790024876594543,-1,-1,-1
536,1,298.00623,1036.4067,121.09197999999998,105.08422999999993,0.7939445972442627,-1,-1,-1
537,1,301.67303,1038.0662,121.53198000000003,107.48669399999994,0.7908604741096497,-1,-1,-1
538,1,301.72238,1038.2659,122.29559,108.38195999999994,0.7968035936355591,-1,-1,-1
539,1,306.45932,1038.9937,123.24545,108.70922999999993,0.7738667726516724,-1,-1,-1
540,1,309.14966,1040.9043,124.08597000000003,109.27637000000004,0.7676329016685486,-1,-1,-1
541,1,309.00012,1040.9893,127.86676,110.83337400000005,0.785284161567688,-1,-1,-1
542,1,313.41965,1043.7584,127.06801999999999,109.94470000000001,0.7771129608154297,-1,-1,-1
543,1,317.66757,1045.1616,126.53000000000003,108.39538599999992,0.7667631506919861,-1,-1,-1
544,1,319.63998,1045.3658,126.03989000000001,109.31238000000008,0.7708165645599365,-1,-1,-1
545,1,321.11932,1045.6823,126.32019000000003,109.43909000000008,0.7672200798988342,-1,-1,-1
546,1,324.29083,1046.689,128.8743,112.38988999999992,0.7764880657196045,-1,-1,-1
547,1,329.06635,1048.5696,127.092285,112.56090999999992,0.8051926493644714,-1,-1,-1
548,1,335.28754,1049.505,128.43475,113.16222999999991,0.8105616569519043,-1,-1,-1
549,1,339.64728,1049.6364,131.12518,115.64391999999998,0.812257707118988,-1,-1,-1
550,1,340.55402,1050.5039,133.47037,117.2652599999999,0.8172130584716797,-1,-1,-1
551,1,341.53906,1051.848,135.31146,116.64551000000006,0.8228277564048767,-1,-1,-1
552,1,343.25964,1053.4446,137.10442999999998,120.36547999999993,0.8181377649307251,-1,-1,-1
553,1,346.11792,1052.0403,138.96234000000004,123.99158000000011,0.818645179271698,-1,-1,-1
554,1,349.5251,1053.1261,141.50879000000003,124.11986999999999,0.8139434456825256,-1,-1,-1
555,1,348.6529,1054.1799,144.92194,125.62133999999992,0.816518247127533,-1,-1,-1
556,1,350.38,1054.8411,147.83385999999996,127.66162000000008,0.8312885761260986,-1,-1,-1
557,1,353.54922,1057.4941,150.77981999999997,126.43017600000007,0.8172369003295898,-1,-1,-1
558,1,361.33325,1056.6395,150.60100999999997,130.0485799999999,0.8251564502716064,-1,-1,-1
