1904,6,0.0,480.23734,420.48315,354.1021999999999,0.6833052635192871,-1,-1,-1
1905,6,0.0,489.12628,434.77164,349.57428,0.698452353477478,-1,-1,-1
1906,6,0.0,495.32544,463.06982,349.5926,0.7425949573516846,-1,-1,-1
1907,6,0.0,488.17902,472.71075,360.1416,0.7434267997741699,-1,-1,-1
1909,6,0.8534622,504.89166,506.33905,362.8343,0.6128942370414734,-1,-1,-1
1910,6,0.23605347,504.64722,512.85596,361.86462,0.751428484916687,-1,-1,-1
1911,6,0.0,503.41187,532.02374,369.83795,0.7738797664642334,-1,-1,-1
1912,6,0.47737122,505.73517,545.0212,375.1643000000001,0.6632624268531799,-1,-1,-1
1913,6,1.9451141,518.175,557.29834,366.63824,0.7641929388046265,-1,-1,-1
1914,6,9.371223,517.6341,558.2838,374.90936,0.7267124652862549,-1,-1,-1
1915,6,25.702705,516.5286,548.98737,385.71106,0.7330712676048279,-1,-1,-1
1916,6,37.500076,531.39984,558.4889,384.86615000000006,0.7848103046417236,-1,-1,-1
1917,6,69.1872,540.75867,543.93494,381.9181500000001,0.7725736498832703,-1,-1,-1
1918,6,59.05716,548.0641,545.6481,382.62073,0.7762510180473328,-1,-1,-1
1919,6,50.695,546.71967,571.72614,385.96844,0.7341051697731018,-1,-1,-1
1920,6,64.36062,549.8323,566.686,392.03876,0.7167019248008728,-1,-1,-1
1927,6,131.09276,572.48956,521.5303,402.99628000000007,0.6274545192718506,-1,-1,-1
2194,5,1527.4152,948.385,173.72070000000008,144.84644000000003,0.6386701464653015,-1,-1,-1
2195,5,1513.2968,947.6761,180.8758499999999,148.46367999999995,0.8160649538040161,-1,-1,-1
2196,5,1500.6447,947.6565,185.67603000000008,151.92163000000005,0.8343552947044373,-1,-1,-1
2197,5,1485.5642,949.6447,190.79834000000005,154.24016999999992,0.8309829831123352,-1,-1,-1
2198,5,1468.9342,948.4714,197.6275599999999,159.04865000000007,0.8452580571174622,-1,-1,-1
2199,5,1450.6996,950.0748,201.12059999999997,159.42224,0.8469617962837219,-1,-1,-1
2200,5,1435.0775,950.1077,205.07202000000007,162.33025999999995,0.8638942241668701,-1,-1,-1
2201,5,1412.6022,950.0456,216.27258000000006,165.85028,0.8669410347938538,-1,-1,-1
2202,5,1387.4225,953.8709,221.62598000000003,168.39434999999992,0.8668626546859741,-1,-1,-1
2203,5,1355.3247,951.9089,236.26404000000002,176.2785,0.8599858283996582,-1,-1,-1
2204,5,1331.2454,953.1702,242.04016000000001,178.25970000000007,0.8712711334228516,-1,-1,-1
2205,5,1298.4951,954.09326,253.8315399999999,179.95483000000002,0.8779841065406799,-1,-1,-1
2206,5,1259.2981,951.1729,270.15221999999994,188.4625900000001,0.8705807328224182,-1,-1,-1
2207,5,1214.9724,949.1142,289.02466000000004,195.09283000000005,0.8842827081680298,-1,-1,-1
2208,5,1168.7524,946.8382,307.94702000000007,201.1873200000001,0.8705621361732483,-1,-1,-1
2209,5,1104.9702,944.44116,333.98962000000006,209.56396000000007,0.8799020648002625,-1,-1,-1
2210,5,1047.1663,941.9255,354.53552000000013,217.41301999999996,0.8847841024398804,-1,-1,-1
2211,5,972.4103,938.37036,388.0597,223.8757300000001,0.8661459684371948,-1,-1,-1
2212,5,888.0231,934.8416,429.99390000000005,231.55730999999992,0.8637173175811768,-1,-1,-1
2213,5,793.56946,917.0459,463.34411999999986,255.6106000000001,0.8697127103805542,-1,-1,-1
2214,5,678.2225,907.75616,515.4579499999999,269.42327999999986,0.8648419380187988,-1,-1,-1
2215,5,568.32666,899.5239,558.6932399999998,281.30823,0.8522801995277405,-1,-1,-1
2216,5,426.15906,890.1013,623.3833,297.49779999999987,0.8183242082595825,-1,-1,-1
2217,5,249.90555,880.4306,699.1883500000001,308.29340000000013,0.8172970414161682,-1,-1,-1
2218,5,55.179367,851.20966,785.5612,345.10797,0.7798312902450562,-1,-1,-1
2219,5,5.2993774,826.38196,694.5225,374.70214999999996,0.768294632434845,-1,-1,-1
2220,5,0.0,823.6955,526.11316,382.52409999999986,0.7646872401237488,-1,-1,-1
1947,3,378.4079,717.27155,565.31555,388.0111700000001,0.764683723449707,-1,-1,-1
1948,3,388.63974,733.36145,591.9648399999999,393.5880000000001,0.7619711756706238,-1,-1,-1
1949,3,399.9286,738.25165,609.4837600000001,403.5674399999999,0.6647167205810547,-1,-1,-1
1950,3,429.89432,745.64545,611.4134499999999,401.20600000000013,0.8522448539733887,-1,-1,-1
1951,3,458.6196,756.75903,613.3126,402.4916999999999,0.844078540802002,-1,-1,-1
1952,3,501.2155,755.3706,612.759,418.2010499999999,0.8089699149131775,-1,-1,-1
1953,3,539.3568,773.8368,604.9677999999999,409.9109000000001,0.7996271848678589,-1,-1,-1
1955,3,606.18884,795.82794,623.8259,415.1852399999999,0.7899655699729919,-1,-1,-1
1956,3,641.015,811.18024,629.25977,413.01104999999995,0.8132707476615906,-1,-1,-1
1957,3,697.5284,831.7883,608.58624,402.7129000000001,0.7819467186927795,-1,-1,-1
1958,3,737.6071,877.38434,615.2160000000001,368.6911000000001,0.8248698711395264,-1,-1,-1
1959,3,789.7357,876.0484,591.4929,381.76300000000003,0.8120341897010803,-1,-1,-1
1960,3,804.07056,882.5525,624.8379999999999,384.96630000000005,0.8047979474067688,-1,-1,-1
1961,3,802.146,923.54395,656.4748499999998,347.6794400000001,0.7322126030921936,-1,-1,-1
1962,3,894.0773,902.63257,617.15027,376.53845,0.8149663805961609,-1,-1,-1
1963,3,953.0897,906.9444,589.1282999999999,382.5136000000001,0.805141270160675,-1,-1,-1
1964,3,985.4718,934.5859,601.3435999999999,363.27264000000014,0.8373711109161377,-1,-1,-1
1965,3,1015.4968,952.96735,604.4021000000001,355.22429999999997,0.7687119245529175,-1,-1,-1
1966,3,1045.2668,960.95856,620.68787,357.32965000000013,0.7952897548675537,-1,-1,-1
1967,3,1114.5044,963.1842,570.1357399999999,359.73267,0.7758965492248535,-1,-1,-1
1968,3,1152.3748,981.48987,551.7665,341.28857000000005,0.7928167581558228,-1,-1,-1
1969,3,1197.9653,980.6004,539.1229000000001,348.45000000000005,0.8429600596427917,-1,-1,-1
1970,3,1244.9197,992.92676,512.6566,337.13622999999995,0.8264850378036499,-1,-1,-1
1971,3,1284.0731,1004.2758,485.3930700000001,327.1481299999999,0.8140596747398376,-1,-1,-1
1972,3,1321.3003,1000.16034,468.2940699999999,331.1655999999999,0.8413847088813782,-1,-1,-1
1973,3,1352.3516,1006.40607,484.7512200000001,327.222,0.8472573161125183,-1,-1,-1
1974,3,1377.1428,1008.33984,484.04114000000004,325.85413000000005,0.8349685668945312,-1,-1,-1
1975,3,1413.1053,1012.86816,463.91382,319.46849999999995,0.8343076705932617,-1,-1,-1
1976,3,1435.613,1018.3786,453.61572,311.7595799999999,0.8365998268127441,-1,-1,-1
1977,3,1520.3134,1026.1746,388.80773999999997,297.7019,0.824245035648346,-1,-1,-1
1978,3,1563.2943,1030.6802,351.13585999999987,287.6546599999999,0.820709228515625,-1,-1,-1
1979,3,1601.0226,1041.657,319.2205799999999,270.78027,0.8354060649871826,-1,-1,-1
1980,3,1613.886,1041.2983,311.05188,269.0290500000001,0.840172290802002,-1,-1,-1
1981,3,1629.4733,1047.1395,302.2927199999999,261.80053999999996,0.7103012204170227,-1,-1,-1
1983,3,1649.2133,1055.5237,274.4042999999999,250.32592999999997,0.6568399667739868,-1,-1,-1
1984,3,1660.6085,1054.9166,268.98315,248.11132999999995,0.6839626431465149,-1,-1,-1
1985,3,1662.864,1052.6826,270.6152299999999,248.43419999999992,0.7267704010009766,-1,-1,-1
1986,3,1681.1993,1057.9828,251.51855,234.4843800000001,0.7130966782569885,-1,-1,-1
1987,3,1685.1824,1056.6962,244.10645,232.12609999999995,0.7556521892547607,-1,-1,-1
1988,3,1692.9241,1053.8564,232.12000000000012,230.80260999999996,0.7797151803970337,-1,-1,-1
1989,3,1695.4208,1049.8312,235.0531000000001,228.15465999999992,0.7720572352409363,-1,-1,-1
1991,3,1711.3452,1042.5093,225.39733999999999,221.7826,0.728523850440979,-1,-1,-1
1992,3,1719.1763,1040.8007,218.1262200000001,215.27965999999992,0.733730673789978,-1,-1,-1
1993,3,1722.9492,1035.3534,214.7851599999999,212.56177000000002,0.8087321519851685,-1,-1,-1
1994,3,1726.3458,1036.7871,209.64905,206.98974999999996,0.772666871547699,-1,-1,-1
1995,3,1731.0516,1035.9817,208.85619999999994,202.24633999999992,0.7933593988418579,-1,-1,-1
1996,3,1733.6477,1036.754,203.55468999999994,194.94957999999997,0.7757499814033508,-1,-1,-1
1997,3,1736.7623,1030.2322,205.92444,194.62671,0.7209457755088806,-1,-1,-1
2181,1,675.5887,1147.9686,660.5251000000001,417.14501999999993,0.7622286081314087,-1,-1,-1
2182,1,875.1594,1137.5006,528.2089999999998,387.36536,0.6913678050041199,-1,-1,-1
2183,1,997.0593,1130.097,511.44556,353.9026000000001,0.8214612603187561,-1,-1,-1
2184,1,1099.9684,1125.5693,456.74254999999994,322.5184300000001,0.8344410061836243,-1,-1,-1
2185,1,1196.658,1114.0444,412.00353999999993,304.03503,0.7641738653182983,-1,-1,-1
2186,1,1260.8466,1108.9979,391.0866699999999,290.34349999999995,0.824614405632019,-1,-1,-1
2187,1,1316.2362,1102.5874,363.8366699999999,274.5822800000001,0.8290515542030334,-1,-1,-1
2188,1,1374.7034,1098.547,332.89734,254.83826,0.8342323303222656,-1,-1,-1
2189,1,1434.7183,1091.4098,301.24268000000006,239.32702999999992,0.871938943862915,-1,-1,-1
2190,1,1482.8042,1086.5175,277.53296,228.29138000000012,0.8287976384162903,-1,-1,-1
2191,1,1513.1915,1081.1957,260.4839999999999,218.22070000000008,0.8041825890541077,-1,-1,-1
2192,1,1549.4104,1076.9379,244.01978000000008,207.65930000000003,0.8209280967712402,-1,-1,-1
2193,1,1576.0236,1071.0596,229.54711999999995,203.60132,0.8480342626571655,-1,-1,-1
2194,1,1598.9785,1068.2495,220.07996000000003,195.44066999999995,0.8349161744117737,-1,-1,-1
2195,1,1620.054,1063.1755,211.9067399999999,191.6076700000001,0.8391936421394348,-1,-1,-1
2196,1,1628.6157,1057.2592,216.0705599999999,187.9644800000001,0.8252707123756409,-1,-1,-1
2197,1,1654.3005,1054.5228,199.37805000000003,180.95190000000002,0.8152938485145569,-1,-1,-1
2198,1,1669.5889,1048.0076,193.71582000000012,180.16467000000011,0.822100043296814,-1,-1,-1
2199,1,1682.9714,1046.4751,188.1317100000001,171.62475999999992,0.8333523273468018,-1,-1,-1
2200,1,1688.0715,1041.5826,188.43175999999994,166.45532000000003,0.8670517802238464,-1,-1,-1
2201,1,1699.4438,1036.2924,182.3754899999999,160.73279000000002,0.860805869102478,-1,-1,-1
2202,1,1700.9747,1033.8138,183.7402300000001,157.36768000000006,0.7996070981025696,-1,-1,-1
2203,1,1707.3247,1027.8607,181.3497299999999,155.96886999999992,0.7368332147598267,-1,-1,-1
2204,1,1719.5833,1028.4971,168.32763999999997,147.49133000000006,0.7224342823028564,-1,-1,-1
2205,1,1723.8473,1022.4228,162.94103999999993,146.27252,0.6607276797294617,-1,-1,-1
