2229,5,915.2407,54.221405,104.04485999999997,87.34862999999999,0.6173660159111023,-1,-1,-1
2230,5,915.6277,54.59289,104.27783,87.22812,0.6775310039520264,-1,-1,-1
2231,5,915.1581,54.983967,105.98992999999996,87.95000999999999,0.6509207487106323,-1,-1,-1
2232,5,914.9343,54.896786,107.89435000000003,88.23712,0.6092051863670349,-1,-1,-1
2238,5,917.0449,54.22062,107.86120599999992,90.26049,0.6347514986991882,-1,-1,-1
2239,5,917.11536,55.047283,107.5629899999999,90.98987,0.7664517164230347,-1,-1,-1
2240,5,916.888,55.42936,107.46819999999991,90.90990400000001,0.7552582621574402,-1,-1,-1
2241,5,917.07874,55.55168,107.60778999999991,90.80417,0.7286800146102905,-1,-1,-1
2242,5,916.9236,56.137444,107.55981400000007,90.24275999999999,0.7472974061965942,-1,-1,-1
2243,5,916.5799,56.37099,108.59833000000003,90.58959999999999,0.8217876553535461,-1,-1,-1
2244,5,916.7286,57.22353,108.90948500000002,90.12569,0.8239689469337463,-1,-1,-1
2245,5,916.7003,57.366215,109.29333500000007,90.403,0.7871408462524414,-1,-1,-1
2246,5,916.81226,58.15575,109.38720999999998,89.97771000000002,0.7627326250076294,-1,-1,-1
2247,5,916.92004,58.248993,109.86986999999999,90.36477999999998,0.7851364016532898,-1,-1,-1
2248,5,917.19916,58.562187,110.46160999999995,90.63775000000001,0.7956788539886475,-1,-1,-1
2249,5,917.58484,58.895985,110.2677000000001,90.62816000000001,0.8033110499382019,-1,-1,-1
2250,5,918.36005,59.030716,109.34344499999997,90.81778000000001,0.8085721135139465,-1,-1,-1
2251,5,919.42255,57.947414,107.81133999999997,91.89619399999998,0.8161721229553223,-1,-1,-1
2252,5,919.7421,57.654785,107.55987500000003,92.02178999999998,0.8059194087982178,-1,-1,-1
2253,5,919.02484,58.288605,108.34368999999992,91.33327,0.7482938766479492,-1,-1,-1
2254,5,919.3397,57.534134,108.25561500000003,91.34115600000001,0.7402416467666626,-1,-1,-1
2255,5,919.83234,57.992504,107.12286000000006,90.53230000000002,0.7160530686378479,-1,-1,-1
2256,5,920.36346,58.23789,106.92400999999995,90.52829,0.749094545841217,-1,-1,-1
2257,5,920.94684,57.861137,106.95453000000009,91.29571,0.7342649102210999,-1,-1,-1
2258,5,921.27716,58.101578,106.8642000000001,91.25319,0.7289282083511353,-1,-1,-1
2259,5,921.06323,58.036533,108.04784999999993,92.25316000000001,0.7673557996749878,-1,-1,-1
2260,5,920.9854,58.4729,108.50421000000006,92.1927,0.7845125794410706,-1,-1,-1
2261,5,921.03467,59.152634,108.79455600000006,92.34592,0.7689119577407837,-1,-1,-1
2262,5,921.05896,60.025646,108.79578000000004,92.06848,0.7522861957550049,-1,-1,-1
2263,5,919.76575,61.484066,110.77807600000006,91.83746000000001,0.6616386771202087,-1,-1,-1
2264,5,919.6863,61.880047,111.68676999999991,92.20332000000002,0.6433125138282776,-1,-1,-1
2265,5,920.49194,62.243626,111.31604000000004,92.47,0.6869707703590393,-1,-1,-1
2266,5,921.0122,63.203182,111.41161999999997,92.04177999999999,0.706921398639679,-1,-1,-1
2267,5,921.19995,63.336823,111.07360999999992,92.19408999999999,0.7287936806678772,-1,-1,-1
2268,5,922.1553,63.124233,110.30115000000012,92.20996,0.6970738768577576,-1,-1,-1
2269,5,922.829,64.234955,109.57531999999992,90.56185999999998,0.7349488735198975,-1,-1,-1
2270,5,922.8045,64.76034,109.48968500000001,90.25123,0.7682711482048035,-1,-1,-1
2271,5,922.4693,65.22119,110.03899999999999,90.26567,0.7379170060157776,-1,-1,-1
2272,5,922.01196,65.78903,110.44213999999988,90.799286,0.7078716158866882,-1,-1,-1
2273,5,923.1769,66.61938,109.83398399999999,90.36738,0.6428663730621338,-1,-1,-1
2274,5,924.4471,65.895134,110.01288000000011,91.591866,0.6140302419662476,-1,-1,-1
2275,5,924.1495,65.996544,110.73345999999992,93.05976000000001,0.6311852335929871,-1,-1,-1
2276,5,924.74365,66.23784,110.92394999999999,93.4135,0.6117932796478271,-1,-1,-1
2277,5,925.32043,66.401405,110.03845000000001,93.40145,0.6224876046180725,-1,-1,-1
2278,5,926.3737,66.80504,109.5104399999999,93.48917000000002,0.6254081130027771,-1,-1,-1
2279,5,926.0133,67.08177,110.38122600000008,94.262054,0.6341723203659058,-1,-1,-1
2280,5,926.0565,68.22724,111.55334499999992,94.71269999999998,0.6808758974075317,-1,-1,-1
2281,5,926.62683,68.21225,111.3386200000001,95.19172999999999,0.7099586129188538,-1,-1,-1
2282,5,927.2627,68.47801,110.82641600000011,95.06497,0.709157407283783,-1,-1,-1
2283,5,926.29193,68.56792,111.6502099999999,95.53134000000001,0.736392617225647,-1,-1,-1
2284,5,926.6331,67.85449,111.11481000000003,96.28230000000002,0.7592152953147888,-1,-1,-1
2285,5,926.9626,67.95052,110.4414700000001,96.16303,0.7542073130607605,-1,-1,-1
2286,5,926.46326,68.1644,111.04296999999997,96.9973,0.743318498134613,-1,-1,-1
2287,5,926.07996,68.95654,110.93164000000002,96.345566,0.7524309158325195,-1,-1,-1
2288,5,926.3941,70.133224,111.46001999999999,96.15935,0.7982918620109558,-1,-1,-1
2289,5,926.63275,70.26213,112.17913999999996,97.08627,0.8171814680099487,-1,-1,-1
2290,5,927.5186,70.57757,111.569885,95.98815,0.8111911416053772,-1,-1,-1
2291,5,927.4347,70.78783,112.46154999999999,95.99236999999998,0.8186931014060974,-1,-1,-1
2292,5,927.80975,71.43396,112.14568999999995,95.68512,0.8260008096694946,-1,-1,-1
2293,5,927.76074,69.7362,112.87450999999999,98.92899,0.7518744468688965,-1,-1,-1
2294,5,927.6546,70.354065,113.9019199999999,99.01735000000001,0.740666389465332,-1,-1,-1
2295,5,927.8096,71.501526,113.94335999999998,98.95324999999998,0.7238240838050842,-1,-1,-1
2296,5,927.82806,72.10265,114.2328500000001,98.67429,0.7032105326652527,-1,-1,-1
2297,5,928.8205,73.852066,113.39496000000008,97.04207999999998,0.6912227869033813,-1,-1,-1
2298,5,928.7387,73.51044,113.36810000000003,97.21898,0.7081364393234253,-1,-1,-1
2299,5,929.682,73.77231,112.05846999999994,96.168015,0.7454132437705994,-1,-1,-1
2300,5,930.14276,73.97793,111.80559999999991,95.69829599999998,0.729047417640686,-1,-1,-1
2301,5,930.6708,74.41791,111.92419400000006,95.31749000000002,0.7244380116462708,-1,-1,-1
2302,5,930.95105,74.21504,111.84582499999999,95.863785,0.7021146416664124,-1,-1,-1
2303,5,930.1746,74.342926,112.34564,96.05382,0.6984384655952454,-1,-1,-1
2304,5,930.0278,73.96934,113.35052499999995,97.02012,0.7142735123634338,-1,-1,-1
2305,5,930.84015,74.491936,112.92462,96.71380999999998,0.7654691338539124,-1,-1,-1
2306,5,930.8298,74.35265,113.44939999999997,97.33102999999998,0.7623365521430969,-1,-1,-1
2307,5,930.7988,74.3707,113.83337400000005,97.72653,0.7734715342521667,-1,-1,-1
2308,5,930.7737,74.65119,114.77392600000007,97.846245,0.7732804417610168,-1,-1,-1
2309,5,930.68604,74.73618,115.8082300000001,98.138054,0.7787855863571167,-1,-1,-1
2310,5,930.94604,76.25315,114.84215999999992,96.75094999999999,0.8069022297859192,-1,-1,-1
2311,5,931.2405,76.48916,114.65466000000004,96.47655499999999,0.7872433066368103,-1,-1,-1
2312,5,931.87494,74.91967,115.60003999999992,98.16959,0.7251274585723877,-1,-1,-1
2313,5,932.3502,76.85926,116.74328600000001,96.92638399999998,0.7627090215682983,-1,-1,-1
2314,5,931.9685,78.50032,114.89831499999991,96.5499,0.7947202920913696,-1,-1,-1
2315,5,933.15295,78.553276,115.41736000000003,97.45352999999999,0.8030310869216919,-1,-1,-1
2316,5,933.36346,79.518265,114.2358999999999,97.195755,0.8165565729141235,-1,-1,-1
2317,5,933.61914,79.50762,113.81103499999995,97.16817499999999,0.8396552205085754,-1,-1,-1
2318,5,933.67365,79.77593,114.03777999999988,97.06014,0.8400841355323792,-1,-1,-1
2319,5,933.2668,79.90113,114.788635,97.68346399999999,0.8317673802375793,-1,-1,-1
2320,5,933.49255,80.28218,114.42737,97.42081,0.8326862454414368,-1,-1,-1
2321,5,933.4593,81.14326,114.09637500000008,97.84995,0.8365182280540466,-1,-1,-1
2322,5,933.83154,81.841736,114.01427999999999,98.26353500000002,0.8337922692298889,-1,-1,-1
2323,5,936.2973,82.911255,113.18317000000002,97.34158000000001,0.8516029715538025,-1,-1,-1
2324,5,935.6474,82.71489,114.6979399999999,98.12472499999998,0.8475558757781982,-1,-1,-1
2325,5,935.8741,83.36703,114.16192999999998,99.01182,0.8583394289016724,-1,-1,-1
2326,5,936.4421,84.37697,113.85406499999999,99.16107,0.86460280418396,-1,-1,-1
2327,5,936.6206,85.0625,114.52539000000002,99.00278,0.8696372509002686,-1,-1,-1
2328,5,936.5345,85.22087,114.59662000000003,99.22619999999999,0.8721864223480225,-1,-1,-1
2329,5,935.3845,84.30656,116.53075999999999,100.70812,0.8793661594390869,-1,-1,-1
2330,5,935.82513,83.88407,116.24701000000005,101.77791600000002,0.8761725425720215,-1,-1,-1
2331,5,935.76355,83.656075,116.23144500000001,102.14926999999999,0.8762447237968445,-1,-1,-1
598,2,1226.1932,669.1002,416.85132,333.68035999999995,0.8387465476989746,-1,-1,-1
599,2,1226.1444,659.2125,415.85925,323.3175,0.8558683395385742,-1,-1,-1
600,2,1230.714,645.2977,403.25695999999994,315.16376,0.8887457251548767,-1,-1,-1
601,2,1229.9407,624.3435,397.73914000000013,316.6983,0.8888188004493713,-1,-1,-1
602,2,1229.6151,611.49255,388.4254000000001,313.3369799999999,0.8888757824897766,-1,-1,-1
603,2,1227.2222,593.2132,385.08629999999994,310.06763,0.8927100300788879,-1,-1,-1
604,2,1226.455,577.37274,375.39697,300.43542,0.8874977827072144,-1,-1,-1
605,2,1225.186,561.42114,363.2762500000001,296.12366,0.8834922909736633,-1,-1,-1
606,2,1219.5146,546.4294,362.64722000000006,292.52448000000004,0.8823577761650085,-1,-1,-1
607,2,1213.4983,534.97064,356.0434600000001,283.2804,0.8819763660430908,-1,-1,-1
608,2,1210.5781,520.66864,347.05176000000006,277.39465000000007,0.8815425038337708,-1,-1,-1
609,2,1208.0911,507.89908,342.38904,271.44077000000004,0.8979180455207825,-1,-1,-1
610,2,1201.965,498.9396,332.80675999999994,267.19046,0.879721462726593,-1,-1,-1
611,2,1197.3694,487.6422,324.82130000000006,262.52264,0.8784002065658569,-1,-1,-1
612,2,1187.8137,477.55954,326.54846,258.2521699999999,0.8903531432151794,-1,-1,-1
613,2,1183.338,468.62677,320.1008300000001,252.00219999999996,0.8915377259254456,-1,-1,-1
614,2,1176.7739,455.0375,314.56690000000003,249.52969999999993,0.887794554233551,-1,-1,-1
615,2,1173.5027,446.5851,306.33460000000014,244.41994999999997,0.887144148349762,-1,-1,-1
616,2,1169.1055,436.3267,299.3900000000001,242.23696999999999,0.8931270241737366,-1,-1,-1
617,2,1161.714,425.98578,299.22704999999996,238.64868,0.8868606090545654,-1,-1,-1
618,2,1157.5444,419.19965,291.6412399999999,232.61736999999994,0.8900684118270874,-1,-1,-1
619,2,1151.3737,412.1133,284.5900999999999,225.83884,0.8891794681549072,-1,-1,-1
620,2,1146.4042,406.53522,282.69445999999994,219.49628000000007,0.8851443529129028,-1,-1,-1
621,2,1142.1848,395.6541,281.0525,219.57031,0.8799007534980774,-1,-1,-1
622,2,1134.2427,385.35632,275.81909999999993,219.71234000000004,0.8876833915710449,-1,-1,-1
623,2,1131.9338,376.45544,270.13184,217.52776999999998,0.8867078423500061,-1,-1,-1
624,2,1128.341,368.46317,264.79332999999997,213.73397999999997,0.8911778330802917,-1,-1,-1
625,2,1120.9775,360.26566,264.34436000000005,211.80997000000002,0.8925712704658508,-1,-1,-1
626,2,1117.3015,353.64847,260.16235000000006,207.03194999999994,0.8911517858505249,-1,-1,-1
627,2,1115.6708,349.351,254.17138999999997,199.06128,0.8898328542709351,-1,-1,-1
628,2,1112.3446,338.45667,250.9751000000001,199.34148999999996,0.8822866082191467,-1,-1,-1
629,2,1111.5009,333.49786,247.5008499999999,195.18847999999997,0.8781582117080688,-1,-1,-1
630,2,1108.1669,324.85608,239.95422000000008,193.67218000000003,0.8826832175254822,-1,-1,-1
631,2,1103.5547,319.7771,237.54834000000005,192.37078999999994,0.8842523694038391,-1,-1,-1
632,2,1097.7529,311.37048,237.60033999999996,191.02563000000004,0.8754618167877197,-1,-1,-1
633,2,1096.7537,306.87137,236.25866999999994,186.29468000000003,0.8733153343200684,-1,-1,-1
634,2,1095.7427,303.39517,231.49840999999992,181.17032,0.8860346078872681,-1,-1,-1
635,2,1092.7029,297.0276,226.97704999999996,180.50667999999996,0.8756310939788818,-1,-1,-1
636,2,1088.5604,293.25397,223.71460000000002,176.53864,0.8825326561927795,-1,-1,-1
637,2,1088.6422,288.4517,218.62450999999987,174.25885,0.8876805901527405,-1,-1,-1
638,2,1086.9264,282.80215,217.04285000000004,172.60446000000002,0.8921869993209839,-1,-1,-1
639,2,1085.6746,278.71423,211.47082999999998,169.21295000000003,0.8947861194610596,-1,-1,-1
640,2,1083.727,274.65182,210.50011999999992,166.69131,0.884468138217926,-1,-1,-1
641,2,1084.2826,268.86987,205.25658999999996,165.62405,0.8821079134941101,-1,-1,-1
642,2,1080.9088,264.62845,203.16418,163.13202,0.8860465884208679,-1,-1,-1
643,2,1079.9451,259.49448,202.23437999999987,161.41284000000002,0.8872851729393005,-1,-1,-1
644,2,1079.3141,254.75145,198.02405,161.42640000000003,0.8761823177337646,-1,-1,-1
645,2,1076.6296,249.32486,195.88049999999998,161.82626,0.880653977394104,-1,-1,-1
646,2,1075.7104,245.38907,192.03870000000006,160.6336,0.9035590887069702,-1,-1,-1
647,2,1074.2966,241.6568,191.60156000000006,158.90173000000001,0.9042611122131348,-1,-1,-1
648,2,1072.1359,235.44391,190.50989000000004,159.66637999999998,0.9074839949607849,-1,-1,-1
649,2,1073.1455,231.58812,185.93604000000005,157.08028000000002,0.894171953201294,-1,-1,-1
650,2,1072.9122,230.1095,185.25670999999988,154.43582,0.891044557094574,-1,-1,-1
651,2,1072.0825,227.62329,183.87682999999993,151.49454000000003,0.8840124607086182,-1,-1,-1
652,2,1071.3054,223.39088,181.30431999999996,150.63176,0.8797590136528015,-1,-1,-1
653,2,1072.7961,222.28163,176.94164999999998,147.83301999999998,0.8825907707214355,-1,-1,-1
654,2,1073.8667,216.88547,176.13646999999992,147.87619,0.8886938691139221,-1,-1,-1
655,2,1072.4734,214.25696,176.02747,146.3052,0.8841316103935242,-1,-1,-1
656,2,1071.3312,208.98975,175.6656499999999,147.54696999999996,0.8797580003738403,-1,-1,-1
657,2,1072.1359,206.73601,174.71631000000002,146.30528,0.8754088282585144,-1,-1,-1
658,2,1071.884,206.08858,172.01978000000008,142.77122,0.8697959780693054,-1,-1,-1
659,2,1072.6301,202.75655,170.79077000000007,141.59238999999997,0.8617700934410095,-1,-1,-1
660,2,1072.3748,200.80873,169.52405,140.6939,0.8705973029136658,-1,-1,-1
661,2,1072.3876,197.52803,167.7625700000001,139.61219999999997,0.8757688403129578,-1,-1,-1
662,2,1071.1448,191.32922,168.09949000000006,141.10576999999998,0.8709705471992493,-1,-1,-1
663,2,1072.1292,188.782,166.6955599999999,139.05867000000003,0.8641732335090637,-1,-1,-1
664,2,1073.6725,187.73979,165.37146000000007,136.89983000000004,0.860440731048584,-1,-1,-1
665,2,1072.41,182.69743,165.11255000000006,139.10908999999998,0.8782830834388733,-1,-1,-1
666,2,1072.2545,180.82623,163.98718000000008,136.77808,0.8634145855903625,-1,-1,-1
667,2,1073.0669,177.33237,161.75989000000004,136.16655999999998,0.8765611052513123,-1,-1,-1
668,2,1075.0925,176.4704,159.5214800000001,133.71282999999997,0.8823814392089844,-1,-1,-1
669,2,1076.2479,173.86229,158.46863000000008,133.91086999999996,0.8863118886947632,-1,-1,-1
670,2,1076.2827,172.47937,158.54638999999997,133.52230999999998,0.885929524898529,-1,-1,-1
671,2,1076.5153,170.9672,156.24792000000002,129.79857999999996,0.8783662915229797,-1,-1,-1
672,2,1078.3925,168.8571,155.64977999999996,129.71696000000003,0.8724155426025391,-1,-1,-1
673,2,1080.473,167.78777,153.49389999999994,128.46381999999997,0.8772523403167725,-1,-1,-1
674,2,1081.8983,164.61496,153.7082499999999,127.91925000000003,0.8585993051528931,-1,-1,-1
675,2,1082.9152,162.81308,152.05407999999989,126.71114999999998,0.8522427082061768,-1,-1,-1
676,2,1083.9756,161.24985,150.44408999999996,127.19348,0.8558209538459778,-1,-1,-1
677,2,1085.7495,160.39023,149.00159000000008,125.69269,0.837602972984314,-1,-1,-1
678,2,1085.9781,159.27176,150.0819100000001,123.65869,0.8423314690589905,-1,-1,-1
679,2,1084.7231,155.65709,150.80615000000012,126.70399499999999,0.8544705510139465,-1,-1,-1
680,2,1084.8997,153.70868,150.77405,125.26031500000002,0.8401823043823242,-1,-1,-1
681,2,1086.901,150.861,148.30944999999997,128.54822000000001,0.8145894408226013,-1,-1,-1
682,2,1087.02,150.07214,148.0324700000001,125.73978,0.7698289752006531,-1,-1,-1
683,2,1088.4979,148.19763,145.09546,125.40732000000003,0.776878833770752,-1,-1,-1
685,2,1090.0964,144.93698,143.12096999999994,122.740906,0.7204910516738892,-1,-1,-1
689,2,1093.7001,139.88078,141.41467000000011,116.79096999999999,0.6200176477432251,-1,-1,-1
692,2,1097.3816,135.6083,140.5554199999999,114.074005,0.6060242056846619,-1,-1,-1
2306,1,1258.8588,707.8112,445.83385999999996,365.06889999999987,0.8085995316505432,-1,-1,-1
2307,1,1260.6381,693.3144,441.61255000000006,361.59087999999997,0.8043718934059143,-1,-1,-1
2308,1,1258.4624,677.7737,440.2765999999999,358.1148700000001,0.8815478086471558,-1,-1,-1
2309,1,1258.7812,661.9751,442.49292000000014,356.76842999999997,0.8641233444213867,-1,-1,-1
2310,1,1258.6073,654.1021,430.5029299999999,345.37080000000003,0.8879491090774536,-1,-1,-1
2311,1,1256.5928,640.8175,426.34924,338.46973,0.8816623091697693,-1,-1,-1
2312,1,1249.7157,627.1727,426.83167000000003,335.91656,0.8862295150756836,-1,-1,-1
2313,1,1247.8727,616.5303,416.3497299999999,328.94927999999993,0.8987467288970947,-1,-1,-1
2314,1,1242.706,603.1759,408.49316,328.21906,0.892435610294342,-1,-1,-1
2315,1,1240.8247,593.5894,401.81848000000014,320.5670799999999,0.9001781344413757,-1,-1,-1
2316,1,1239.4205,580.03326,391.7202,320.07507,0.8900507092475891,-1,-1,-1
2317,1,1233.8508,567.2669,394.81848000000014,309.81841999999995,0.9015591740608215,-1,-1,-1
2318,1,1222.096,553.7018,394.6330600000001,308.59424,0.8963423371315002,-1,-1,-1
2319,1,1223.8512,541.91693,388.58190000000013,303.01617,0.886825442314148,-1,-1,-1
2320,1,1221.632,536.7708,381.46912,296.27502000000004,0.8926419615745544,-1,-1,-1
2321,1,1218.6975,527.6144,377.52135999999996,289.60095,0.9084023833274841,-1,-1,-1
2322,1,1217.1858,514.9884,367.1571000000001,288.30273,0.9004430770874023,-1,-1,-1
2323,1,1213.7777,508.64603,361.5371,280.50247,0.8917165994644165,-1,-1,-1
2324,1,1204.5841,498.77036,361.82764,277.26242,0.8909431099891663,-1,-1,-1
2325,1,1198.6254,488.414,356.8586399999999,274.9109000000001,0.8986536264419556,-1,-1,-1
2326,1,1196.1744,481.30518,348.39148,271.0849,0.8908007144927979,-1,-1,-1
2327,1,1187.4061,475.9883,348.75670000000014,265.20742999999993,0.895158588886261,-1,-1,-1
2328,1,1183.0531,468.274,343.47656000000006,259.42682,0.8986209630966187,-1,-1,-1
2329,1,1178.6432,458.51666,340.84985000000006,257.69336,0.8997368216514587,-1,-1,-1
2330,1,1173.9944,450.27988,333.32079999999996,256.77542,0.8909281492233276,-1,-1,-1
2331,1,1172.178,444.51865,328.6107199999999,250.12844999999993,0.8921558856964111,-1,-1,-1
