1784,5,580.501,78.48259,86.19872999999995,75.66913000000001,0.6145012378692627,-1,-1,-1
1785,5,580.18085,80.58248,88.97162000000003,76.88421,0.7217357158660889,-1,-1,-1
1786,5,580.1041,76.38289,87.91039999999998,81.86269999999999,0.6840533018112183,-1,-1,-1
1787,5,580.51825,77.52273,88.138916,81.25309000000001,0.6932259202003479,-1,-1,-1
1788,5,580.1477,80.40175,89.07190000000003,80.55009499999998,0.6570197939872742,-1,-1,-1
1790,5,579.391,84.17557,89.19341999999995,80.25258,0.6783016920089722,-1,-1,-1
1792,5,578.6026,88.769325,88.64733999999999,79.12035000000002,0.659765899181366,-1,-1,-1
1794,5,578.228,90.50992,87.277466,79.43726999999998,0.6485205292701721,-1,-1,-1
1796,5,576.4213,89.91429,88.94897500000002,85.42198000000002,0.6587687134742737,-1,-1,-1
1802,5,573.6447,108.35431,88.95398,77.89067,0.6289986371994019,-1,-1,-1
1806,5,568.4817,114.22279,92.60297000000003,81.66269,0.7097939252853394,-1,-1,-1
1807,5,568.7748,116.606705,92.07892000000004,81.52547999999999,0.6285446882247925,-1,-1,-1
1808,5,566.61194,116.007576,92.81341599999996,82.52068,0.6306483745574951,-1,-1,-1
1809,5,562.68774,115.45535,97.18737999999996,86.07947,0.7925642728805542,-1,-1,-1
1810,5,562.1181,116.682304,96.90832499999999,85.34257999999998,0.7854921817779541,-1,-1,-1
1811,5,560.492,121.407646,98.02936,84.27732,0.7996754050254822,-1,-1,-1
1812,5,560.12225,119.3016,98.32898,87.0731,0.8131317496299744,-1,-1,-1
1813,5,558.44763,120.44211,97.90326000000005,88.15501400000001,0.7435749173164368,-1,-1,-1
1814,5,557.1945,122.02741,99.11150999999995,90.9437,0.7721053957939148,-1,-1,-1
1815,5,557.13367,121.007835,99.05298000000005,92.06447600000001,0.7384809851646423,-1,-1,-1
1816,5,556.57733,125.36241,100.43902600000001,92.29622000000002,0.8053471446037292,-1,-1,-1
1817,5,556.4747,131.1564,98.50902999999994,89.95696999999998,0.7787573933601379,-1,-1,-1
1818,5,557.05225,135.0175,97.84857,87.99431000000001,0.7544913291931152,-1,-1,-1
1819,5,556.07837,134.03612,98.41021999999998,90.55762999999999,0.8172170519828796,-1,-1,-1
1820,5,555.5799,135.6008,99.39160000000004,91.8638,0.8063696622848511,-1,-1,-1
1821,5,555.59143,135.17873,99.87256000000002,93.5744,0.7925838828086853,-1,-1,-1
1822,5,556.8071,140.73582,100.50725999999997,90.31769,0.8243890404701233,-1,-1,-1
1823,5,556.3577,145.3363,100.29852000000005,89.42372,0.8218517303466797,-1,-1,-1
1824,5,556.39844,146.66579,101.08587999999997,89.773865,0.8320866227149963,-1,-1,-1
1825,5,556.43024,146.89749,102.02728000000002,93.14839,0.8096849322319031,-1,-1,-1
1826,5,556.0364,146.45734,102.86243000000002,95.867096,0.8115531802177429,-1,-1,-1
1827,5,556.5874,144.58969,103.64922999999999,100.99278000000001,0.7758592963218689,-1,-1,-1
1828,5,556.8666,151.94783,104.33404499999995,98.89426,0.7604565620422363,-1,-1,-1
1829,5,557.11694,155.16219,104.64373999999998,98.53169,0.7897728085517883,-1,-1,-1
1830,5,558.8184,158.61136,103.03070000000002,96.82427999999999,0.7969723343849182,-1,-1,-1
1831,5,558.61707,157.9472,104.44415000000004,100.96823,0.8162283301353455,-1,-1,-1
1832,5,558.33344,159.36426,105.59997599999997,102.026276,0.835873544216156,-1,-1,-1
1833,5,558.43994,160.96025,106.88281000000006,102.90098600000002,0.8211318254470825,-1,-1,-1
1834,5,559.29456,165.54272,105.71191399999998,101.72171,0.831327497959137,-1,-1,-1
1835,5,559.6941,168.63194,105.74774000000002,101.13139000000001,0.7844117879867554,-1,-1,-1
1836,5,559.3463,172.57074,109.09514999999999,101.14096,0.8082159757614136,-1,-1,-1
1837,5,559.4318,170.24013,111.79138,107.87285,0.802315354347229,-1,-1,-1
1838,5,560.02356,170.66113,111.44464000000005,109.91924999999998,0.7894583940505981,-1,-1,-1
1839,5,561.0627,172.97409,111.07696499999997,110.14587399999999,0.7390961647033691,-1,-1,-1
1840,5,561.14124,174.2982,113.2713,111.52467000000001,0.7556935548782349,-1,-1,-1
1841,5,562.1775,180.59488,113.81995000000006,110.82550000000003,0.7451507449150085,-1,-1,-1
1842,5,562.903,181.53542,114.56542999999999,112.16672999999997,0.6567836403846741,-1,-1,-1
1843,5,562.9141,182.29785,113.74444600000004,113.51964999999998,0.6849099397659302,-1,-1,-1
1844,5,562.38403,179.66823,117.88745000000006,118.19752499999998,0.8413257002830505,-1,-1,-1
1845,5,563.3495,185.84697,116.12720000000002,114.80284,0.7709201574325562,-1,-1,-1
1846,5,563.937,190.5645,115.64917000000003,114.13478000000003,0.7686018347740173,-1,-1,-1
1847,5,564.8982,194.78384,115.49786000000006,110.86593999999997,0.7458797097206116,-1,-1,-1
1848,5,565.5703,197.19252,115.73559599999999,112.45238,0.6836971640586853,-1,-1,-1
1849,5,565.81165,198.7924,117.37676999999996,114.197586,0.7251771092414856,-1,-1,-1
1850,5,565.7216,201.70343,118.21947999999998,113.45843499999998,0.7279408574104309,-1,-1,-1
1851,5,566.4474,199.8074,116.86017000000004,116.56381000000002,0.756675660610199,-1,-1,-1
1852,5,566.8699,204.67073,119.00231999999994,116.38274000000001,0.7489851713180542,-1,-1,-1
1853,5,567.0,210.48112,119.40697999999998,113.51378000000003,0.7848408818244934,-1,-1,-1
1854,5,568.08417,212.40091,119.84893999999997,114.35885999999999,0.8456670641899109,-1,-1,-1
1855,5,567.58606,212.68794,121.00298999999995,117.162766,0.7896934747695923,-1,-1,-1
1856,5,568.3955,214.62053,120.37572999999998,116.43528999999998,0.8295726776123047,-1,-1,-1
1857,5,568.2616,218.26085,118.66516000000001,114.75877000000003,0.8287805914878845,-1,-1,-1
1858,5,567.8455,218.55316,120.22748000000001,118.70416,0.8233994841575623,-1,-1,-1
1859,5,566.45795,219.14534,122.88036999999997,120.48475999999997,0.7972279787063599,-1,-1,-1
1860,5,566.79663,220.71796,124.45636000000002,122.396545,0.815037190914154,-1,-1,-1
1861,5,565.68854,228.34222,123.91888400000005,116.00314000000003,0.7732477188110352,-1,-1,-1
1862,5,565.9482,227.7974,124.33501999999999,117.90973,0.8211786150932312,-1,-1,-1
1863,5,563.7904,231.53479,127.14751999999999,116.16845999999998,0.7512540817260742,-1,-1,-1
1864,5,562.62177,232.63518,125.54003999999998,117.11561599999999,0.7837451100349426,-1,-1,-1
1865,5,562.10034,231.79276,126.13311999999996,119.43454000000003,0.7780252695083618,-1,-1,-1
1866,5,561.6117,234.52829,127.31341599999996,118.866455,0.8132360577583313,-1,-1,-1
1867,5,561.3949,234.88332,127.27532999999994,121.39058000000003,0.8278036713600159,-1,-1,-1
1868,5,560.57526,236.32916,128.41845999999998,122.41849000000002,0.8515936732292175,-1,-1,-1
1869,5,559.0634,235.57356,128.50287000000003,124.91847000000001,0.8763207793235779,-1,-1,-1
1870,5,557.75745,235.1586,129.94579999999996,128.62395999999998,0.880223274230957,-1,-1,-1
1871,5,558.1311,238.79509,127.34338000000002,125.79576,0.8595255017280579,-1,-1,-1
1872,5,556.183,239.06935,129.12463000000002,128.52756999999997,0.8688093423843384,-1,-1,-1
1873,5,554.64734,241.18,129.5426,128.16019,0.8594477772712708,-1,-1,-1
1874,5,550.47943,239.84233,133.99292000000003,132.10109,0.8565068244934082,-1,-1,-1
1875,5,547.804,242.10439,134.74414000000002,132.29826,0.8578541278839111,-1,-1,-1
1876,5,546.22974,248.0013,134.47107000000005,129.13541999999998,0.8589180111885071,-1,-1,-1
1877,5,543.41125,246.8627,138.00176999999996,134.57803000000004,0.8680706024169922,-1,-1,-1
1878,5,541.91626,250.08212,138.87543000000005,131.48025999999996,0.8611454367637634,-1,-1,-1
1879,5,540.3764,250.61736,140.38824,133.80672,0.859448254108429,-1,-1,-1
1880,5,541.3057,248.74988,139.63806,137.06537,0.8662745952606201,-1,-1,-1
1881,5,541.24066,252.75185,139.18603999999993,134.42768999999998,0.8593945503234863,-1,-1,-1
1882,5,540.7616,252.97058,140.11157000000003,136.79138000000003,0.8668422698974609,-1,-1,-1
1883,5,540.035,252.34267,141.40381000000002,139.05934000000002,0.8697364330291748,-1,-1,-1
1884,5,540.1308,254.45325,140.97571000000005,141.91394,0.8717609643936157,-1,-1,-1
1885,5,538.8338,258.03122,143.28850999999997,139.46277000000003,0.8752912282943726,-1,-1,-1
1886,5,538.6661,258.0832,145.78130999999996,143.78964000000002,0.8790370225906372,-1,-1,-1
1887,5,537.25726,260.54218,147.67138999999997,140.87344000000002,0.8822063207626343,-1,-1,-1
1888,5,536.6114,260.72534,149.69946000000004,144.88965000000002,0.8808268904685974,-1,-1,-1
1889,5,538.8705,264.41562,148.92296999999996,141.79092000000003,0.8859664797782898,-1,-1,-1
1890,5,536.6517,265.31696,151.97222999999997,142.53290000000004,0.8799613118171692,-1,-1,-1
1891,5,537.80994,265.6895,151.88824,142.9808,0.8794205784797668,-1,-1,-1
1892,5,536.97217,265.6011,155.35821999999996,145.97122000000002,0.8755939602851868,-1,-1,-1
1893,5,536.858,268.03326,157.14477999999997,146.9339,0.8807799220085144,-1,-1,-1
1894,5,536.10223,268.08,159.41229999999996,148.53136999999998,0.8775043487548828,-1,-1,-1
1895,5,536.7626,270.28915,159.88562000000002,149.14169999999996,0.8759511113166809,-1,-1,-1
1896,5,537.25354,268.98248,162.3388,153.66101000000003,0.879500150680542,-1,-1,-1
1897,5,537.97107,274.9047,161.05840999999998,148.95651000000004,0.8766093254089355,-1,-1,-1
1898,5,538.6182,270.745,162.88622999999995,155.89175,0.876499593257904,-1,-1,-1
1899,5,538.80945,271.1821,162.84058000000005,155.86325,0.8751764297485352,-1,-1,-1
1900,5,540.1411,272.77563,163.81226000000004,158.41364,0.8836759924888611,-1,-1,-1
1901,5,540.0003,276.05487,165.23987,158.38381999999996,0.8778907060623169,-1,-1,-1
1902,5,539.16486,278.841,167.90747,159.44058,0.8817527890205383,-1,-1,-1
1903,5,538.83,278.35178,168.7196,161.46909,0.8860144019126892,-1,-1,-1
1904,5,537.9083,282.44888,171.64879999999994,160.44614,0.8762474060058594,-1,-1,-1
1905,5,539.576,281.532,173.02710000000002,164.28744999999998,0.8831207156181335,-1,-1,-1
1906,5,537.02313,281.5017,176.44843000000003,168.15570000000002,0.8744876980781555,-1,-1,-1
1907,5,540.36597,283.78793,173.59588999999994,166.83603,0.8715576529502869,-1,-1,-1
1908,5,538.4652,283.30826,178.03253000000007,172.17327999999998,0.8805290460586548,-1,-1,-1
1909,5,537.92377,283.69354,178.62865999999997,175.08707000000004,0.8606310486793518,-1,-1,-1
1910,5,536.6219,287.06454,186.08667000000003,176.69592,0.8956498503684998,-1,-1,-1
1911,5,536.3214,289.05246,187.74707,175.6304,0.886434018611908,-1,-1,-1
1912,5,535.99133,292.1856,190.35686999999996,177.02429,0.8880718946456909,-1,-1,-1
1913,5,535.2485,289.34726,188.98663,181.17489999999998,0.8540717363357544,-1,-1,-1
1914,5,531.3584,293.22205,191.47442999999998,181.42953,0.8404519557952881,-1,-1,-1
1915,5,531.5046,295.45593,194.96429999999998,180.78174,0.7265871167182922,-1,-1,-1
1916,5,528.72455,300.84833,196.33587999999997,180.14203000000003,0.8657370805740356,-1,-1,-1
1917,5,527.16144,303.3266,198.83752000000004,181.80438000000004,0.863707423210144,-1,-1,-1
1918,5,525.5667,297.07367,202.91345,193.37761999999998,0.875127911567688,-1,-1,-1
1919,5,521.00415,295.1664,204.55395999999996,196.80957,0.8805250525474548,-1,-1,-1
1920,5,519.4951,297.70572,206.39031999999997,198.17172,0.8949800729751587,-1,-1,-1
1921,5,517.44415,298.95978,207.46136,200.79665999999997,0.8934699296951294,-1,-1,-1
1922,5,512.4578,301.2332,213.74059999999997,202.10793999999999,0.903760552406311,-1,-1,-1
1923,5,509.38635,300.4133,216.17719,206.17764,0.9026705026626587,-1,-1,-1
1924,5,503.50235,305.8945,219.89182000000005,203.97342000000003,0.8920444250106812,-1,-1,-1
1925,5,499.19342,308.06857,220.95220999999998,205.05544999999995,0.895687997341156,-1,-1,-1
1926,5,493.75418,311.4459,225.46555,205.99948,0.8883888125419617,-1,-1,-1
1927,5,492.5411,309.28073,226.45157,210.34592000000004,0.8903989791870117,-1,-1,-1
1115,6,283.51385,551.26404,685.0209,266.8322800000001,0.7711591124534607,-1,-1,-1
1116,6,355.88904,553.5129,621.6771,265.27106000000003,0.7345064282417297,-1,-1,-1
1117,6,424.64468,550.85944,702.0269999999999,275.19208000000003,0.7429791688919067,-1,-1,-1
1118,6,555.27563,560.97906,645.2356000000001,263.41467,0.6786504983901978,-1,-1,-1
1119,6,617.4386,562.61285,651.5201400000001,263.3733,0.8043081164360046,-1,-1,-1
1120,6,687.81775,559.9184,650.5014600000001,270.66625999999997,0.7251853346824646,-1,-1,-1
1121,6,781.1891,561.294,666.9070999999999,267.0543799999999,0.6426131725311279,-1,-1,-1
1123,6,982.57294,563.0223,620.983,266.62653,0.7924467921257019,-1,-1,-1
1125,6,1159.3469,551.60187,691.8236000000002,263.56885,0.7158339619636536,-1,-1,-1
1126,6,1280.2294,539.9805,616.8067600000002,258.8683,0.8039389848709106,-1,-1,-1
1127,6,1332.7079,530.8521,585.71643,256.43279999999993,0.7312172055244446,-1,-1,-1
1128,6,1459.6094,505.60394,460.3906199999999,267.2192999999999,0.6532572507858276,-1,-1,-1
672,3,924.3007,494.93143,519.2226,211.65549,0.6821727156639099,-1,-1,-1
673,3,857.1635,493.96188,517.69464,211.84823999999998,0.6267358660697937,-1,-1,-1
674,3,836.6773,488.70767,474.17510000000004,214.07114,0.6986562013626099,-1,-1,-1
675,3,761.3333,484.79642,497.88519999999994,215.27535999999998,0.8109230399131775,-1,-1,-1
676,3,699.4434,481.37854,500.09674000000007,213.09674,0.8460088968276978,-1,-1,-1
677,3,668.1936,477.0908,453.187,210.68203999999997,0.8361573219299316,-1,-1,-1
678,3,647.7303,475.67166,415.26239999999996,207.35933999999997,0.840155839920044,-1,-1,-1
679,3,624.64435,472.15384,396.45012999999994,207.77023000000003,0.8710650205612183,-1,-1,-1
680,3,611.2524,467.09976,377.61438,206.79288000000003,0.8684649467468262,-1,-1,-1
681,3,607.1935,466.5605,347.88982999999996,202.12518000000006,0.8788354992866516,-1,-1,-1
682,3,593.71796,460.59985,327.64752,202.40771,0.8870392441749573,-1,-1,-1
683,3,584.5269,458.12686,315.27740000000006,198.33963,0.8908010721206665,-1,-1,-1
684,3,575.4841,454.52588,298.58105,196.2425,0.8712739944458008,-1,-1,-1
685,3,567.02454,450.95612,285.28192,193.67455999999999,0.8864059448242188,-1,-1,-1
686,3,564.1898,446.15726,262.93726000000004,192.21865999999994,0.8886075615882874,-1,-1,-1
687,3,561.63586,445.19513,251.38629000000003,189.28606999999994,0.8936453461647034,-1,-1,-1
688,3,551.97534,437.64774,244.32152999999994,190.25527999999997,0.8985193371772766,-1,-1,-1
689,3,549.62305,435.73904,234.20434999999998,182.38870000000003,0.8993815183639526,-1,-1,-1
690,3,548.5249,433.91962,227.22040000000004,180.23736999999994,0.9048932194709778,-1,-1,-1
691,3,548.44025,431.50394,219.44812000000002,177.3154,0.8952256441116333,-1,-1,-1
692,3,546.91724,426.06165,214.11255000000006,175.43957999999998,0.8936701416969299,-1,-1,-1
693,3,545.62415,423.77374,207.68329000000006,172.44872999999995,0.8894237279891968,-1,-1,-1
694,3,544.85596,421.027,206.7414,169.62155,0.890418529510498,-1,-1,-1
695,3,544.1891,416.22098,205.42920000000004,169.88040000000007,0.8931166529655457,-1,-1,-1
696,3,545.9003,412.17065,199.51995999999997,169.00494000000003,0.9006684422492981,-1,-1,-1
697,3,547.2396,407.39056,193.64728000000002,166.16748,0.9036185145378113,-1,-1,-1
698,3,547.72485,405.37524,189.74426000000005,161.82971000000003,0.8950933218002319,-1,-1,-1
699,3,546.7914,402.6825,189.66241000000002,160.30115,0.8955824375152588,-1,-1,-1
700,3,546.7629,400.1122,186.87787000000003,157.58589999999998,0.8953664898872375,-1,-1,-1
701,3,543.4238,395.43353,187.06464000000005,156.96056999999996,0.8947760462760925,-1,-1,-1
702,3,543.32446,391.21735,185.90930000000003,155.86395000000005,0.9007983207702637,-1,-1,-1
703,3,543.0437,388.62674,181.46838000000002,153.53622000000001,0.899482011795044,-1,-1,-1
704,3,543.21,383.3202,178.24712999999997,154.75213999999994,0.8924250602722168,-1,-1,-1
705,3,542.9949,378.81497,177.33100000000002,153.93459999999993,0.8940024375915527,-1,-1,-1
706,3,545.05676,377.1687,171.57074,151.33472,0.8959034085273743,-1,-1,-1
707,3,547.20886,375.36786,167.78661999999997,147.62006000000002,0.8945984244346619,-1,-1,-1
708,3,548.0903,373.4746,166.03338999999994,144.66425000000004,0.8925828337669373,-1,-1,-1
709,3,549.3618,370.20102,163.00116000000003,139.88846,0.8961157202720642,-1,-1,-1
710,3,550.2192,366.432,159.25854000000004,140.10287,0.8946543335914612,-1,-1,-1
711,3,551.6011,363.18323,157.75189,140.47794,0.9063913822174072,-1,-1,-1
712,3,552.3043,360.2166,157.01977999999997,139.70890000000003,0.9081427454948425,-1,-1,-1
713,3,553.25824,357.43097,155.62316999999996,137.59177,0.8985869884490967,-1,-1,-1
714,3,554.4905,354.0117,155.49041999999997,136.81198,0.8972240686416626,-1,-1,-1
715,3,554.831,352.72675,154.61437999999998,135.40121,0.8961066007614136,-1,-1,-1
716,3,555.7322,350.63568,153.79163000000005,135.19644,0.8941450715065002,-1,-1,-1
717,3,556.3677,347.84235,151.85645,132.45038,0.9054743647575378,-1,-1,-1
718,3,558.1702,347.16565,147.30066,131.09598,0.8974224328994751,-1,-1,-1
719,3,557.4305,345.85315,146.62029999999993,128.95923,0.8843063712120056,-1,-1,-1
720,3,559.5329,345.1293,143.5747,124.51663000000002,0.8979053497314453,-1,-1,-1
721,3,559.96124,339.52725,145.31079,126.06270999999998,0.8969072699546814,-1,-1,-1
722,3,560.9628,337.54117,143.62769000000003,124.72137500000002,0.8904981017112732,-1,-1,-1
723,3,562.01575,335.78845,142.69408999999996,124.23550399999999,0.8808528184890747,-1,-1,-1
724,3,561.8139,332.52512,142.94561999999996,124.05950999999999,0.8813795447349548,-1,-1,-1
725,3,562.2602,330.75717,141.72455000000002,122.63103999999998,0.8799653053283691,-1,-1,-1
726,3,562.1,326.95087,141.38629000000003,121.25873000000001,0.8866530060768127,-1,-1,-1
727,3,563.0635,326.18463,141.55358999999999,120.50510000000003,0.8932667970657349,-1,-1,-1
728,3,563.71063,325.33475,137.74541999999997,120.005585,0.8859694004058838,-1,-1,-1
729,3,565.7181,324.45367,133.27685999999994,116.82436999999999,0.8885918855667114,-1,-1,-1
730,3,566.9489,323.0822,130.7763,115.00119000000001,0.8890120387077332,-1,-1,-1
731,3,566.22894,321.75623,132.03223000000003,114.14010999999999,0.8853120803833008,-1,-1,-1
732,3,568.0911,319.97845,129.71442000000002,113.53280999999998,0.8853990435600281,-1,-1,-1
733,3,568.96277,317.31827,127.867615,112.6062,0.8732052445411682,-1,-1,-1
734,3,569.1372,317.48032,126.64202999999998,109.66665999999998,0.8796266317367554,-1,-1,-1
735,3,569.04486,314.08405,126.25396999999998,109.82272,0.8728427290916443,-1,-1,-1
736,3,568.7595,312.24603,125.96123999999998,110.45468,0.8725617527961731,-1,-1,-1
737,3,569.3636,311.4434,124.21509000000003,109.82922000000002,0.8712126612663269,-1,-1,-1
738,3,569.2122,308.53574,124.21587999999997,110.34631000000002,0.8697111010551453,-1,-1,-1
739,3,569.61566,306.92624,122.97949000000006,110.84258999999997,0.8758814334869385,-1,-1,-1
740,3,569.836,303.65173,122.70947000000001,110.98892000000001,0.8913483023643494,-1,-1,-1
741,3,570.5904,302.2436,121.90954599999998,111.51672000000002,0.8774216175079346,-1,-1,-1
742,3,570.8616,301.8329,122.39855999999997,109.62823500000002,0.8679937124252319,-1,-1,-1
743,3,571.67865,300.07663,121.33838000000003,111.11624,0.8707335591316223,-1,-1,-1
744,3,571.6871,298.8855,120.27350000000001,109.23104999999998,0.8752357959747314,-1,-1,-1
745,3,571.90936,297.49496,119.53112999999996,109.55856,0.882226288318634,-1,-1,-1
746,3,572.66565,297.02893,117.28979500000003,108.51910400000003,0.8771701455116272,-1,-1,-1
747,3,572.7113,296.82916,116.06805399999996,107.47500600000001,0.8739036321640015,-1,-1,-1
748,3,572.85834,295.1421,115.98254399999996,108.44888000000003,0.8866859078407288,-1,-1,-1
749,3,573.20685,292.411,115.15570000000002,107.486786,0.8891832232475281,-1,-1,-1
750,3,572.719,292.4556,115.76831000000004,106.55569500000001,0.881543755531311,-1,-1,-1
751,3,573.393,290.1484,115.355774,105.81856999999997,0.8866602182388306,-1,-1,-1
752,3,574.7087,288.9074,113.99176,105.64944500000001,0.89230877161026,-1,-1,-1
753,3,575.7448,287.42798,114.47113000000002,104.92757999999998,0.8881507515907288,-1,-1,-1
754,3,576.1814,285.95938,114.77599999999995,105.47296,0.8832271695137024,-1,-1,-1
755,3,577.1673,284.24698,114.236084,106.61025999999998,0.8800156116485596,-1,-1,-1
756,3,577.36285,281.48276,113.655396,107.22989000000001,0.8661479353904724,-1,-1,-1
757,3,578.6543,282.9703,112.12085000000002,104.74011000000002,0.8711345195770264,-1,-1,-1
758,3,576.95374,279.3503,116.68877999999995,107.70767000000001,0.8643914461135864,-1,-1,-1
759,3,576.0523,278.1284,116.80640000000005,107.12252999999998,0.862234354019165,-1,-1,-1
760,3,573.2959,277.86328,118.51611000000003,105.54291,0.8490738272666931,-1,-1,-1
761,3,569.99884,277.02936,120.47808999999995,106.05875000000003,0.8479121923446655,-1,-1,-1
762,3,566.8195,277.04102,119.54169000000002,104.79880000000003,0.8512692451477051,-1,-1,-1
763,3,561.86725,276.18146,121.00751000000002,104.64007600000002,0.8542994260787964,-1,-1,-1
764,3,552.2518,273.75717,125.23681999999997,105.30108999999999,0.8347810506820679,-1,-1,-1
765,3,545.8722,273.86386,123.887024,103.86233499999997,0.8196811676025391,-1,-1,-1
766,3,531.3335,272.12915,133.21398999999997,104.99576000000002,0.8165192008018494,-1,-1,-1
767,3,525.80634,270.84412,132.18726000000004,105.771545,0.7583531141281128,-1,-1,-1
768,3,506.05795,271.05698,144.23763999999994,104.62955,0.8263435363769531,-1,-1,-1
769,3,497.30963,274.50232,139.62877999999995,98.51114000000001,0.7214778065681458,-1,-1,-1
770,3,498.8571,273.66266,130.99593999999996,98.83828999999997,0.6984961628913879,-1,-1,-1
771,3,473.9554,270.3742,144.80850000000004,102.70682,0.6294415593147278,-1,-1,-1
954,1,849.6362,707.1368,405.5577400000001,342.7756999999999,0.8703261613845825,-1,-1,-1
955,1,850.9519,693.12915,399.1104700000001,336.72217,0.8814055323600769,-1,-1,-1
956,1,850.2928,682.1962,406.94366,328.70508000000007,0.8780244588851929,-1,-1,-1
957,1,859.7356,664.69104,419.3307,324.58540000000005,0.8876602053642273,-1,-1,-1
958,1,873.4404,655.2825,436.62146000000007,311.65923999999995,0.868886411190033,-1,-1,-1
959,1,893.021,636.2251,439.47900000000004,315.10046,0.8705435991287231,-1,-1,-1
960,1,913.9905,624.7138,466.18737999999996,302.4035,0.8759278059005737,-1,-1,-1
961,1,955.06104,619.38776,471.13257,285.52893000000006,0.8663560748100281,-1,-1,-1
962,1,1015.0877,612.4659,469.0421799999999,269.18584999999996,0.8831735849380493,-1,-1,-1
963,1,1027.3779,604.8225,501.83764999999994,266.2801999999999,0.8751508593559265,-1,-1,-1
964,1,1059.8402,596.1289,536.1671000000001,260.68860000000006,0.8430258631706238,-1,-1,-1
965,1,1127.7795,583.3133,547.9565400000001,258.21826,0.8606794476509094,-1,-1,-1
966,1,1201.3462,564.9807,552.3339999999998,258.1193999999999,0.8367601037025452,-1,-1,-1
967,1,1264.7703,550.5101,555.6239,257.66239999999993,0.850278913974762,-1,-1,-1
968,1,1341.6505,541.5026,560.7522999999999,244.42420000000004,0.8259328007698059,-1,-1,-1
969,1,1431.6267,524.6648,488.3733,242.54236000000003,0.7914807796478271,-1,-1,-1
