2398,5,803.5666,775.0627,182.87872000000004,151.95892000000003,0.6979747414588928,-1,-1,-1
2399,5,821.37024,776.8637,186.85883,153.60748,0.736784040927887,-1,-1,-1
2400,5,824.94183,776.4816,193.9339,157.46074999999996,0.7932635545730591,-1,-1,-1
2401,5,831.23505,777.5784,199.52666999999997,161.09802000000002,0.8047045469284058,-1,-1,-1
2402,5,839.9823,779.4537,204.09850999999992,164.48650999999995,0.8139731884002686,-1,-1,-1
2403,5,853.76917,775.3906,205.91589999999997,170.74005,0.7757848501205444,-1,-1,-1
2404,5,866.51746,776.9577,211.24389999999994,177.60712,0.8032318949699402,-1,-1,-1
2405,5,879.9158,780.79193,222.26709000000005,179.38275,0.8237350583076477,-1,-1,-1
2406,5,890.9128,782.00195,236.57623,187.98676,0.8358469009399414,-1,-1,-1
2407,5,902.7786,784.7816,249.44635000000005,195.81421,0.8377323746681213,-1,-1,-1
2408,5,927.34283,781.3258,250.34967000000006,210.33997,0.8433191776275635,-1,-1,-1
2409,5,935.94147,782.51495,268.50884999999994,220.24994000000004,0.8657674789428711,-1,-1,-1
2410,5,951.7146,787.38477,279.20398,226.60308999999995,0.8682326674461365,-1,-1,-1
2411,5,965.39374,790.2658,295.37897,232.55402000000004,0.8579537868499756,-1,-1,-1
2412,5,984.7412,790.18555,308.71484,247.19140000000004,0.8520774841308594,-1,-1,-1
2413,5,1011.79016,796.34625,323.03186000000005,252.5796499999999,0.8645908236503601,-1,-1,-1
2414,5,1029.2554,797.677,348.6824999999999,265.7743999999999,0.855806827545166,-1,-1,-1
2290,6,930.3779,818.62897,262.29675,218.58075000000008,0.7846464514732361,-1,-1,-1
2291,6,956.8317,825.2684,269.7056299999999,224.58074999999997,0.8408008813858032,-1,-1,-1
2292,6,975.95764,827.6361,296.05797999999993,240.9234600000001,0.8283516764640808,-1,-1,-1
2293,6,999.05396,835.09595,308.28943000000004,245.88866999999993,0.8575007319450378,-1,-1,-1
2294,6,1030.5096,838.79895,332.9246800000001,260.68773999999996,0.8482735753059387,-1,-1,-1
2295,6,1068.5989,842.364,365.68823,284.01793999999995,0.8496351838111877,-1,-1,-1
2296,6,1102.1844,842.8709,411.9281000000001,310.9084999999999,0.8557648658752441,-1,-1,-1
2297,6,1154.8267,844.787,452.68433000000005,337.34277,0.8606060743331909,-1,-1,-1
2298,6,1216.0092,864.0007,494.77295000000004,357.5116600000001,0.8604177832603455,-1,-1,-1
2299,6,1276.016,869.9356,565.70544,397.07025,0.8578664660453796,-1,-1,-1
2300,6,1351.0964,880.49133,656.8445000000002,435.74634000000003,0.8440471291542053,-1,-1,-1
2301,6,1456.1532,892.6062,724.6893299999999,485.23705999999993,0.8202767968177795,-1,-1,-1
2302,6,1543.5024,919.20483,857.2834500000001,545.2757600000001,0.7886831760406494,-1,-1,-1
2303,6,1730.7788,908.31464,827.3296,640.0008,0.7347419857978821,-1,-1,-1
1145,1,2043.002,657.8799,516.6950700000002,337.43164,0.6981387734413147,-1,-1,-1
1146,1,1985.0491,649.4517,574.5746999999999,336.74927,0.7546713352203369,-1,-1,-1
1147,1,1891.4114,651.65497,658.28467,320.86517000000003,0.7825508117675781,-1,-1,-1
1148,1,1805.4468,664.33026,627.2328999999997,287.27692,0.6835707426071167,-1,-1,-1
1149,1,1720.9968,662.2975,603.8967000000002,278.9925999999999,0.7389929890632629,-1,-1,-1
1150,1,1679.436,666.6203,544.85645,264.7699,0.7314310073852539,-1,-1,-1
1151,1,1629.9664,668.2502,511.6351299999999,258.9107,0.8094951510429382,-1,-1,-1
1152,1,1576.2472,672.3713,482.81652999999983,246.15650000000005,0.8522871136665344,-1,-1,-1
1153,1,1540.0812,675.8918,456.69678,234.87243999999998,0.8479976058006287,-1,-1,-1
1154,1,1491.3387,679.456,436.85241999999994,225.60242000000005,0.8487421274185181,-1,-1,-1
1155,1,1461.4364,682.9788,401.69190000000003,216.58050000000003,0.856658399105072,-1,-1,-1
1156,1,1427.2384,685.7718,397.17993,205.50214000000005,0.84761643409729,-1,-1,-1
1157,1,1396.1196,687.33594,373.5608,202.78949,0.8370497822761536,-1,-1,-1
1158,1,1381.1956,689.4098,347.7649000000001,195.25982999999997,0.8729820251464844,-1,-1,-1
1159,1,1348.5995,691.3325,326.86400000000003,190.04822000000001,0.863762378692627,-1,-1,-1
1160,1,1322.6093,693.84106,326.7199700000001,181.54358000000002,0.8482090830802917,-1,-1,-1
1161,1,1309.9695,695.98755,293.1006,178.05573000000004,0.8318101167678833,-1,-1,-1
1162,1,1287.4032,696.5094,286.63086,174.0747,0.8503143787384033,-1,-1,-1
1163,1,1264.2947,695.72546,281.7169200000001,169.86101999999994,0.8416979312896729,-1,-1,-1
1164,1,1244.7543,696.033,266.4898699999999,167.32343000000003,0.8433709740638733,-1,-1,-1
1165,1,1231.4033,693.79407,253.82079999999996,166.13525000000004,0.8476614952087402,-1,-1,-1
1166,1,1220.23,694.5093,244.72362999999996,162.35901,0.8414825797080994,-1,-1,-1
1167,1,1215.0497,695.04974,223.2095999999999,160.12158,0.840031623840332,-1,-1,-1
1168,1,1205.1069,695.94525,217.56104000000005,156.86829,0.8218883275985718,-1,-1,-1
1169,1,1199.4125,693.9155,203.95910000000003,153.11859000000004,0.815848171710968,-1,-1,-1
1170,1,1195.8282,692.30054,194.54773,148.10333000000003,0.8166014552116394,-1,-1,-1
1171,1,1199.0319,689.73706,185.33447,147.16602,0.8271303772926331,-1,-1,-1
1172,1,1199.5273,685.9938,172.28197999999998,143.99292000000003,0.8277641534805298,-1,-1,-1
1173,1,1196.993,682.9834,165.11816,140.72235,0.8408373594284058,-1,-1,-1
1174,1,1195.7783,680.2951,165.19666000000007,137.32665999999995,0.7954378724098206,-1,-1,-1
1175,1,1196.9952,677.077,160.3343500000001,136.66046000000006,0.7650453448295593,-1,-1,-1
1176,1,1196.494,674.9994,157.43713000000002,133.88428,0.7393878698348999,-1,-1,-1
1177,1,1203.6718,666.98236,156.72985999999992,131.28888000000006,0.8244780898094177,-1,-1,-1
1178,1,1206.943,659.0934,160.75866999999994,135.09064,0.8576938509941101,-1,-1,-1
1179,1,1209.356,654.0556,165.00389999999993,135.68297999999993,0.8097934126853943,-1,-1,-1
1473,3,1076.1841,869.8215,619.2608599999999,286.15996999999993,0.7540274858474731,-1,-1,-1
1474,3,988.3982,879.27423,592.92773,288.01117,0.7932848930358887,-1,-1,-1
1475,3,915.88684,896.7792,571.0467500000001,288.5287000000001,0.7968412637710571,-1,-1,-1
1476,3,835.9996,915.041,557.2885,288.23180000000013,0.8086641430854797,-1,-1,-1
1477,3,759.58417,936.1729,551.6374,284.87518,0.7852341532707214,-1,-1,-1
1478,3,674.7998,958.8356,550.8938,271.58325,0.7823681235313416,-1,-1,-1
1479,3,633.16754,979.62964,514.95087,264.9653300000001,0.7271572947502136,-1,-1,-1
1480,3,551.14246,999.8097,535.2163,270.46143000000006,0.6975337862968445,-1,-1,-1
1481,3,471.0037,1020.94574,506.53445,265.7797200000001,0.6277394890785217,-1,-1,-1
