244,0,757.52484,789.41693,154.48577999999998,125.56151999999997,0.6444668173789978,-1,-1,-1
245,0,767.978,790.8836,159.12200999999993,129.15819999999997,0.6995198726654053,-1,-1,-1
246,0,777.59247,791.08307,166.47351000000003,136.87194999999997,0.7159728407859802,-1,-1,-1
247,0,790.2415,792.4466,174.03412000000003,134.90674,0.7230728268623352,-1,-1,-1
248,0,804.1453,796.14685,177.14171999999996,141.83745999999996,0.7648171186447144,-1,-1,-1
249,0,818.992,798.118,184.48334,144.46209999999996,0.8342448472976685,-1,-1,-1
250,0,829.0492,799.34143,194.57855000000006,146.26464999999996,0.8350936770439148,-1,-1,-1
251,0,839.17053,801.6105,204.65332,148.50311,0.8026921153068542,-1,-1,-1
252,0,870.3926,804.22406,197.67577999999992,153.18511999999998,0.8064121603965759,-1,-1,-1
253,0,888.072,807.73175,211.05382999999995,158.45245,0.8314678072929382,-1,-1,-1
254,0,897.42444,808.10925,228.81261999999992,166.09528,0.8335590362548828,-1,-1,-1
255,0,931.5433,813.0478,232.89093000000003,176.29150000000004,0.8402657508850098,-1,-1,-1
256,0,946.85986,813.3148,250.69324000000006,186.23474,0.8375170826911926,-1,-1,-1
257,0,969.26056,815.08606,273.34198000000004,201.28845,0.8341283798217773,-1,-1,-1
258,0,988.8319,819.4028,301.32787999999994,210.1653399999999,0.8504208326339722,-1,-1,-1
259,0,1022.7998,823.6149,320.67553999999996,222.94292999999993,0.8466262221336365,-1,-1,-1
260,0,1060.852,819.9185,339.2830799999999,242.50873,0.8470972180366516,-1,-1,-1
261,0,1095.7874,820.7016,381.42334000000005,264.07867,0.8667011260986328,-1,-1,-1
262,0,1143.8555,825.04834,425.47668,286.7947999999999,0.8655524253845215,-1,-1,-1
263,0,1200.0104,831.29254,468.4472699999999,313.40300000000013,0.8795866966247559,-1,-1,-1
264,0,1271.6583,839.913,525.1134999999999,335.5442499999999,0.8773384094238281,-1,-1,-1
265,0,1345.8435,851.9441,578.8384999999998,367.48328000000004,0.8491888046264648,-1,-1,-1
266,0,1440.0436,850.7898,703.5194000000001,421.1244999999999,0.8672428727149963,-1,-1,-1
267,0,1559.7482,872.93976,811.0731000000001,468.28340000000003,0.841475784778595,-1,-1,-1
268,0,1692.778,889.274,867.2220500000001,553.5057,0.8442147970199585,-1,-1,-1
731,1,2082.1758,641.1961,476.57349999999997,331.96838,0.6459600925445557,-1,-1,-1
732,1,1959.49,639.4464,593.86914,314.26556000000005,0.6982505917549133,-1,-1,-1
733,1,1864.8092,647.0755,549.2555,289.97313999999994,0.6336371898651123,-1,-1,-1
734,1,1758.3273,654.35486,507.9447,274.40826000000004,0.729585587978363,-1,-1,-1
735,1,1679.3433,664.82056,457.28026999999975,254.30615,0.866278350353241,-1,-1,-1
736,1,1616.0781,669.9038,409.3595,235.24976000000004,0.8410472869873047,-1,-1,-1
737,1,1547.4508,675.4898,390.20874000000003,217.40600000000006,0.8435651659965515,-1,-1,-1
738,1,1485.057,677.04266,371.3855000000001,208.48082999999997,0.8579434156417847,-1,-1,-1
739,1,1447.2716,676.61115,337.5478499999999,205.73657000000003,0.8621739745140076,-1,-1,-1
740,1,1408.0715,678.0237,310.24109999999996,197.27703999999994,0.8418020009994507,-1,-1,-1
741,1,1376.1304,680.84686,288.5705600000001,187.73743000000002,0.8729730248451233,-1,-1,-1
742,1,1334.0656,686.64795,265.79039999999986,175.48737000000006,0.8284797668457031,-1,-1,-1
743,1,1298.0566,688.3674,255.32715000000007,172.05402000000004,0.8473529815673828,-1,-1,-1
744,1,1251.4286,691.2361,257.9576400000001,165.39733999999999,0.8497090339660645,-1,-1,-1
745,1,1229.1492,694.2392,239.04602,158.27985,0.8442274928092957,-1,-1,-1
746,1,1197.2554,697.52075,228.60779000000002,153.14423,0.8228625655174255,-1,-1,-1
747,1,1172.5845,700.7303,215.0945999999999,146.33270000000005,0.8229804039001465,-1,-1,-1
747,2,581.0392,768.4779,127.68755999999996,100.51074000000006,0.6611377000808716,-1,-1,-1
748,1,1148.2373,702.05963,206.61914000000002,142.06696,0.8120121359825134,-1,-1,-1
748,2,586.7496,765.36115,132.0227,104.56115999999997,0.7588309049606323,-1,-1,-1
749,1,1125.3785,704.45154,199.67895999999996,140.78472999999997,0.8131742477416992,-1,-1,-1
749,2,592.3155,767.88446,126.15801999999996,102.43755999999996,0.7055158019065857,-1,-1,-1
750,1,1105.517,705.2237,192.37414999999987,133.37036,0.8165690898895264,-1,-1,-1
750,2,600.66345,766.78845,126.05895999999996,105.64331000000004,0.7320793867111206,-1,-1,-1
751,1,1081.711,710.0871,186.74865999999997,129.88147000000004,0.7354503273963928,-1,-1,-1
751,2,609.37317,766.16974,128.70910000000003,107.05718999999999,0.7684417963027954,-1,-1,-1
752,2,614.2783,765.0099,127.96966599999996,107.97533999999996,0.7435835003852844,-1,-1,-1
753,2,616.80853,763.4713,129.43164000000002,111.36536000000001,0.6843624114990234,-1,-1,-1
754,2,622.25183,765.2423,132.22533999999996,109.97649999999999,0.6992929577827454,-1,-1,-1
755,2,624.93146,763.57495,138.99065999999993,111.21216000000004,0.71755051612854,-1,-1,-1
756,2,630.7844,762.9176,144.25018,113.79303000000004,0.7088837623596191,-1,-1,-1
757,2,637.2233,760.67566,150.25543000000005,117.06604000000004,0.7488756775856018,-1,-1,-1
758,2,646.6297,759.3251,150.17596000000003,116.75139999999999,0.7822543978691101,-1,-1,-1
759,2,653.75714,757.10724,153.70910000000003,118.26080000000002,0.7197086811065674,-1,-1,-1
760,2,660.75653,756.19507,156.39739999999995,118.70392000000004,0.662742018699646,-1,-1,-1
761,2,670.82947,754.6469,157.79053,120.26062000000002,0.732223391532898,-1,-1,-1
764,2,693.09033,759.2863,162.32361000000003,118.44470000000001,0.6533786058425903,-1,-1,-1
765,2,699.5033,760.69824,165.37536999999998,121.25671399999999,0.7237560153007507,-1,-1,-1
766,2,717.65485,757.989,157.24883999999997,125.33111599999995,0.7430939674377441,-1,-1,-1
767,2,730.726,753.58685,164.14824999999996,131.11956999999995,0.7768825888633728,-1,-1,-1
768,2,738.75165,751.76544,165.92498999999998,135.08026000000007,0.7756587266921997,-1,-1,-1
768,3,2122.7466,633.029,437.25342,325.1195,0.683683454990387,-1,-1,-1
769,2,744.05035,748.9917,172.43457,141.14654999999993,0.8167939782142639,-1,-1,-1
769,3,1996.7465,629.6721,563.0310999999999,306.88715,0.759612500667572,-1,-1,-1
770,2,750.5418,751.0947,173.98559999999998,139.41454999999996,0.8291617035865784,-1,-1,-1
770,3,1895.9558,638.8888,643.7646499999998,287.46587999999997,0.7729724049568176,-1,-1,-1
771,2,755.6427,748.9545,177.48120000000006,144.13500999999997,0.8343551158905029,-1,-1,-1
771,3,1794.5007,651.77893,549.7368000000001,259.20917,0.7576079368591309,-1,-1,-1
772,2,759.30756,749.9763,183.91143999999997,146.59851000000003,0.8339947462081909,-1,-1,-1
772,3,1715.2639,658.24615,523.9802,241.21033,0.7297579646110535,-1,-1,-1
773,2,773.5084,755.67017,182.83770000000004,145.30731000000003,0.8230491876602173,-1,-1,-1
773,3,1640.7471,663.15186,483.4057600000001,226.32630000000006,0.8328831791877747,-1,-1,-1
774,2,784.45966,757.612,182.89917000000003,143.48328000000004,0.8586467504501343,-1,-1,-1
774,3,1593.7631,663.7219,431.60889999999995,217.97741999999994,0.8236986398696899,-1,-1,-1
775,2,790.1573,755.52686,183.76891999999998,149.95910000000003,0.8654555678367615,-1,-1,-1
775,3,1535.1808,668.0239,399.79003999999986,204.53563999999994,0.8206064701080322,-1,-1,-1
776,2,794.87286,757.4467,190.28961000000004,151.26709000000005,0.8472379446029663,-1,-1,-1
776,3,1479.8965,670.2875,387.4542200000001,197.43866000000003,0.8342952132225037,-1,-1,-1
777,2,802.5886,758.70404,193.60613999999998,153.91314999999997,0.8366657495498657,-1,-1,-1
777,3,1436.759,670.8682,362.0852,191.16576999999995,0.8485523462295532,-1,-1,-1
778,2,811.07086,760.43,199.68993999999998,159.58496000000002,0.8541299700737,-1,-1,-1
778,3,1398.2501,671.57513,333.50854000000004,186.81915000000004,0.8618822693824768,-1,-1,-1
779,2,815.16077,762.96844,206.63189999999997,157.82012999999995,0.8447876572608948,-1,-1,-1
779,3,1369.3948,675.4724,304.3078599999999,175.19592,0.8375688791275024,-1,-1,-1
780,2,819.5624,760.75415,211.74207,162.51311999999996,0.8480321764945984,-1,-1,-1
780,3,1324.7295,675.9999,295.64758000000006,172.04498,0.8254060745239258,-1,-1,-1
781,2,828.3145,762.37164,215.50811999999996,162.64435000000003,0.8490111231803894,-1,-1,-1
781,3,1294.9957,676.72314,269.48059999999987,170.7251,0.867106020450592,-1,-1,-1
782,2,837.53235,762.91486,214.95630000000006,169.93133999999998,0.8374894857406616,-1,-1,-1
782,3,1252.0807,683.3957,266.55395999999996,159.73632999999995,0.8480470180511475,-1,-1,-1
783,2,848.5307,764.9119,217.37580000000003,169.70123,0.8381744027137756,-1,-1,-1
783,3,1227.7709,685.1356,251.1629600000001,156.90674,0.8578587770462036,-1,-1,-1
784,2,857.0209,764.8748,228.81799999999998,177.30878000000007,0.8452781438827515,-1,-1,-1
784,3,1200.5577,688.737,239.23486000000003,151.24725,0.8344712853431702,-1,-1,-1
785,2,867.515,764.3165,228.89465000000007,182.19379000000004,0.8380175828933716,-1,-1,-1
785,3,1170.6844,690.6012,225.97533999999996,146.62,0.863744854927063,-1,-1,-1
786,2,872.4046,766.21106,242.01984000000004,186.49658,0.8361825346946716,-1,-1,-1
786,3,1145.5061,689.09314,220.93018000000006,147.70477000000005,0.837735116481781,-1,-1,-1
787,2,876.2555,767.0459,256.35303,194.19475999999997,0.8495479226112366,-1,-1,-1
787,3,1113.445,691.6029,216.25353999999993,144.5227,0.8211737275123596,-1,-1,-1
788,2,884.4734,767.4757,268.62670000000014,200.92516999999998,0.8660557270050049,-1,-1,-1
788,3,1101.2788,696.08514,198.82152999999994,138.41736000000003,0.8294419646263123,-1,-1,-1
789,2,897.6567,769.5969,273.86993000000007,204.22455000000002,0.8614467978477478,-1,-1,-1
790,2,909.4038,772.2636,284.63390000000004,214.59582999999998,0.8361638188362122,-1,-1,-1
791,2,918.3008,776.4277,286.99268000000006,216.13300000000004,0.8541486263275146,-1,-1,-1
792,2,933.14465,775.9846,299.4201700000001,224.12903000000006,0.8648388385772705,-1,-1,-1
793,2,947.704,774.857,311.54882999999995,232.40173000000004,0.8485091924667358,-1,-1,-1
794,2,964.08295,776.0965,317.38213999999994,243.67798000000005,0.8497055172920227,-1,-1,-1
795,2,970.12665,781.6069,343.649,252.53790000000004,0.8517062067985535,-1,-1,-1
796,2,994.2615,782.88965,355.5291699999999,257.9624,0.8391113877296448,-1,-1,-1
797,2,1002.43317,777.56165,370.54376,266.08080000000007,0.8535259962081909,-1,-1,-1
798,2,1028.2635,779.2603,379.76868000000013,281.81255999999996,0.8414422869682312,-1,-1,-1
799,2,1042.9382,777.8592,413.54174999999987,293.8802999999999,0.8508899211883545,-1,-1,-1
800,2,1062.1293,777.5345,443.08214999999996,308.68988000000013,0.8499597311019897,-1,-1,-1
801,2,1082.632,773.9085,477.30286,330.28045999999995,0.8681586980819702,-1,-1,-1
802,2,1109.4764,773.6423,509.35546999999997,350.95867999999996,0.8675858974456787,-1,-1,-1
803,2,1134.4513,777.0675,553.4667999999999,363.78370000000007,0.8537206649780273,-1,-1,-1
804,2,1156.2969,776.7921,609.1595500000001,395.4524,0.8513100743293762,-1,-1,-1
805,2,1195.2441,770.4228,644.3939,422.04107999999997,0.8496006727218628,-1,-1,-1
806,2,1235.626,771.3669,693.0498,442.5711000000001,0.8341648578643799,-1,-1,-1
807,2,1259.6029,764.0977,769.7265599999998,482.89020000000005,0.8193586468696594,-1,-1,-1
808,2,1308.5339,771.8408,844.6228000000001,507.60204999999996,0.8088667392730713,-1,-1,-1
809,2,1344.894,789.84314,982.5121999999999,546.1983599999999,0.7866366505622864,-1,-1,-1
810,2,1413.0939,796.1493,1066.2286000000001,567.7362,0.8289569020271301,-1,-1,-1
811,2,1452.8616,788.837,1107.1384,636.2236,0.7373843193054199,-1,-1,-1
812,4,1672.7712,654.8337,499.22313999999983,257.9623399999999,0.701676070690155,-1,-1,-1
813,4,1603.7524,664.0541,485.38867000000005,239.92218000000003,0.7920379638671875,-1,-1,-1
814,4,1547.5002,669.1572,437.76062,220.71123999999998,0.8399032950401306,-1,-1,-1
815,4,1484.6823,671.56464,412.3895299999999,211.93451000000005,0.8531726598739624,-1,-1,-1
816,4,1444.7433,674.46533,368.23914000000013,203.5321,0.8434786200523376,-1,-1,-1
817,4,1404.6768,674.76135,343.51135,198.21471999999994,0.862595796585083,-1,-1,-1
818,4,1372.708,678.64624,311.11108000000013,187.58087,0.8598504662513733,-1,-1,-1
819,4,1330.2413,679.5991,301.76514,180.14099,0.8409936428070068,-1,-1,-1
820,4,1303.1763,680.7889,273.2964999999999,175.23803999999996,0.8464189171791077,-1,-1,-1
821,4,1257.3987,682.4185,278.54150000000004,171.26495,0.8373850584030151,-1,-1,-1
822,4,1229.69,687.5236,255.57092000000011,163.32476999999994,0.8492861986160278,-1,-1,-1
823,4,1192.4166,690.1399,259.18004999999994,159.76440000000002,0.8386558890342712,-1,-1,-1
824,4,1169.3734,693.1024,238.13781999999992,154.56555000000003,0.8276785612106323,-1,-1,-1
825,4,1146.5443,697.8355,223.12110000000007,146.31165,0.820767879486084,-1,-1,-1
826,4,1123.0317,697.9417,212.89428999999996,144.31304999999998,0.8060046434402466,-1,-1,-1
827,4,1105.9878,699.31976,193.60656999999992,140.36712999999997,0.8567332029342651,-1,-1,-1
828,4,1081.8251,704.76715,191.83752000000004,135.70190000000002,0.808070719242096,-1,-1,-1
829,4,1058.2742,706.27716,189.65125000000012,132.28577000000007,0.7890417575836182,-1,-1,-1
830,4,1031.8462,708.01556,191.31054999999992,131.56525,0.8057839870452881,-1,-1,-1
831,4,1014.5735,711.0089,182.63477000000012,129.84985000000006,0.7640786170959473,-1,-1,-1
832,4,998.3494,711.1634,183.34173999999996,126.04217500000004,0.6185604929924011,-1,-1,-1
833,4,974.6912,712.57477,177.14580999999998,123.40057000000002,0.7039579749107361,-1,-1,-1
929,5,0.16059875,1321.8624,108.16555,193.04565000000002,0.6202796101570129,-1,-1,-1
930,5,0.1030159,1310.4254,158.95302,200.84717,0.6071749925613403,-1,-1,-1
931,5,0.0,1294.7622,178.06888,206.42760999999996,0.7415518164634705,-1,-1,-1
932,5,0.0,1293.8835,199.96269,215.11499000000003,0.6048720479011536,-1,-1,-1
934,5,0.0,1259.6362,278.60327,262.37853999999993,0.7273566126823425,-1,-1,-1
935,5,0.07074356,1253.6477,313.06546,260.06592,0.7955100536346436,-1,-1,-1
936,5,0.18249512,1251.3745,355.94098,258.12645999999995,0.7904830574989319,-1,-1,-1
937,5,0.0,1240.2451,412.898,268.0406499999999,0.6590244770050049,-1,-1,-1
938,5,0.0,1246.021,397.99734,271.81359999999995,0.8097637891769409,-1,-1,-1
939,5,0.0,1239.964,434.28177,277.03819999999996,0.8261415362358093,-1,-1,-1
940,5,0.0,1230.0385,439.14587,280.82641999999987,0.8571696281433105,-1,-1,-1
941,5,0.0,1215.5254,452.5259,285.0881300000001,0.8526448011398315,-1,-1,-1
942,5,0.0,1217.2207,460.5843,281.0949699999999,0.8489804863929749,-1,-1,-1
943,5,0.0,1215.928,468.9321,275.97107000000005,0.8589738607406616,-1,-1,-1
944,5,0.0,1216.4479,458.34167,274.55809999999997,0.8445544242858887,-1,-1,-1
945,5,8.407326,1214.3774,471.34668,268.27087000000006,0.7811467051506042,-1,-1,-1
946,5,16.82785,1215.1158,449.9401,265.26733000000013,0.763717532157898,-1,-1,-1
947,5,29.411812,1218.7053,430.34793,258.12744,0.7897602915763855,-1,-1,-1
948,5,47.738876,1205.398,422.54645,265.05639999999994,0.674791693687439,-1,-1,-1
949,5,62.8088,1208.5176,406.0129,255.49500000000012,0.7536635994911194,-1,-1,-1
950,5,78.76854,1218.1816,380.95574999999997,242.10950000000003,0.7898593544960022,-1,-1,-1
951,5,93.92563,1226.2872,372.7072,229.41589999999997,0.7509182095527649,-1,-1,-1
952,5,122.73094,1225.7241,346.12085,227.51684999999998,0.6706809997558594,-1,-1,-1
953,5,134.79198,1224.9486,330.44684000000007,222.45630000000006,0.7097826600074768,-1,-1,-1
956,6,325.2658,1134.5947,439.56066999999996,257.69714,0.6550924181938171,-1,-1,-1
957,6,284.10696,1134.7784,492.3231,263.88794000000007,0.6145858764648438,-1,-1,-1
958,6,255.39076,1133.3025,544.852,267.2048299999999,0.6560646295547485,-1,-1,-1
959,6,240.59631,1125.089,563.17175,275.7501199999999,0.6758065223693848,-1,-1,-1
960,6,253.53973,1116.3088,558.67395,279.91272000000004,0.7490151524543762,-1,-1,-1
961,6,274.10263,1112.8661,531.6913,282.2186300000001,0.7137416005134583,-1,-1,-1
962,6,281.76932,1120.3625,531.65173,272.66174,0.6876899003982544,-1,-1,-1
963,6,300.06857,1112.6213,532.8458,279.8915999999999,0.6123129725456238,-1,-1,-1
967,6,338.15268,1109.4264,546.8120000000001,283.64075,0.6074000597000122,-1,-1,-1
976,6,419.1603,1050.982,627.8552,316.7182600000001,0.6195816993713379,-1,-1,-1
977,6,435.93854,1046.1007,627.1365400000001,318.92920000000004,0.7228944301605225,-1,-1,-1
978,6,450.831,1043.9348,635.5874599999999,314.4256599999999,0.7944144010543823,-1,-1,-1
979,6,466.4418,1041.8512,642.7195999999999,310.7220500000001,0.7819960713386536,-1,-1,-1
980,6,491.06372,1035.5258,638.1130399999998,310.78467,0.7952625751495361,-1,-1,-1
981,6,520.4002,1032.0568,617.2031999999999,310.1135300000001,0.8154556751251221,-1,-1,-1
982,6,538.547,1022.57336,634.4839999999999,314.67627000000005,0.8153835535049438,-1,-1,-1
983,6,552.33014,1019.37714,657.10736,311.67145000000005,0.829541802406311,-1,-1,-1
984,6,586.3312,1010.0639,653.9723,314.38811999999996,0.8391526341438293,-1,-1,-1
985,6,606.608,1004.53,654.2297000000001,314.26514,0.7723135948181152,-1,-1,-1
986,6,628.89233,995.48584,686.18726,315.88074000000006,0.8102736473083496,-1,-1,-1
987,6,669.2853,987.45514,686.2078999999999,322.2303999999999,0.8269664645195007,-1,-1,-1
988,6,691.8101,981.5959,694.7494499999999,323.90409999999997,0.8155263066291809,-1,-1,-1
989,6,737.1869,978.1439,687.9418999999999,318.82506999999987,0.8247143030166626,-1,-1,-1
990,6,771.839,971.75507,683.9016,324.06000000000006,0.8093336224555969,-1,-1,-1
991,6,804.3751,962.12537,696.4087999999999,327.87243999999987,0.781954824924469,-1,-1,-1
992,6,827.62146,963.544,705.72095,324.19304999999997,0.7643884420394897,-1,-1,-1
993,6,854.1397,956.7314,720.43427,330.17377,0.7735381126403809,-1,-1,-1
994,6,889.84296,951.67004,730.32025,339.9231,0.7760571837425232,-1,-1,-1
995,6,918.25476,947.60986,735.50586,345.06897000000004,0.7552196383476257,-1,-1,-1
996,6,999.2416,944.1084,694.47815,350.51879999999994,0.7846499681472778,-1,-1,-1
997,6,1013.03613,940.394,737.2937,361.84295999999995,0.7962793111801147,-1,-1,-1
998,6,1093.0615,931.7981,705.7381600000001,379.84448,0.8308911323547363,-1,-1,-1
999,6,1103.1774,942.3292,762.4012499999999,380.8402,0.8186601996421814,-1,-1,-1
1000,6,1171.2571,933.7976,755.0627400000001,402.57227,0.8308736085891724,-1,-1,-1
1001,6,1204.6273,938.1119,760.9717,417.6103999999999,0.8172389268875122,-1,-1,-1
1002,6,1243.6925,941.4795,817.8932,432.17285000000004,0.8210335969924927,-1,-1,-1
1003,6,1291.8276,934.8567,832.7414599999997,451.8610799999999,0.8177432417869568,-1,-1,-1
1004,6,1328.7368,939.7293,897.5121999999999,478.7792400000001,0.8185107111930847,-1,-1,-1
1005,6,1364.317,929.845,965.6805399999998,517.3425,0.8152621984481812,-1,-1,-1
1006,6,1397.8595,932.9144,1047.9442,551.4880399999998,0.7702985405921936,-1,-1,-1
1007,6,1446.813,920.01935,1100.3792000000003,603.0074,0.7659546136856079,-1,-1,-1
1008,6,1484.8029,926.93585,1075.1971,641.23517,0.7330226898193359,-1,-1,-1
1094,7,1982.8896,558.0297,576.5657000000001,445.41388000000006,0.6421859860420227,-1,-1,-1
1095,7,1915.5554,556.12274,644.4446,438.1765700000001,0.7524837851524353,-1,-1,-1
1096,7,1826.763,563.6179,730.6179000000002,415.38726999999994,0.8332875967025757,-1,-1,-1
1097,7,1767.0321,568.40393,758.98254,396.81183,0.8174393773078918,-1,-1,-1
1098,7,1712.1344,578.53235,673.1351300000001,362.66607999999997,0.8335635662078857,-1,-1,-1
1099,7,1660.6564,581.0013,609.8951399999999,348.59692000000007,0.8529497981071472,-1,-1,-1
1100,7,1615.4297,592.5699,553.3171399999999,323.5493200000001,0.8670848608016968,-1,-1,-1
1101,7,1558.6572,602.7641,527.9577599999998,305.03632000000005,0.8694033622741699,-1,-1,-1
1102,7,1508.5675,606.9766,508.36426000000006,295.3479,0.8759000897407532,-1,-1,-1
1103,7,1471.6088,617.8192,479.9239499999999,275.49132999999995,0.8718428015708923,-1,-1,-1
1104,7,1438.1521,621.80054,449.5145299999999,263.35492,0.8729854226112366,-1,-1,-1
1105,7,1398.887,622.3398,445.87096999999994,257.63030000000003,0.880248486995697,-1,-1,-1
1106,7,1387.1963,632.2508,411.1712600000001,242.07610999999997,0.8672913908958435,-1,-1,-1
1107,7,1365.2924,632.76245,385.6262199999999,236.88671999999997,0.8697800636291504,-1,-1,-1
1108,7,1330.4092,633.19666,373.1616200000001,232.64386000000002,0.863008439540863,-1,-1,-1
1109,7,1313.1442,631.999,352.95288000000005,224.90355999999997,0.8540444374084473,-1,-1,-1
1110,7,1286.506,635.9889,339.96129999999994,220.32885999999996,0.8747187852859497,-1,-1,-1
1111,7,1254.2733,638.1068,336.83716000000004,216.22028,0.8741654753684998,-1,-1,-1
1112,7,1231.0515,642.7537,322.25779999999986,209.65637000000004,0.8763243556022644,-1,-1,-1
1113,7,1209.0538,645.50275,317.57825,204.33227999999997,0.8796576261520386,-1,-1,-1
1114,7,1191.249,645.3346,306.93360000000007,202.91138,0.8814498782157898,-1,-1,-1
1115,7,1170.6289,651.72424,299.21082,197.16430000000003,0.8655921220779419,-1,-1,-1
1116,7,1158.6318,656.15814,283.13879999999995,188.03252999999995,0.8579995036125183,-1,-1,-1
1117,7,1141.2676,661.7509,269.83727999999996,179.81842000000006,0.8559948801994324,-1,-1,-1
1118,7,1126.5559,665.2568,257.34069999999997,174.15526999999997,0.8457397818565369,-1,-1,-1
1119,7,1103.7965,667.80835,248.07116999999994,171.50847999999996,0.8485228419303894,-1,-1,-1
1120,7,1087.121,671.22815,246.75829999999996,166.41754000000003,0.8532631993293762,-1,-1,-1
1121,7,1078.2961,673.3813,235.85937999999987,160.85553000000004,0.8422236442565918,-1,-1,-1
1122,7,1060.1381,671.8595,228.69823999999994,162.44994999999994,0.8378726243972778,-1,-1,-1
1123,7,1047.738,673.2058,220.2340099999999,160.37609999999995,0.8384605050086975,-1,-1,-1
1124,7,1037.8921,675.7813,215.71900000000005,157.46814000000006,0.8391718864440918,-1,-1,-1
1125,7,1021.8249,677.7873,216.97808999999995,154.95867999999996,0.8298775553703308,-1,-1,-1
1126,7,1009.2662,679.08417,212.95049999999992,152.75452000000007,0.8436843156814575,-1,-1,-1
1127,7,995.9732,683.21655,209.0441300000001,146.31103999999993,0.821502149105072,-1,-1,-1
1128,7,981.2164,687.0334,205.52765,143.85448999999994,0.8362215161323547,-1,-1,-1
1129,7,958.65295,688.4703,205.44799999999998,141.27715999999998,0.6725730299949646,-1,-1,-1
1144,9,2141.846,652.6071,418.1540500000001,358.6712600000001,0.6650310158729553,-1,-1,-1
1145,9,2043.002,657.8799,516.6950700000002,337.43164,0.6981387734413147,-1,-1,-1
1146,9,1985.0491,649.4517,574.5746999999999,336.74927,0.7546713352203369,-1,-1,-1
1147,9,1891.4114,651.65497,658.28467,320.86517000000003,0.7825508117675781,-1,-1,-1
1148,9,1805.4468,664.33026,627.2328999999997,287.27692,0.6835707426071167,-1,-1,-1
1149,9,1720.9968,662.2975,603.8967000000002,278.9925999999999,0.7389929890632629,-1,-1,-1
1150,9,1679.436,666.6203,544.85645,264.7699,0.7314310073852539,-1,-1,-1
1151,9,1629.9664,668.2502,511.6351299999999,258.9107,0.8094951510429382,-1,-1,-1
1152,9,1576.2472,672.3713,482.81652999999983,246.15650000000005,0.8522871136665344,-1,-1,-1
1153,9,1540.0812,675.8918,456.69678,234.87243999999998,0.8479976058006287,-1,-1,-1
1154,9,1491.3387,679.456,436.85241999999994,225.60242000000005,0.8487421274185181,-1,-1,-1
1155,9,1461.4364,682.9788,401.69190000000003,216.58050000000003,0.856658399105072,-1,-1,-1
1156,9,1427.2384,685.7718,397.17993,205.50214000000005,0.84761643409729,-1,-1,-1
1157,9,1396.1196,687.33594,373.5608,202.78949,0.8370497822761536,-1,-1,-1
1158,9,1381.1956,689.4098,347.7649000000001,195.25982999999997,0.8729820251464844,-1,-1,-1
1159,9,1348.5995,691.3325,326.86400000000003,190.04822000000001,0.863762378692627,-1,-1,-1
1160,9,1322.6093,693.84106,326.7199700000001,181.54358000000002,0.8482090830802917,-1,-1,-1
1161,9,1309.9695,695.98755,293.1006,178.05573000000004,0.8318101167678833,-1,-1,-1
1162,9,1287.4032,696.5094,286.63086,174.0747,0.8503143787384033,-1,-1,-1
1163,9,1264.2947,695.72546,281.7169200000001,169.86101999999994,0.8416979312896729,-1,-1,-1
1164,9,1244.7543,696.033,266.4898699999999,167.32343000000003,0.8433709740638733,-1,-1,-1
1165,9,1231.4033,693.79407,253.82079999999996,166.13525000000004,0.8476614952087402,-1,-1,-1
1166,9,1220.23,694.5093,244.72362999999996,162.35901,0.8414825797080994,-1,-1,-1
1167,9,1215.0497,695.04974,223.2095999999999,160.12158,0.840031623840332,-1,-1,-1
1168,9,1205.1069,695.94525,217.56104000000005,156.86829,0.8218883275985718,-1,-1,-1
1169,9,1199.4125,693.9155,203.95910000000003,153.11859000000004,0.815848171710968,-1,-1,-1
1170,9,1195.8282,692.30054,194.54773,148.10333000000003,0.8166014552116394,-1,-1,-1
1171,9,1199.0319,689.73706,185.33447,147.16602,0.8271303772926331,-1,-1,-1
1172,9,1199.5273,685.9938,172.28197999999998,143.99292000000003,0.8277641534805298,-1,-1,-1
1173,9,1196.993,682.9834,165.11816,140.72235,0.8408373594284058,-1,-1,-1
1174,9,1195.7783,680.2951,165.19666000000007,137.32665999999995,0.7954378724098206,-1,-1,-1
1175,9,1196.9952,677.077,160.3343500000001,136.66046000000006,0.7650453448295593,-1,-1,-1
1176,9,1196.494,674.9994,157.43713000000002,133.88428,0.7393878698348999,-1,-1,-1
1177,9,1203.6718,666.98236,156.72985999999992,131.28888000000006,0.8244780898094177,-1,-1,-1
1178,9,1206.943,659.0934,160.75866999999994,135.09064,0.8576938509941101,-1,-1,-1
1179,9,1209.356,654.0556,165.00389999999993,135.68297999999993,0.8097934126853943,-1,-1,-1
1216,10,2073.8809,574.6298,486.1191399999998,418.37872000000004,0.6670078635215759,-1,-1,-1
1217,10,1998.8611,585.3006,560.7033700000002,399.38446,0.7181386947631836,-1,-1,-1
1218,10,1913.305,594.0433,645.1739500000001,376.57592999999997,0.8480274081230164,-1,-1,-1
1219,10,1843.3966,604.30145,630.0592000000001,351.55640000000005,0.7996010184288025,-1,-1,-1
1220,10,1775.7874,614.75366,581.8542500000001,329.54382,0.8064834475517273,-1,-1,-1
1221,10,1718.1191,625.1008,532.9270000000001,311.98760000000004,0.855301558971405,-1,-1,-1
1222,10,1651.7792,631.28766,517.28503,294.03594999999996,0.8548029661178589,-1,-1,-1
1223,10,1614.9489,634.9347,464.46227999999996,282.72095,0.8825389742851257,-1,-1,-1
1224,10,1560.7046,640.0392,455.51,269.34692000000007,0.854101300239563,-1,-1,-1
1225,10,1522.4573,647.22076,424.4854700000001,254.43329000000006,0.8543705940246582,-1,-1,-1
1226,10,1482.2225,652.4784,401.9403,242.91125,0.8686562180519104,-1,-1,-1
1227,10,1445.3219,657.4699,386.25854000000004,231.83472000000006,0.8704119324684143,-1,-1,-1
1228,10,1416.2006,659.69086,359.82079999999996,223.71033,0.8681238889694214,-1,-1,-1
1229,10,1386.8884,663.51294,343.03894000000014,217.47069999999997,0.8642578125,-1,-1,-1
1230,10,1358.8217,666.1276,323.0887499999999,208.24738000000002,0.870210587978363,-1,-1,-1
1231,10,1335.0905,666.319,309.07140000000004,204.72564999999997,0.8569489121437073,-1,-1,-1
1232,10,1307.6028,668.7622,295.04089999999997,198.15521,0.8498628735542297,-1,-1,-1
1233,10,1278.1881,668.31573,291.46973,197.21069999999997,0.8663714528083801,-1,-1,-1
1234,10,1246.537,668.3909,280.9170999999999,194.21386999999993,0.8503947257995605,-1,-1,-1
1235,10,1229.0831,671.75684,265.29065000000014,187.87487999999996,0.8623453378677368,-1,-1,-1
1236,10,1202.0424,677.00024,261.3629000000001,181.20623999999998,0.867594301700592,-1,-1,-1
1237,10,1176.995,680.99396,254.01843000000008,177.12616000000003,0.848131537437439,-1,-1,-1
1238,10,1166.6346,682.8952,231.2378000000001,172.5285,0.8692432045936584,-1,-1,-1
1239,10,1144.7927,683.4503,228.98828000000003,168.23486000000003,0.8752773404121399,-1,-1,-1
1240,10,1126.1067,685.0584,222.03125,165.59569999999997,0.8658940196037292,-1,-1,-1
1241,10,1105.4259,691.7982,216.9860799999999,158.78021,0.8752200603485107,-1,-1,-1
1242,10,1092.6678,692.0407,205.37438999999995,155.07152999999994,0.8516260981559753,-1,-1,-1
1243,10,1075.1016,693.3638,201.47827000000007,152.82745,0.8575605154037476,-1,-1,-1
1244,10,1057.3479,696.2729,195.68993999999998,147.38982999999996,0.8322866559028625,-1,-1,-1
1245,10,1035.2983,698.19977,196.00585999999998,143.51653999999996,0.8177526593208313,-1,-1,-1
1246,10,1025.7086,698.16907,191.4455600000001,142.40099999999995,0.8271280527114868,-1,-1,-1
1247,10,1007.83887,701.1664,191.3690200000001,142.26440000000002,0.7173132300376892,-1,-1,-1
1250,10,963.1596,707.64923,181.60528999999997,131.40563999999995,0.6433266997337341,-1,-1,-1
1251,10,944.30756,707.19934,175.44305000000008,131.48052999999993,0.6450392007827759,-1,-1,-1
1266,12,724.3727,773.9982,159.00928,125.38103999999998,0.6355032920837402,-1,-1,-1
1267,12,736.5606,772.659,160.23022000000003,131.04352000000006,0.6273425817489624,-1,-1,-1
1268,12,745.8158,776.64136,162.38342,128.17522999999994,0.6986179947853088,-1,-1,-1
1269,12,753.9366,775.3282,166.37482,131.14471000000003,0.7878857254981995,-1,-1,-1
1270,12,759.27246,774.0845,172.26056000000005,134.99847,0.8128160834312439,-1,-1,-1
1271,12,767.56537,773.94696,178.50829999999996,139.31335,0.7935236692428589,-1,-1,-1
1272,12,771.38367,773.04083,187.33594000000005,144.14019999999994,0.7920896410942078,-1,-1,-1
1273,12,781.05743,773.28687,192.24121000000002,144.33765000000005,0.8425514101982117,-1,-1,-1
1274,12,792.17285,773.2608,197.04053,148.88611000000003,0.8260793685913086,-1,-1,-1
1275,12,807.8168,775.10266,195.00409000000002,152.70934999999997,0.8154011964797974,-1,-1,-1
1276,12,815.0346,773.8148,203.21014000000002,157.48840000000007,0.8236945867538452,-1,-1,-1
1277,12,822.55994,772.5711,212.28308000000004,162.72429999999997,0.8389685153961182,-1,-1,-1
1278,12,833.7781,773.5397,216.58105,167.40599999999995,0.8178451061248779,-1,-1,-1
1279,12,847.5578,771.39386,219.31243999999992,169.59533999999996,0.8430240750312805,-1,-1,-1
1280,12,855.3868,772.5178,233.54510000000005,177.87689,0.8183199763298035,-1,-1,-1
1281,12,868.38513,770.30334,240.81763000000012,184.76471000000004,0.8323317170143127,-1,-1,-1
1282,12,883.09,770.6602,250.86676,190.54351999999994,0.8644659519195557,-1,-1,-1
1283,12,891.4128,768.8535,263.28156,199.07592999999997,0.8631780743598938,-1,-1,-1
1284,12,906.0121,767.43146,273.4801000000001,207.48199999999997,0.8451381325721741,-1,-1,-1
1285,12,926.41016,767.7319,278.08312999999987,216.49243,0.8692682981491089,-1,-1,-1
1286,12,937.22894,767.653,293.6345799999999,225.45245,0.8589279055595398,-1,-1,-1
1287,12,948.60596,772.0318,308.39049999999986,230.00884999999994,0.8607912063598633,-1,-1,-1
1288,12,971.6641,773.9628,316.49225,240.05860000000007,0.8619549870491028,-1,-1,-1
1289,12,995.11426,773.30664,329.4431000000001,251.71129999999994,0.8664449453353882,-1,-1,-1
1290,12,1004.96106,774.9093,354.92053,261.22083,0.8594358563423157,-1,-1,-1
1291,12,1029.2721,776.7322,364.3442400000001,272.83960000000013,0.8553542494773865,-1,-1,-1
1292,12,1050.1418,774.3179,392.09204,291.85400000000004,0.8611419200897217,-1,-1,-1
1293,12,1067.6074,773.35657,432.77430000000004,310.06384000000014,0.8722512722015381,-1,-1,-1
1294,12,1099.3009,771.8492,452.9197999999999,332.6577800000001,0.8741763830184937,-1,-1,-1
1295,12,1129.7218,775.1405,487.2345,353.8629000000001,0.8850380778312683,-1,-1,-1
1296,12,1165.4285,775.5124,520.5194000000001,376.52264,0.8921584486961365,-1,-1,-1
1297,12,1201.9036,771.61725,583.7635500000001,416.2176999999999,0.8857403993606567,-1,-1,-1
1298,12,1254.4515,781.74713,625.8343499999999,439.5559700000001,0.8739234209060669,-1,-1,-1
1299,12,1301.0452,780.02515,705.23047,480.3812300000001,0.8528376817703247,-1,-1,-1
1300,12,1369.8239,774.05743,766.7877000000001,538.8947,0.861307680606842,-1,-1,-1
1301,12,1438.7856,782.375,862.97,577.7292499999999,0.8196608424186707,-1,-1,-1
1302,12,1520.0128,776.6971,985.4497999999999,640.6865999999999,0.8362703919410706,-1,-1,-1
1303,12,1581.0623,790.14844,978.9377399999998,710.6051999999999,0.8055170774459839,-1,-1,-1
1304,12,1678.794,794.90356,881.20605,837.8662000000002,0.6567076444625854,-1,-1,-1
1466,13,2015.5538,720.0828,544.4461699999999,400.7418799999999,0.7155190706253052,-1,-1,-1
1467,13,1917.388,723.82385,642.5807999999997,390.97473000000014,0.7911847829818726,-1,-1,-1
1468,13,1798.8055,735.89294,757.7391400000001,374.432,0.8109764456748962,-1,-1,-1
1469,13,1677.5569,750.6378,809.5351599999999,354.51099999999997,0.791110098361969,-1,-1,-1
1470,13,1576.1827,770.6009,758.32214,334.2315,0.7467969655990601,-1,-1,-1
1471,13,1493.0245,785.55023,693.8155499999998,322.36078,0.7557650804519653,-1,-1,-1
1472,14,1179.9282,850.41473,639.1577,297.0608500000001,0.724090576171875,-1,-1,-1
1473,14,1076.1841,869.8215,619.2608599999999,286.15996999999993,0.7540274858474731,-1,-1,-1
1474,14,988.3982,879.27423,592.92773,288.01117,0.7932848930358887,-1,-1,-1
1475,14,915.88684,896.7792,571.0467500000001,288.5287000000001,0.7968412637710571,-1,-1,-1
1476,14,835.9996,915.041,557.2885,288.23180000000013,0.8086641430854797,-1,-1,-1
1477,14,759.58417,936.1729,551.6374,284.87518,0.7852341532707214,-1,-1,-1
1478,14,674.7998,958.8356,550.8938,271.58325,0.7823681235313416,-1,-1,-1
1479,14,633.16754,979.62964,514.95087,264.9653300000001,0.7271572947502136,-1,-1,-1
1480,14,551.14246,999.8097,535.2163,270.46143000000006,0.6975337862968445,-1,-1,-1
1481,14,471.0037,1020.94574,506.53445,265.7797200000001,0.6277394890785217,-1,-1,-1
1486,15,39.010277,1155.8607,386.14110000000005,230.86829000000012,0.7023066878318787,-1,-1,-1
1487,15,6.8276978,1146.5192,414.67627,250.33508000000006,0.748401403427124,-1,-1,-1
1489,15,1.219883,1188.3666,312.60596,223.44812000000002,0.7253370881080627,-1,-1,-1
1646,16,747.2894,767.1463,152.57385,124.12427000000002,0.6305325627326965,-1,-1,-1
1647,16,759.5277,767.928,158.05542000000003,128.60413000000005,0.7199541926383972,-1,-1,-1
1648,16,765.868,768.80597,161.64386000000002,131.15143,0.6414514183998108,-1,-1,-1
1650,16,782.6243,771.28687,171.73584000000005,134.99541999999997,0.6493491530418396,-1,-1,-1
1651,16,794.2088,771.88293,175.36469,139.46350000000007,0.766747772693634,-1,-1,-1
1652,16,803.87115,775.70233,178.16314999999997,138.80615,0.7152620553970337,-1,-1,-1
1653,16,817.3437,776.06415,182.29187000000002,144.08081000000004,0.7768944501876831,-1,-1,-1
1654,16,826.3375,778.4152,191.06151999999997,145.72919000000002,0.8296083211898804,-1,-1,-1
1655,16,836.8598,782.02344,196.82891999999993,149.95574999999997,0.7894513010978699,-1,-1,-1
1656,16,848.4653,782.811,204.01666000000012,154.38415999999995,0.7841833829879761,-1,-1,-1
1657,16,866.47217,782.96747,204.62158,157.96123999999998,0.7138966917991638,-1,-1,-1
1658,16,881.8783,786.5338,217.49707,160.6662,0.7977507710456848,-1,-1,-1
1659,16,893.26294,784.06006,234.63378999999998,175.37354000000005,0.844362735748291,-1,-1,-1
1660,16,913.3713,782.8692,242.2442000000001,181.98619999999994,0.8664254546165466,-1,-1,-1
1661,16,938.12286,783.1528,253.50153,193.12775,0.859752893447876,-1,-1,-1
1662,16,953.6561,790.70245,261.53661999999997,196.96411,0.8518175482749939,-1,-1,-1
1663,16,981.05164,787.10614,277.4353,212.74658,0.837375283241272,-1,-1,-1
1664,16,1000.6239,795.47314,295.2329,218.65723000000003,0.8420871496200562,-1,-1,-1
1665,16,1035.5055,796.6917,308.70227,228.48284999999998,0.8398144841194153,-1,-1,-1
1666,16,1064.3423,795.70654,335.6667500000001,244.0596999999999,0.8316760063171387,-1,-1,-1
1667,16,1095.1832,798.39606,359.8260500000001,257.05486999999994,0.8546068668365479,-1,-1,-1
1668,16,1132.0414,794.95215,398.5588399999999,278.64330000000007,0.8475243449211121,-1,-1,-1
1669,16,1179.7948,791.16815,435.43910000000005,304.44805999999994,0.8602432012557983,-1,-1,-1
1670,16,1227.2269,795.03876,480.49854000000005,330.20905000000005,0.8551849722862244,-1,-1,-1
1671,16,1297.4066,792.85803,549.9048,370.18176000000005,0.8517200946807861,-1,-1,-1
1672,16,1367.4276,795.5543,645.0005999999998,406.0526,0.8641745448112488,-1,-1,-1
1673,16,1459.6365,795.53296,723.16113,440.68090000000007,0.8359411358833313,-1,-1,-1
1674,16,1534.3219,795.85095,863.0547999999999,497.3150599999999,0.8185480237007141,-1,-1,-1
1675,16,1668.887,805.1184,891.11304,559.2678,0.8300259113311768,-1,-1,-1
1806,17,801.40027,775.4419,183.67462,155.22644000000003,0.7317842841148376,-1,-1,-1
1807,17,812.0448,776.11884,189.39575000000002,161.24225,0.6437552571296692,-1,-1,-1
1808,17,820.2531,775.2758,197.47284000000002,167.42993,0.6781795024871826,-1,-1,-1
1809,17,833.78937,775.1745,205.92302999999993,173.73352,0.7599896788597107,-1,-1,-1
1810,17,847.1225,778.88306,208.79082999999991,176.61041,0.6075226068496704,-1,-1,-1
1812,17,884.3806,780.8712,233.60937999999987,195.47497999999996,0.7604711055755615,-1,-1,-1
1813,17,895.00397,780.24475,246.12871999999993,203.75396999999998,0.8261540532112122,-1,-1,-1
1814,17,915.0986,782.02875,261.13006999999993,214.86663999999996,0.8063772916793823,-1,-1,-1
1815,17,935.75116,786.23444,267.03631999999993,224.67316000000005,0.8149069547653198,-1,-1,-1
1816,17,960.40186,788.45044,283.59937,237.66234999999995,0.8079466819763184,-1,-1,-1
1817,17,985.94635,800.6303,302.2880200000001,242.86407000000008,0.83332359790802,-1,-1,-1
1818,17,1008.5379,799.817,322.8451499999999,255.55089999999996,0.8298624157905579,-1,-1,-1
1819,17,1039.9438,796.8686,351.61462000000006,273.96294999999986,0.8431185483932495,-1,-1,-1
1820,17,1069.7518,799.5164,380.42334000000005,284.26666,0.8333218693733215,-1,-1,-1
1821,17,1098.2352,799.96185,437.56152,315.7210000000001,0.8511511087417603,-1,-1,-1
1822,17,1148.1122,802.0936,469.82359999999994,338.2266799999999,0.8348225355148315,-1,-1,-1
1823,17,1199.3683,808.508,522.1017000000002,369.02739999999994,0.8758631348609924,-1,-1,-1
1824,17,1271.0073,809.3332,589.9224999999999,395.53314,0.8504316806793213,-1,-1,-1
1825,17,1320.6643,813.52094,703.96606,435.53374999999994,0.832410454750061,-1,-1,-1
1826,17,1411.4822,832.735,812.8490999999999,489.9035600000001,0.7991372346878052,-1,-1,-1
1827,17,1534.5767,826.1371,958.5029,566.2189,0.8052612543106079,-1,-1,-1
2130,18,2003.6877,573.2115,555.77637,397.524,0.6654344797134399,-1,-1,-1
2131,18,1911.0732,583.44415,634.7809999999997,374.17792,0.8063533306121826,-1,-1,-1
2132,18,1852.453,587.859,661.3971000000001,361.23352,0.7595707178115845,-1,-1,-1
2133,18,1809.4562,591.80054,654.4942599999999,344.60266,0.7152727842330933,-1,-1,-1
2134,18,1718.1277,601.8437,541.2366000000002,320.85632,0.8240317702293396,-1,-1,-1
2135,18,1657.59,613.0038,515.9615500000002,299.16028000000006,0.8454013466835022,-1,-1,-1
2136,18,1611.2126,615.71454,491.27686000000017,292.04455999999993,0.8362475037574768,-1,-1,-1
2137,18,1565.647,620.96295,460.04456000000005,278.68457,0.8603209853172302,-1,-1,-1
2138,18,1527.5374,626.69183,434.8913600000001,265.13165000000004,0.8523461818695068,-1,-1,-1
2139,18,1487.0435,628.2002,426.88416000000007,258.89545,0.8545659184455872,-1,-1,-1
2140,18,1460.5134,632.8163,394.96802,243.43859999999995,0.8445587754249573,-1,-1,-1
2141,18,1428.0844,641.7488,386.09313999999995,232.70355000000006,0.8565004467964172,-1,-1,-1
2142,18,1400.432,642.78546,352.7008000000001,226.74743999999998,0.8563196063041687,-1,-1,-1
2143,18,1374.2212,648.378,336.48315,218.47198000000003,0.855983316898346,-1,-1,-1
2144,18,1354.7845,650.0567,315.63231999999994,212.93773999999996,0.8479033708572388,-1,-1,-1
2145,18,1324.2743,649.9534,310.18433000000005,208.81793000000005,0.8515791296958923,-1,-1,-1
2146,18,1296.2538,652.2932,297.48206000000005,204.46869000000004,0.8539863228797913,-1,-1,-1
2147,18,1270.746,653.5565,294.77576,202.79431,0.8608362078666687,-1,-1,-1
2148,18,1244.9331,653.90405,282.75670000000014,199.38171,0.8485203385353088,-1,-1,-1
2149,18,1225.7855,655.0413,273.5797,197.05291999999997,0.8502678871154785,-1,-1,-1
2150,18,1204.7897,660.00745,263.65417,189.87994000000003,0.8507023453712463,-1,-1,-1
2151,18,1174.3627,661.3966,268.64148,190.85357999999997,0.8220787048339844,-1,-1,-1
2152,18,1162.2719,662.176,255.84386999999992,187.88482999999997,0.8132832050323486,-1,-1,-1
2153,18,1146.6089,665.2233,248.91418,183.03539999999998,0.8232336044311523,-1,-1,-1
2154,18,1133.3497,667.2451,235.21398999999997,178.92987000000005,0.8664383888244629,-1,-1,-1
2155,18,1114.7551,670.9509,230.39697,172.68524000000002,0.8328489065170288,-1,-1,-1
2156,18,1104.311,673.3303,220.08337000000006,165.78107,0.8209887146949768,-1,-1,-1
2157,18,1086.5663,671.78204,217.36633000000006,167.63855,0.8605471253395081,-1,-1,-1
2158,18,1067.492,674.99695,215.9222400000001,165.46936000000005,0.7860837578773499,-1,-1,-1
2159,18,1056.1422,681.8916,207.10327000000007,155.86577999999997,0.8045192360877991,-1,-1,-1
2289,20,915.58746,814.1981,243.38311999999996,208.82343000000003,0.693151593208313,-1,-1,-1
2290,20,930.3779,818.62897,262.29675,218.58075000000008,0.7846464514732361,-1,-1,-1
2291,20,956.8317,825.2684,269.7056299999999,224.58074999999997,0.8408008813858032,-1,-1,-1
2292,20,975.95764,827.6361,296.05797999999993,240.9234600000001,0.8283516764640808,-1,-1,-1
2293,20,999.05396,835.09595,308.28943000000004,245.88866999999993,0.8575007319450378,-1,-1,-1
2294,20,1030.5096,838.79895,332.9246800000001,260.68773999999996,0.8482735753059387,-1,-1,-1
2295,20,1068.5989,842.364,365.68823,284.01793999999995,0.8496351838111877,-1,-1,-1
2296,20,1102.1844,842.8709,411.9281000000001,310.9084999999999,0.8557648658752441,-1,-1,-1
2297,20,1154.8267,844.787,452.68433000000005,337.34277,0.8606060743331909,-1,-1,-1
2298,20,1216.0092,864.0007,494.77295000000004,357.5116600000001,0.8604177832603455,-1,-1,-1
2299,20,1276.016,869.9356,565.70544,397.07025,0.8578664660453796,-1,-1,-1
2300,20,1351.0964,880.49133,656.8445000000002,435.74634000000003,0.8440471291542053,-1,-1,-1
2301,20,1456.1532,892.6062,724.6893299999999,485.23705999999993,0.8202767968177795,-1,-1,-1
2302,20,1543.5024,919.20483,857.2834500000001,545.2757600000001,0.7886831760406494,-1,-1,-1
2303,20,1730.7788,908.31464,827.3296,640.0008,0.7347419857978821,-1,-1,-1
2366,23,1753.8424,652.35504,618.4747299999999,285.61707,0.7021534442901611,-1,-1,-1
2367,23,1610.5945,662.6642,511.76757999999995,258.03010000000006,0.7205255627632141,-1,-1,-1
2368,23,1536.6067,669.3898,472.2119,240.6961,0.8251248598098755,-1,-1,-1
2369,23,1476.5466,674.79614,429.64722000000006,225.97717,0.85090571641922,-1,-1,-1
2370,23,1425.9106,673.7375,402.1377,217.58574999999996,0.8572192788124084,-1,-1,-1
2371,23,1386.7786,676.78723,360.31981999999994,209.73052999999993,0.8755253553390503,-1,-1,-1
2372,23,1348.8501,677.2119,322.52685999999994,200.90912000000003,0.8692008852958679,-1,-1,-1
2373,23,1311.0543,682.77386,297.4688699999999,190.98113999999998,0.852456271648407,-1,-1,-1
2374,23,1277.1631,683.03314,284.05150000000003,185.9909,0.865226686000824,-1,-1,-1
2375,23,1238.4622,684.7625,271.5527299999999,180.90588000000002,0.8588473796844482,-1,-1,-1
2376,23,1213.2211,687.74567,262.71362,173.66527999999994,0.8450226783752441,-1,-1,-1
2377,23,1182.3892,691.416,247.98705999999993,167.30773999999997,0.8321777582168579,-1,-1,-1
2378,23,1157.1385,692.6227,242.95897999999988,165.55237,0.8375992178916931,-1,-1,-1
2379,23,1140.1416,692.1339,227.15392999999995,160.78156,0.8358134031295776,-1,-1,-1
2380,23,1123.5216,694.5692,215.2673299999999,156.22637999999995,0.7917559146881104,-1,-1,-1
2381,23,1104.5171,694.8808,208.85132,149.26819,0.819759726524353,-1,-1,-1
2382,23,1085.6667,696.1279,203.13147000000004,148.0304,0.8054072260856628,-1,-1,-1
2383,23,1069.5143,698.5337,199.95044000000007,142.23969,0.8010677099227905,-1,-1,-1
2384,23,1050.4006,700.4379,196.45972000000006,139.57245,0.6543567776679993,-1,-1,-1
2385,23,1035.6626,700.6323,198.88477000000012,138.95781999999997,0.6412745118141174,-1,-1,-1
2397,25,789.9806,777.097,178.16832999999997,143.46497,0.6293160319328308,-1,-1,-1
2398,25,803.5666,775.0627,182.87872000000004,151.95892000000003,0.6979747414588928,-1,-1,-1
2399,25,821.37024,776.8637,186.85883,153.60748,0.736784040927887,-1,-1,-1
2400,25,824.94183,776.4816,193.9339,157.46074999999996,0.7932635545730591,-1,-1,-1
2401,25,831.23505,777.5784,199.52666999999997,161.09802000000002,0.8047045469284058,-1,-1,-1
2402,25,839.9823,779.4537,204.09850999999992,164.48650999999995,0.8139731884002686,-1,-1,-1
2403,25,853.76917,775.3906,205.91589999999997,170.74005,0.7757848501205444,-1,-1,-1
2404,25,866.51746,776.9577,211.24389999999994,177.60712,0.8032318949699402,-1,-1,-1
2405,25,879.9158,780.79193,222.26709000000005,179.38275,0.8237350583076477,-1,-1,-1
2406,25,890.9128,782.00195,236.57623,187.98676,0.8358469009399414,-1,-1,-1
2407,25,902.7786,784.7816,249.44635000000005,195.81421,0.8377323746681213,-1,-1,-1
2408,25,927.34283,781.3258,250.34967000000006,210.33997,0.8433191776275635,-1,-1,-1
2409,25,935.94147,782.51495,268.50884999999994,220.24994000000004,0.8657674789428711,-1,-1,-1
2410,25,951.7146,787.38477,279.20398,226.60308999999995,0.8682326674461365,-1,-1,-1
2411,25,965.39374,790.2658,295.37897,232.55402000000004,0.8579537868499756,-1,-1,-1
2412,25,984.7412,790.18555,308.71484,247.19140000000004,0.8520774841308594,-1,-1,-1
2413,25,1011.79016,796.34625,323.03186000000005,252.5796499999999,0.8645908236503601,-1,-1,-1
2414,25,1029.2554,797.677,348.6824999999999,265.7743999999999,0.855806827545166,-1,-1,-1
