212,3,1.1706543,967.0939,983.7735,658.4581,0.6142908930778503,-1,-1,-1
213,3,159.50043,989.85315,1398.9407,698.8244600000002,0.7207239270210266,-1,-1,-1
214,3,677.41064,1051.9005,1291.4982999999997,680.798,0.731491208076477,-1,-1,-1
662,9,1770.8694,788.878,789.1306,417.6962300000001,0.7866186499595642,-1,-1,-1
663,9,1553.0642,776.7021,848.6279000000002,402.90814,0.788432776927948,-1,-1,-1
664,9,1317.7174,758.45166,824.7671999999998,404.5597,0.8051695823669434,-1,-1,-1
665,9,1035.4639,741.0145,865.52673,398.9523999999999,0.8168065547943115,-1,-1,-1
666,9,836.93634,719.9574,841.4300000000001,398.5076999999999,0.771371066570282,-1,-1,-1
667,9,612.1548,680.995,835.5991000000001,412.92846999999995,0.8346332907676697,-1,-1,-1
668,9,342.95456,666.6542,826.41675,404.28223,0.7995153665542603,-1,-1,-1
669,9,108.71994,654.11926,829.7523,391.17759999999987,0.6845157146453857,-1,-1,-1
670,9,6.693573,631.11145,711.9263,385.56195,0.6963192820549011,-1,-1,-1
698,12,1918.3389,818.1076,641.6611300000002,373.26593,0.7494653463363647,-1,-1,-1
698,13,2049.8752,415.0125,397.1135300000001,202.30316,0.6508909463882446,-1,-1,-1
699,12,1705.5609,797.22485,771.3360600000001,373.8447299999999,0.6103864908218384,-1,-1,-1
699,13,2049.8892,413.8379,455.22704999999996,204.04431,0.6275953650474548,-1,-1,-1
700,13,2043.4105,415.67673,499.92175,204.25711,0.6290184855461121,-1,-1,-1
701,13,2046.2849,414.6225,488.93213000000014,204.22423999999995,0.6456027030944824,-1,-1,-1
702,13,2043.3374,414.1832,500.51904000000013,204.37393000000003,0.684232234954834,-1,-1,-1
703,13,2043.1641,413.9529,498.48876999999993,204.58005000000003,0.6900357604026794,-1,-1,-1
703,15,761.9043,726.68835,947.1178000000001,364.46167,0.7900098562240601,-1,-1,-1
704,13,2043.8264,414.8528,496.4743699999999,203.49581999999998,0.6698907613754272,-1,-1,-1
704,15,582.8627,691.232,851.5148,380.7036699999999,0.8471876382827759,-1,-1,-1
705,13,2044.7747,415.77774,492.3759799999998,201.94785000000002,0.6636114120483398,-1,-1,-1
705,15,390.2307,671.3156,819.308,378.41034,0.8101224303245544,-1,-1,-1
706,13,2044.7229,415.77902,492.0837399999998,201.96585,0.6585347652435303,-1,-1,-1
706,15,140.09094,641.95386,815.4114999999999,381.58966,0.8187897801399231,-1,-1,-1
707,15,5.639038,620.9395,761.6676,381.05584999999996,0.8034260869026184,-1,-1,-1
717,13,2043.4062,415.2452,507.01782000000003,203.25466999999998,0.6836013793945312,-1,-1,-1
718,13,2042.9171,415.04507,508.48157000000015,203.65450999999996,0.6870477199554443,-1,-1,-1
719,13,2043.0199,415.08133,508.2904000000001,203.50967000000003,0.6884230971336365,-1,-1,-1
720,13,2043.2845,415.1351,507.9224999999999,203.3259,0.6890022158622742,-1,-1,-1
721,13,2043.2294,414.8825,505.47399999999993,203.30945000000003,0.6215354204177856,-1,-1,-1
722,13,2043.0581,414.69376,505.6152300000001,203.52621,0.6345307230949402,-1,-1,-1
723,13,2042.9043,414.7866,505.3828000000001,203.33895999999993,0.6415309906005859,-1,-1,-1
724,13,2042.7859,414.70975,504.22826999999984,203.36264000000006,0.647558331489563,-1,-1,-1
725,13,2044.0149,414.899,501.5612800000001,203.16021999999998,0.645348310470581,-1,-1,-1
726,13,2044.471,415.22894,499.2619599999998,202.80762,0.6414476633071899,-1,-1,-1
727,13,2044.1217,415.2243,500.1756600000001,202.78789999999998,0.6412994861602783,-1,-1,-1
728,13,2043.6685,415.45355,502.7548800000002,202.28911999999997,0.6613842248916626,-1,-1,-1
729,13,2044.1018,415.69617,500.63059999999996,201.94280999999995,0.664975106716156,-1,-1,-1
730,13,2044.0084,415.62628,500.42931999999996,201.91125000000005,0.6658750772476196,-1,-1,-1
731,13,2043.972,415.52353,504.35266000000024,202.14505000000003,0.671191394329071,-1,-1,-1
732,13,2043.5248,415.46652,503.6058300000002,202.17697000000004,0.6675453186035156,-1,-1,-1
733,13,2043.9576,415.29358,497.6390399999998,202.59015,0.6596505045890808,-1,-1,-1
734,13,2044.696,415.6484,491.9089399999998,201.92514,0.6649319529533386,-1,-1,-1
735,13,2043.6406,415.4711,507.4162600000002,203.15494,0.6244118213653564,-1,-1,-1
736,13,2045.13,415.08652,475.91858,203.07724000000002,0.6352266669273376,-1,-1,-1
737,13,2050.6582,415.66168,410.07935,202.31800000000004,0.6168801784515381,-1,-1,-1
738,13,2050.167,417.2284,438.0398,201.68188000000004,0.6499975919723511,-1,-1,-1
738,17,1835.2938,807.89716,716.2323000000001,380.5948000000001,0.6544139385223389,-1,-1,-1
739,13,2047.0697,414.52438,478.8360600000001,205.75435999999996,0.6205791234970093,-1,-1,-1
739,17,1618.8391,777.94586,938.9624000000001,405.76593,0.8504934310913086,-1,-1,-1
740,13,2046.2563,414.76193,468.13232000000016,205.63857999999993,0.624171257019043,-1,-1,-1
740,17,1405.3407,766.7805,970.0040000000001,399.49048000000005,0.8565486073493958,-1,-1,-1
741,13,2045.8981,416.4315,440.9625199999998,203.35513000000003,0.6298122406005859,-1,-1,-1
741,17,1160.3636,742.7493,878.6056000000001,405.0951500000001,0.8464735746383667,-1,-1,-1
742,13,2046.474,414.06424,461.8026000000002,204.68019999999996,0.6596357226371765,-1,-1,-1
742,17,939.91986,730.9311,900.5704000000001,390.7430999999999,0.8226667642593384,-1,-1,-1
743,13,2045.5752,416.8744,456.5815399999999,202.66449000000006,0.6520931124687195,-1,-1,-1
743,17,667.7482,702.1864,912.3970300000001,399.1349,0.8352800607681274,-1,-1,-1
744,13,2047.9452,416.0263,441.4222399999999,201.97204999999997,0.6423065066337585,-1,-1,-1
744,17,514.45966,668.648,882.9682,412.3668799999999,0.8046077489852905,-1,-1,-1
745,13,2047.0343,417.10852,490.4991499999999,202.55084,0.6248138546943665,-1,-1,-1
745,17,254.67033,659.5019,878.0484,400.91217000000006,0.7858956456184387,-1,-1,-1
746,13,2047.0057,417.19162,490.3023700000001,202.41573999999997,0.6266968250274658,-1,-1,-1
746,17,103.33908,631.8463,870.55896,400.3602299999999,0.785678505897522,-1,-1,-1
757,13,2046.8597,415.15018,490.6639399999999,201.53183,0.6153057813644409,-1,-1,-1
759,13,2045.0686,414.46622,501.6794399999999,202.97171000000003,0.6400712132453918,-1,-1,-1
760,13,2048.1873,415.55206,495.24829999999974,200.86224000000004,0.6481326222419739,-1,-1,-1
761,13,2049.6562,417.25882,438.0822800000001,197.77535999999998,0.6671484112739563,-1,-1,-1
762,13,2049.9138,417.5411,441.5410200000001,197.42037999999997,0.6980789303779602,-1,-1,-1
763,13,2049.5144,418.04047,438.43213000000014,196.53534000000002,0.6752656698226929,-1,-1,-1
764,13,2047.7072,417.27493,454.44885,197.70522999999997,0.6803159713745117,-1,-1,-1
765,13,2047.8304,415.7466,473.17150000000015,200.58273000000003,0.6374247074127197,-1,-1,-1
766,13,2046.6726,415.14172,491.2389999999998,201.99566999999996,0.6151549816131592,-1,-1,-1
871,21,2039.4344,415.4572,372.6270800000002,214.36980999999997,0.6407250761985779,-1,-1,-1
872,21,2048.599,418.69644,352.84789999999975,199.29886000000005,0.6344582438468933,-1,-1,-1
873,21,2039.0835,419.23218,451.5705599999999,202.43982,0.6276440024375916,-1,-1,-1
874,21,2048.23,417.19992,340.7131300000001,198.33047,0.6583676934242249,-1,-1,-1
877,21,2040.3118,413.87054,410.3608399999998,202.53857000000005,0.6033998131752014,-1,-1,-1
878,21,2039.8428,413.99658,460.5085399999998,202.71729000000005,0.6057066321372986,-1,-1,-1
880,21,2040.2563,414.18518,469.59349999999995,202.56543000000005,0.61366206407547,-1,-1,-1
881,21,2039.527,413.8794,489.69835999999987,203.10363999999998,0.6300604343414307,-1,-1,-1
882,21,2039.0774,414.0142,490.2634300000002,203.01101999999997,0.6281790733337402,-1,-1,-1
883,21,2038.9419,413.95416,494.2866200000001,203.14861999999994,0.6211326122283936,-1,-1,-1
884,21,2040.295,414.0946,491.8758499999999,202.92144999999994,0.6273894906044006,-1,-1,-1
885,21,2039.9872,414.0245,484.90173000000004,203.06241,0.6218818426132202,-1,-1,-1
886,21,2039.5126,414.0459,494.9403000000002,202.97577000000007,0.620247483253479,-1,-1,-1
887,21,2039.1226,413.7914,498.73413000000005,203.35256999999996,0.6251448392868042,-1,-1,-1
888,21,2039.0358,413.65897,489.9019800000001,203.24326000000002,0.6216709613800049,-1,-1,-1
889,21,2038.2245,414.55124,494.5379599999999,202.14737000000002,0.609522819519043,-1,-1,-1
890,21,2038.4393,414.7026,485.0145299999999,201.85507,0.6079029440879822,-1,-1,-1
891,21,2039.1028,414.8992,489.72900000000004,201.87534,0.6224259734153748,-1,-1,-1
892,21,2039.8416,414.9845,489.34473,201.79462,0.620207667350769,-1,-1,-1
893,21,2039.3298,414.88846,495.89453000000003,201.96915,0.6260752081871033,-1,-1,-1
894,21,2037.8558,414.4164,499.2515999999998,202.33279999999996,0.6160634160041809,-1,-1,-1
895,21,2038.5928,414.64163,490.24609999999984,202.03542999999996,0.6003950238227844,-1,-1,-1
897,21,2038.7024,414.55542,492.0681000000002,202.18842000000006,0.6002547740936279,-1,-1,-1
901,21,2040.4635,414.00024,453.45227,202.66022000000004,0.6166285276412964,-1,-1,-1
902,21,2040.461,413.94135,471.2090999999998,202.78027000000003,0.620590090751648,-1,-1,-1
903,21,2040.7119,414.00378,470.8056600000002,202.68231000000003,0.615100085735321,-1,-1,-1
904,21,2040.8273,414.12003,462.52379999999994,202.60336,0.6144988536834717,-1,-1,-1
905,21,2040.9518,414.2527,460.7381600000001,202.47406,0.6170470714569092,-1,-1,-1
906,21,2040.4049,414.27048,456.37096999999994,202.40475000000004,0.6196476817131042,-1,-1,-1
907,21,2040.6843,414.3688,460.40769999999975,202.31003000000004,0.6213721036911011,-1,-1,-1
908,21,2040.5037,414.21027,472.3014999999998,202.58594,0.6247382164001465,-1,-1,-1
909,21,2040.1923,414.1204,477.43079999999986,202.76999,0.6279758214950562,-1,-1,-1
910,21,2040.4126,414.18762,475.0029300000001,202.61719,0.6278015971183777,-1,-1,-1
911,21,2040.628,414.21326,474.66736000000014,202.62249999999995,0.6221820116043091,-1,-1,-1
912,21,2040.715,414.21158,467.3641399999999,202.56453999999997,0.6175010204315186,-1,-1,-1
915,21,2041.2933,414.21906,449.01549999999975,202.53778,0.6001415848731995,-1,-1,-1
916,21,2041.2324,414.3714,453.65233999999987,202.38800000000003,0.610515296459198,-1,-1,-1
917,21,2041.2655,414.40344,452.6678499999998,202.23498999999998,0.6106206774711609,-1,-1,-1
918,21,2041.3533,414.43436,459.96948,202.23720999999995,0.610832929611206,-1,-1,-1
919,21,2041.4865,414.5021,458.1207300000001,202.16537,0.6074680089950562,-1,-1,-1
920,21,2041.1288,414.39658,457.82360000000017,202.24874999999997,0.6013763546943665,-1,-1,-1
921,21,2041.3568,414.46567,459.4452000000001,202.19614000000007,0.6086090207099915,-1,-1,-1
922,21,2041.5017,414.48087,457.19481999999994,202.11361999999997,0.6129064559936523,-1,-1,-1
923,21,2041.6207,414.45694,456.01892,202.12997000000001,0.6095221638679504,-1,-1,-1
924,21,2041.3754,414.46243,466.54675,202.20413000000002,0.6168944835662842,-1,-1,-1
925,21,2041.4675,414.2478,449.94629999999984,202.40172999999993,0.6114577054977417,-1,-1,-1
926,21,2041.4136,414.23856,459.3401000000001,202.46262000000002,0.6136833429336548,-1,-1,-1
927,21,2041.3961,414.00534,470.47620000000006,202.79788000000002,0.6150757074356079,-1,-1,-1
928,21,2041.5887,414.3668,458.38562000000024,202.33505000000002,0.6069846749305725,-1,-1,-1
929,21,2041.1792,414.30417,470.3813500000001,202.47091999999998,0.6145392060279846,-1,-1,-1
930,21,2040.8892,414.25995,467.8479000000002,202.4801,0.6074495315551758,-1,-1,-1
931,21,2041.4052,414.25015,469.66736000000014,202.57766999999996,0.6095767021179199,-1,-1,-1
932,21,2041.5292,414.32974,470.22278000000006,202.48734000000002,0.6073675751686096,-1,-1,-1
933,21,2041.5962,414.3547,467.33618000000024,202.42581000000007,0.6069983839988708,-1,-1,-1
934,21,2041.5631,414.29114,466.9659399999998,202.47394000000003,0.6062441468238831,-1,-1,-1
935,21,2041.4944,414.30423,469.99463000000014,202.51107999999994,0.6077221035957336,-1,-1,-1
936,21,2041.3574,414.34085,467.50659999999993,202.50466999999998,0.6089039444923401,-1,-1,-1
938,21,2043.4567,414.39133,506.0914300000002,203.78555,0.6426862478256226,-1,-1,-1
939,21,2043.9246,414.4275,503.7236300000002,203.76160000000004,0.634393572807312,-1,-1,-1
940,21,2043.4585,414.3776,502.64110000000005,203.57680999999997,0.6352576613426208,-1,-1,-1
941,21,2044.2288,414.42993,503.04956000000016,203.55755999999997,0.6372423768043518,-1,-1,-1
942,21,2043.8827,414.41016,505.96936000000005,203.6925,0.6479589939117432,-1,-1,-1
943,21,2043.8842,414.24887,505.96497,203.77688999999998,0.6437718272209167,-1,-1,-1
944,21,2043.7256,414.10666,506.86815999999976,203.99178999999998,0.6462892293930054,-1,-1,-1
945,21,2044.124,414.3317,503.21532999999977,203.65353,0.6375661492347717,-1,-1,-1
946,21,2043.5021,414.33823,503.8941699999998,203.69290000000007,0.6337603330612183,-1,-1,-1
947,21,2043.5131,414.2833,504.5836200000001,203.73642,0.6397426724433899,-1,-1,-1
948,21,2043.522,414.3005,505.37109999999984,203.71877999999998,0.6383241415023804,-1,-1,-1
949,21,2043.6493,414.989,506.1776,202.93805000000003,0.6499903798103333,-1,-1,-1
950,21,2041.2411,415.26907,506.6585699999998,202.20908000000003,0.6617189049720764,-1,-1,-1
951,21,2041.0409,415.5126,502.6808000000001,201.72672,0.654183566570282,-1,-1,-1
952,21,2040.9066,415.43365,502.44445999999994,201.85425000000004,0.6546270847320557,-1,-1,-1
953,21,2041.7596,415.5728,498.89342999999985,201.61145000000005,0.6572661995887756,-1,-1,-1
954,21,2041.8536,415.80237,498.77795000000015,201.35559,0.6636366844177246,-1,-1,-1
955,21,2042.3665,416.16858,499.76049999999987,200.88500999999997,0.6842187643051147,-1,-1,-1
956,21,2041.839,416.36978,503.13292999999976,200.66574000000003,0.6819234490394592,-1,-1,-1
957,21,2042.8041,416.99722,492.2720999999999,199.50332999999995,0.6941759586334229,-1,-1,-1
958,21,2046.7867,417.8183,406.9754600000001,197.85474,0.6448386311531067,-1,-1,-1
959,21,2046.3031,417.45862,407.6678499999998,198.31213000000002,0.6591582894325256,-1,-1,-1
960,21,2044.8445,417.43912,432.50951999999984,198.38242000000002,0.657415509223938,-1,-1,-1
961,21,2038.6072,415.9687,510.20264,200.62194999999997,0.6639461517333984,-1,-1,-1
962,21,2039.0524,416.01883,506.79822000000013,200.95230000000004,0.6294941902160645,-1,-1,-1
965,21,2039.303,414.35715,510.32494999999994,203.63705,0.6354145407676697,-1,-1,-1
966,21,2039.3547,414.29855,509.6557599999999,203.60373000000004,0.6413585543632507,-1,-1,-1
967,21,2039.8367,414.1605,508.92114000000015,203.74777,0.6380736231803894,-1,-1,-1
968,21,2039.6053,413.70544,509.43151999999986,204.21826000000004,0.6292297840118408,-1,-1,-1
969,21,2040.3738,413.49692,509.62842000000023,204.51187,0.638361930847168,-1,-1,-1
970,21,2040.1022,413.88657,510.55822999999987,205.30166999999994,0.6711750626564026,-1,-1,-1
971,21,2039.071,413.92456,514.3200699999998,205.78473000000002,0.7135897874832153,-1,-1,-1
972,21,2042.1942,414.3196,511.37048000000004,206.50754,0.7325300574302673,-1,-1,-1
973,21,2040.385,414.41895,512.13916,205.15106000000003,0.699324905872345,-1,-1,-1
974,21,2040.4696,414.63293,509.98914000000013,204.79729999999995,0.7055143713951111,-1,-1,-1
975,21,2042.3513,414.69635,509.72606999999994,203.54810000000003,0.6495341658592224,-1,-1,-1
976,21,2042.0885,414.6009,509.8716999999999,203.56189000000006,0.6507852077484131,-1,-1,-1
977,21,2041.6512,414.52475,510.6226800000002,203.77669999999995,0.6524660587310791,-1,-1,-1
978,21,2040.8438,414.18442,511.7346200000002,204.353,0.6601247787475586,-1,-1,-1
979,21,2041.0852,414.1172,511.36987,204.45087,0.6569671630859375,-1,-1,-1
980,21,2041.6464,414.10995,510.9463999999998,204.33944999999994,0.6525086164474487,-1,-1,-1
981,21,2041.9222,414.19012,511.09265000000005,204.70154000000002,0.6643497347831726,-1,-1,-1
982,21,2042.3737,414.23843,510.7078999999999,204.52957000000004,0.6617980599403381,-1,-1,-1
983,21,2042.2565,414.25385,510.8953999999999,204.53027000000003,0.6664231419563293,-1,-1,-1
984,21,2042.5084,414.27383,510.6600299999998,204.43984999999998,0.669373631477356,-1,-1,-1
993,21,2039.3097,413.0796,506.40588,205.55664000000002,0.6021875143051147,-1,-1,-1
995,21,2040.9059,412.94196,502.80115,205.7727,0.6424020528793335,-1,-1,-1
996,21,2041.3363,413.03214,503.2024999999999,205.64896,0.6460736989974976,-1,-1,-1
997,21,2039.4912,413.8756,500.04516999999987,205.70227000000006,0.675814151763916,-1,-1,-1
998,21,2039.6023,413.9568,500.1394,205.60039999999998,0.6752519011497498,-1,-1,-1
999,21,2039.8108,414.09842,499.60815000000025,205.43503000000004,0.6780292987823486,-1,-1,-1
1000,21,2039.7357,414.09058,499.8778,205.51514000000003,0.6799748539924622,-1,-1,-1
1001,21,2039.4729,413.3257,501.6504000000002,205.33005000000003,0.656284511089325,-1,-1,-1
1002,21,2039.624,413.33633,500.6213399999999,205.37949000000003,0.6530774831771851,-1,-1,-1
1003,21,2039.5844,413.30084,496.0118399999999,205.32805999999994,0.6514034271240234,-1,-1,-1
1004,21,2039.4386,413.25537,497.18542000000025,205.39679000000007,0.6509581208229065,-1,-1,-1
1005,21,2036.2527,412.91022,503.4521500000001,205.58685000000003,0.6111738681793213,-1,-1,-1
1007,21,2037.2345,413.26462,478.28528000000006,205.03890999999993,0.6047361493110657,-1,-1,-1
1008,21,2036.6519,413.1984,478.0346699999998,205.14633000000003,0.6098493933677673,-1,-1,-1
1009,21,2038.3392,414.06955,501.7682,203.89023000000003,0.6286972165107727,-1,-1,-1
1010,21,2038.3627,414.11795,501.2220500000001,203.79782000000006,0.6289889216423035,-1,-1,-1
1011,21,2038.4078,414.0209,499.89879999999994,203.83713,0.6230175495147705,-1,-1,-1
1012,21,2038.4174,413.96927,501.5062300000002,203.93002000000007,0.62293940782547,-1,-1,-1
1013,21,2038.3497,413.87042,501.97619999999984,204.05157000000003,0.6210940480232239,-1,-1,-1
1014,21,2038.5842,413.9614,498.82323999999994,203.86734,0.6172129511833191,-1,-1,-1
1015,21,2038.4677,413.99924,498.60657000000015,203.88351,0.6186259388923645,-1,-1,-1
1016,21,2038.3212,413.9147,501.5474999999999,204.10494999999997,0.6202939748764038,-1,-1,-1
1017,21,2038.31,413.87152,501.0156200000001,204.17419999999998,0.6166178584098816,-1,-1,-1
1018,21,2038.3877,413.97015,498.06152,204.01806999999997,0.6140243411064148,-1,-1,-1
1019,21,2038.2782,413.92853,499.40246999999977,204.10705999999993,0.6217747330665588,-1,-1,-1
1020,21,2038.0093,413.98376,500.34302,203.99169999999998,0.633054256439209,-1,-1,-1
1021,21,2039.549,414.3323,494.49083999999993,203.51174999999995,0.6485096216201782,-1,-1,-1
1022,21,2039.5918,414.39993,490.52855999999997,203.37813999999997,0.6499677300453186,-1,-1,-1
1023,21,2039.3842,414.35776,492.77747,203.47542999999996,0.6509745121002197,-1,-1,-1
1024,21,2039.1571,414.2188,496.3521700000001,203.69164999999998,0.6513175964355469,-1,-1,-1
1025,21,2039.0282,414.21133,493.1419699999999,203.65103,0.6476162075996399,-1,-1,-1
1026,21,2039.0918,414.19745,492.50731999999994,203.66332999999997,0.6479142308235168,-1,-1,-1
1027,21,2038.9392,414.12872,494.6262199999999,203.79772999999994,0.6487094759941101,-1,-1,-1
1028,21,2039.0591,414.18463,491.64185,203.74468999999993,0.6445271372795105,-1,-1,-1
1029,21,2039.2415,414.26636,491.19799999999987,203.65564,0.6429347991943359,-1,-1,-1
1030,21,2039.2635,414.22202,491.27210000000014,203.69522,0.6421416997909546,-1,-1,-1
1031,21,2039.601,414.36835,488.8402000000001,203.49981999999994,0.6388956904411316,-1,-1,-1
1032,21,2039.4745,414.3737,493.68273999999997,203.55154000000005,0.6448996067047119,-1,-1,-1
1033,21,2038.844,414.45364,494.59839999999986,203.49129999999997,0.6309903264045715,-1,-1,-1
1034,21,2038.612,414.40277,496.89624000000003,203.59796,0.6324566006660461,-1,-1,-1
1035,21,2038.675,414.47058,494.5654299999999,203.49548,0.6331197023391724,-1,-1,-1
1036,21,2038.439,414.41296,496.5344200000002,203.56664999999998,0.6353718042373657,-1,-1,-1
1037,21,2038.5409,414.5282,496.45447000000013,203.44250000000005,0.6335230469703674,-1,-1,-1
1038,21,2038.5262,414.52847,497.3345999999999,203.45187000000004,0.6329652667045593,-1,-1,-1
1039,21,2038.5531,414.5661,495.4256599999999,203.35486000000003,0.6327018737792969,-1,-1,-1
1040,21,2038.678,414.5935,496.70336999999995,203.43,0.6298202276229858,-1,-1,-1
1041,21,2038.4583,414.5494,499.6445299999998,203.49838,0.6327179670333862,-1,-1,-1
1042,21,2038.6328,414.637,499.98339999999985,203.38034,0.6315508484840393,-1,-1,-1
1043,21,2038.6162,414.6482,499.11792000000014,203.37407999999994,0.6304742097854614,-1,-1,-1
1044,21,2038.3014,414.60852,501.3665800000001,203.50158999999996,0.6338788270950317,-1,-1,-1
1045,21,2037.8335,414.11102,506.72606999999994,204.00268999999997,0.6391665935516357,-1,-1,-1
1046,21,2037.6387,413.9676,507.03857000000016,204.17206000000004,0.6367189288139343,-1,-1,-1
1047,21,2037.6248,414.01624,506.6577000000002,204.12262000000004,0.6381459832191467,-1,-1,-1
1048,21,2037.4819,414.01276,506.23852999999986,204.12822999999997,0.6375361084938049,-1,-1,-1
1049,21,2037.3916,414.08804,505.47362999999996,203.95907999999997,0.6329928040504456,-1,-1,-1
1050,21,2037.5586,414.12207,504.3632799999998,203.91539999999998,0.6303732395172119,-1,-1,-1
1051,21,2037.5619,414.1043,504.99523999999997,203.89600000000002,0.6335142254829407,-1,-1,-1
1052,21,2037.249,414.10416,504.78345000000013,203.87649999999996,0.6330191493034363,-1,-1,-1
1053,21,2037.0537,414.0213,506.77197000000024,204.0376,0.6330984830856323,-1,-1,-1
1054,21,2037.1804,414.00482,507.39329999999995,204.07921999999996,0.6326016783714294,-1,-1,-1
1055,21,2037.3859,414.0769,507.1234000000002,203.99865999999997,0.6319355368614197,-1,-1,-1
1056,21,2037.4917,414.12338,506.49756000000025,203.92800999999997,0.6311522722244263,-1,-1,-1
1057,21,2036.3177,414.29684,510.23059999999987,203.73184000000003,0.6314231157302856,-1,-1,-1
1058,21,2036.5316,414.34113,510.16052000000013,203.67620999999997,0.6309406757354736,-1,-1,-1
1059,21,2036.6052,414.36005,510.06615999999985,203.64313000000004,0.6313536167144775,-1,-1,-1
1060,21,2036.8612,414.36737,509.26329999999984,203.60016000000002,0.6322956085205078,-1,-1,-1
1061,21,2037.223,414.29962,509.2303499999998,203.70392000000004,0.6278202533721924,-1,-1,-1
1062,21,2036.8502,414.2118,509.18225000000007,203.80767999999995,0.6292647123336792,-1,-1,-1
1063,21,2036.5457,414.10065,509.54663000000005,203.95885999999996,0.6308777332305908,-1,-1,-1
1064,21,2036.2483,413.89777,510.8412999999998,204.23389000000003,0.6286515593528748,-1,-1,-1
1065,21,2035.6799,413.64395,511.0478499999999,204.46622000000002,0.6250927448272705,-1,-1,-1
1066,21,2035.6613,413.61142,510.59950000000003,204.48813,0.6309690475463867,-1,-1,-1
1067,21,2035.3866,413.39835,511.47230000000013,204.82242000000002,0.6302711963653564,-1,-1,-1
1068,21,2034.8477,413.47372,512.2394999999999,204.77005000000003,0.6301106214523315,-1,-1,-1
1069,21,2035.6573,413.47745,511.02477999999996,204.79190000000006,0.6421549916267395,-1,-1,-1
1070,21,2036.0284,413.5793,510.40026999999986,204.7092,0.6433860659599304,-1,-1,-1
1071,21,2035.8789,413.66562,511.97803,204.74599999999998,0.6454843878746033,-1,-1,-1
1072,21,2036.3252,413.84445,511.4030799999998,204.51394999999997,0.6454717516899109,-1,-1,-1
1073,21,2036.6675,414.04572,508.6699199999998,204.21203999999994,0.6430397629737854,-1,-1,-1
1074,21,2036.4594,413.98413,510.13609999999994,204.35303000000005,0.646449089050293,-1,-1,-1
1075,21,2041.4419,414.35883,474.73877000000016,203.71613000000002,0.6372473835945129,-1,-1,-1
1076,21,2040.8684,414.1155,477.73119999999994,204.02437999999995,0.6338085532188416,-1,-1,-1
1077,21,2040.884,414.18158,480.27808000000005,203.93389999999994,0.6319587230682373,-1,-1,-1
1078,21,2040.6946,414.10803,480.97826999999984,203.94916,0.6319133043289185,-1,-1,-1
1079,21,2041.5717,414.08432,474.5941200000002,203.9885,0.6305418610572815,-1,-1,-1
1080,21,2041.535,414.1182,477.57874000000015,203.88729999999998,0.6281620264053345,-1,-1,-1
1088,21,2056.3455,412.85376,490.43895999999995,206.88934,0.664518415927887,-1,-1,-1
1089,21,2054.822,411.90298,479.73705999999993,207.65664999999996,0.6815139055252075,-1,-1,-1
1090,21,2041.976,411.12918,506.39710000000014,209.88613999999995,0.6134526133537292,-1,-1,-1
1090,24,1736.8514,714.44305,823.1485600000001,544.3835,0.6245885491371155,-1,-1,-1
1091,24,1553.6113,723.4025,1005.80566,524.64154,0.7818753719329834,-1,-1,-1
1092,24,1349.3661,712.7933,1201.1195,523.6459400000001,0.8084855079650879,-1,-1,-1
1093,24,1125.1245,705.5023,1253.6936,516.1212000000002,0.7850367426872253,-1,-1,-1
1094,21,2049.8306,410.17233,492.74976000000015,209.69759999999997,0.6540220379829407,-1,-1,-1
1094,24,908.62366,679.42426,1256.4965,520.78375,0.789084255695343,-1,-1,-1
1095,21,2047.6101,411.93942,484.3466799999999,206.94418000000002,0.6707360148429871,-1,-1,-1
1095,24,733.51294,673.8379,1234.8820999999998,502.1718799999999,0.7703882455825806,-1,-1,-1
1096,21,2046.6738,412.74368,491.8005400000002,205.60665999999998,0.7060362696647644,-1,-1,-1
1097,21,2047.0404,413.71066,500.82460000000015,205.22421000000003,0.620972216129303,-1,-1,-1
1097,24,339.47708,591.05444,1250.4353,555.1454,0.7515854835510254,-1,-1,-1
1098,21,2046.473,414.03198,499.09484999999995,204.93451000000005,0.6010804772377014,-1,-1,-1
1098,24,165.77805,566.6597,1170.1924,557.2134400000001,0.8146775960922241,-1,-1,-1
1099,24,65.82207,549.18506,1111.5929,552.3098,0.76398766040802,-1,-1,-1
1100,24,0.0,540.2634,1036.8035,536.2542999999998,0.7694422006607056,-1,-1,-1
1101,24,0.89538574,524.5442,843.45703,532.0409,0.6123475432395935,-1,-1,-1
1105,21,2048.934,415.02808,488.60717999999997,203.63037000000003,0.6007124185562134,-1,-1,-1
1106,21,2048.5952,414.96704,488.57324000000017,203.72771999999998,0.6015365123748779,-1,-1,-1
1117,21,2040.5493,414.29822,495.07568000000015,203.35333000000003,0.6276524066925049,-1,-1,-1
1118,21,2040.5511,414.40414,492.7704000000001,203.23807,0.6228936314582825,-1,-1,-1
1119,21,2040.6088,414.4152,491.45398000000023,203.23581000000001,0.6237784028053284,-1,-1,-1
1120,21,2040.4126,414.41922,493.99047999999993,203.21982000000003,0.6255543828010559,-1,-1,-1
1121,21,2041.8844,414.56894,488.51746,203.02908000000002,0.6191846132278442,-1,-1,-1
1122,21,2041.9415,414.67786,483.26233,202.83281999999997,0.6144052743911743,-1,-1,-1
1123,21,2042.1804,414.69565,485.8503400000002,202.82119999999998,0.6137562990188599,-1,-1,-1
1124,21,2041.4156,414.39764,497.86023,203.30584999999996,0.6221613883972168,-1,-1,-1
1125,21,2041.2094,414.2893,498.1573500000002,203.35570999999993,0.6251671314239502,-1,-1,-1
1126,21,2041.911,414.52338,483.2281499999999,203.04680999999994,0.6155396103858948,-1,-1,-1
1127,21,2041.7474,414.48257,485.25818000000004,203.12094000000002,0.6177042722702026,-1,-1,-1
1128,21,2042.908,414.7612,475.44434,202.79312,0.6118761897087097,-1,-1,-1
1129,21,2042.8802,414.27338,500.5101300000001,203.65918,0.6300397515296936,-1,-1,-1
1130,21,2043.2483,414.38324,499.8235000000002,203.55932999999993,0.6360819935798645,-1,-1,-1
1131,21,2043.0737,414.62814,494.02392999999984,203.15640000000002,0.6310251951217651,-1,-1,-1
1132,21,2042.7162,414.76886,501.25818000000004,203.03765999999996,0.6363446116447449,-1,-1,-1
1133,21,2042.7749,414.72473,503.1130400000002,203.10486000000003,0.6401619911193848,-1,-1,-1
1134,21,2042.8229,414.66843,503.65833,203.17612000000003,0.6407520771026611,-1,-1,-1
1135,21,2043.3303,414.1632,498.84839999999986,203.47045999999995,0.6367093920707703,-1,-1,-1
1136,21,2041.5454,414.38358,509.30470000000014,203.32785000000007,0.6578695178031921,-1,-1,-1
1137,21,2047.7645,414.49478,494.2498800000001,202.83029,0.649535596370697,-1,-1,-1
1138,21,2048.3708,414.8813,495.2705000000001,202.78472999999997,0.6535654664039612,-1,-1,-1
1139,21,2048.3652,414.2844,498.6089000000002,203.85177999999996,0.6656833291053772,-1,-1,-1
1140,21,2048.5903,414.96024,464.5471200000002,201.66367000000002,0.680223822593689,-1,-1,-1
1140,25,1895.1099,874.5059,664.89014,431.24237000000005,0.7698354125022888,-1,-1,-1
1141,21,2047.6246,416.9724,475.03747999999996,201.27472,0.692865252494812,-1,-1,-1
1141,25,1715.8313,840.03143,829.5622599999999,441.7355299999999,0.7303598523139954,-1,-1,-1
1142,21,2047.3595,416.35748,486.0198999999998,202.59784000000002,0.6801274418830872,-1,-1,-1
1143,21,2045.5773,416.57156,488.98131999999987,202.63309000000004,0.6720089912414551,-1,-1,-1
1143,25,1354.7933,821.3373,1050.838,422.20580000000007,0.7592247724533081,-1,-1,-1
1144,21,2047.2198,413.9693,475.3509499999998,204.375,0.6805230379104614,-1,-1,-1
1144,25,1184.3429,809.55725,999.9505599999998,412.1912799999999,0.6920459866523743,-1,-1,-1
1145,21,2046.9491,413.7523,500.63609999999994,204.60257000000001,0.6784157156944275,-1,-1,-1
1145,25,1024.185,790.26013,1036.1830999999997,405.4770500000001,0.6875001192092896,-1,-1,-1
1146,21,2046.617,414.26978,496.23069999999984,203.41864000000004,0.681633710861206,-1,-1,-1
1146,25,852.1802,765.431,1003.3190999999999,404.5908199999999,0.7917342185974121,-1,-1,-1
1147,21,2044.2776,415.46066,456.71849999999995,202.19662,0.6541615128517151,-1,-1,-1
1147,25,669.89746,747.91626,990.22644,404.11609999999996,0.6341638565063477,-1,-1,-1
1148,21,2043.7671,415.51956,463.4631300000001,202.23782,0.6533093452453613,-1,-1,-1
1148,25,518.81165,717.2724,962.79175,413.71307000000013,0.8051630854606628,-1,-1,-1
1149,21,2043.2675,415.77246,476.11632999999983,201.7337,0.655231237411499,-1,-1,-1
1149,25,367.64175,689.01654,933.4618,416.86614999999995,0.7947568893432617,-1,-1,-1
1150,21,2042.991,415.5297,487.3256799999999,202.21041999999994,0.6478798389434814,-1,-1,-1
1151,21,2042.6272,415.55298,486.86670000000004,202.14263999999997,0.6415414810180664,-1,-1,-1
1151,25,33.29178,665.2423,982.3174,404.13025000000005,0.6121919751167297,-1,-1,-1
1152,21,2042.6742,415.49323,487.66028000000006,202.15302000000003,0.643606960773468,-1,-1,-1
1152,25,4.1563416,651.2323,823.8557,395.39612,0.6238480806350708,-1,-1,-1
1153,21,2041.7639,414.978,482.3669399999999,203.1058,0.612090528011322,-1,-1,-1
1154,21,2041.8164,414.97986,486.84937000000014,203.17119999999994,0.6163486838340759,-1,-1,-1
1155,21,2040.6729,414.82306,494.8998999999999,203.48969000000005,0.6131985783576965,-1,-1,-1
1156,21,2041.7507,414.62036,488.4506799999999,203.67242,0.6220484972000122,-1,-1,-1
1157,21,2042.4764,415.45883,485.67688,202.02443999999997,0.6351940035820007,-1,-1,-1
1158,21,2042.1552,415.16617,492.8599999999999,202.43649999999997,0.6347877979278564,-1,-1,-1
1159,21,2042.9116,414.9633,492.41528000000017,202.98013000000003,0.6288362741470337,-1,-1,-1
1160,21,2042.9244,414.7805,490.26671999999985,203.19724000000002,0.6111056208610535,-1,-1,-1
1161,21,2041.791,414.5304,487.17285000000015,203.30402000000004,0.6038530468940735,-1,-1,-1
1162,21,2041.811,414.3138,498.6804199999999,203.63022,0.6000454425811768,-1,-1,-1
1164,21,2042.0846,414.337,498.33141999999975,203.79196000000002,0.6000170111656189,-1,-1,-1
1208,26,1988.1134,780.49054,571.5453,429.7895000000001,0.6703450679779053,-1,-1,-1
1209,26,1927.2976,779.35345,632.7023999999999,423.3057299999999,0.6867660880088806,-1,-1,-1
1210,26,1785.0643,749.9113,774.9356699999998,453.4487999999999,0.8302154541015625,-1,-1,-1
1211,26,1647.7169,743.1778,909.53503,456.0836800000001,0.8646124005317688,-1,-1,-1
1212,26,1476.33,750.2402,1000.6549,441.08844,0.8526248931884766,-1,-1,-1
1213,26,1352.3676,725.61975,966.8854000000001,450.20142,0.8294614553451538,-1,-1,-1
1214,26,1195.929,718.3658,955.6535599999997,447.5866000000001,0.8134909272193909,-1,-1,-1
1215,26,1063.6874,697.5157,935.2527,459.35028,0.8041645288467407,-1,-1,-1
1216,26,889.0286,704.04443,952.1556999999999,440.3108000000001,0.7953808307647705,-1,-1,-1
1217,26,724.9644,684.2276,970.86334,446.86578,0.8046930432319641,-1,-1,-1
1218,26,591.0188,663.58716,938.3988999999999,454.24548000000004,0.8367043733596802,-1,-1,-1
1219,26,413.98712,654.12854,1000.1431,442.2901600000001,0.8122311234474182,-1,-1,-1
1220,26,318.4693,637.1094,922.26044,445.16625999999997,0.7979291081428528,-1,-1,-1
1221,26,153.14148,616.4836,953.0355,457.9423200000001,0.6795117855072021,-1,-1,-1
1222,26,71.18713,582.0413,885.63947,471.22124999999994,0.6323122978210449,-1,-1,-1
1321,31,2051.5828,420.57364,374.29467999999997,196.10544,0.6017908453941345,-1,-1,-1
1324,31,2051.6118,415.85114,484.8779300000001,202.39160000000004,0.6099845170974731,-1,-1,-1
1333,31,2048.539,415.4419,487.61963000000014,202.47388000000007,0.61850506067276,-1,-1,-1
1338,31,2042.6746,415.46896,496.4916999999998,203.36460000000005,0.6047108173370361,-1,-1,-1
1339,31,2043.6385,415.53192,477.6395299999999,203.08594000000005,0.6001701354980469,-1,-1,-1
1340,31,2043.9148,415.58533,460.11720000000014,202.67377,0.6043916344642639,-1,-1,-1
1343,31,2043.3661,415.99335,400.0506600000001,201.92346000000003,0.6043916344642639,-1,-1,-1
1464,34,2045.5226,416.2046,448.44152999999983,202.94543,0.6331194043159485,-1,-1,-1
1465,34,2043.4438,412.80737,411.88184,205.42498999999998,0.6382941007614136,-1,-1,-1
1466,34,2043.4786,414.15793,391.2281499999999,204.12650000000002,0.6682544946670532,-1,-1,-1
1466,35,1388.7451,812.46075,992.6599000000001,401.28583000000003,0.6843207478523254,-1,-1,-1
1467,34,2043.9346,414.5108,367.15526999999975,203.40118000000007,0.6658486723899841,-1,-1,-1
1467,35,1155.3293,791.15015,994.3468999999998,411.5964399999999,0.769456148147583,-1,-1,-1
1468,34,2045.4695,415.55237,354.5568999999998,202.80944999999997,0.7048543095588684,-1,-1,-1
1468,35,986.60583,774.9979,928.2478999999998,407.2382799999999,0.744282066822052,-1,-1,-1
1469,34,2046.839,417.06833,353.5553,201.24959999999993,0.7073675394058228,-1,-1,-1
1470,34,2047.0938,416.51053,358.2653799999998,202.05214999999998,0.6954743266105652,-1,-1,-1
1470,35,550.3108,739.6034,1043.9006,422.40599999999995,0.7757827043533325,-1,-1,-1
1471,34,2038.0404,414.8139,466.54967999999985,203.35132,0.6187096834182739,-1,-1,-1
1471,36,28.50296,706.1606,950.9614,421.831,0.7443789839744568,-1,-1,-1
1472,34,2038.0679,414.79874,465.8600999999999,203.41122000000001,0.6288754940032959,-1,-1,-1
1472,36,1.2585449,704.6055,796.27655,422.18657999999994,0.7419027090072632,-1,-1,-1
1473,34,2039.8901,415.57028,431.04955999999993,202.51846,0.6171481013298035,-1,-1,-1
1473,36,3.1111145,709.2819,646.2344,406.40010000000007,0.6724190711975098,-1,-1,-1
1474,34,2038.7472,415.57556,449.1351299999999,202.59033,0.6122564077377319,-1,-1,-1
1474,36,0.0,731.55316,401.5833,390.82306000000005,0.7088170051574707,-1,-1,-1
1475,34,2039.0278,415.76813,428.3408200000001,202.28986000000003,0.6007812023162842,-1,-1,-1
1476,34,2038.808,415.62582,424.1485600000001,202.45639000000006,0.6002559661865234,-1,-1,-1
1477,34,2038.2205,414.32755,487.2456000000002,204.39815999999996,0.6088685989379883,-1,-1,-1
1478,34,2038.2284,414.02405,486.18910000000005,204.69739000000004,0.6094650030136108,-1,-1,-1
1479,34,2038.1464,414.1806,473.4276,204.39148,0.6112649440765381,-1,-1,-1
1480,34,2038.0447,412.87537,484.4077000000002,205.92633,0.6388031244277954,-1,-1,-1
1487,34,2049.642,416.14227,332.0180700000001,201.94726999999995,0.6134054660797119,-1,-1,-1
1511,37,2038.9075,408.89526,470.1132799999998,210.05108999999993,0.6181381940841675,-1,-1,-1
1512,37,2041.9796,411.85532,482.2576999999999,206.91054999999994,0.6292023062705994,-1,-1,-1
1513,37,2045.2076,409.52637,386.39977999999996,209.42932000000002,0.6174390316009521,-1,-1,-1
1514,37,2043.6012,404.71472,405.83849999999984,214.28180000000003,0.641998291015625,-1,-1,-1
1520,37,2046.1495,409.51477,346.27576,208.86316,0.6096541881561279,-1,-1,-1
1645,42,1769.9037,416.11838,269.86914,195.36166000000003,0.7008750438690186,-1,-1,-1
1646,42,1768.7957,416.50085,271.05675999999994,195.01129000000003,0.7021840810775757,-1,-1,-1
1647,42,1765.044,415.6847,275.51025000000004,195.79809999999998,0.6985098123550415,-1,-1,-1
1648,42,1765.3424,416.0753,275.55725000000007,195.60696000000002,0.6440784335136414,-1,-1,-1
1649,42,1771.3959,417.59634,268.5180700000001,193.647,0.6934971213340759,-1,-1,-1
1650,42,1780.8004,418.68726,257.443,191.87915000000004,0.6860257387161255,-1,-1,-1
1651,42,1790.0817,419.4431,246.50353999999993,191.12975999999998,0.7805300951004028,-1,-1,-1
1652,42,1798.7579,419.01108,236.44739000000004,191.29445999999996,0.8032856583595276,-1,-1,-1
1653,42,1800.545,418.72778,234.08629999999994,191.05750000000006,0.7566302418708801,-1,-1,-1
1654,42,1797.9666,416.51465,236.77612,193.37115,0.6535934805870056,-1,-1,-1
1691,45,2052.474,420.59674,330.22778000000017,194.22223000000002,0.7001139521598816,-1,-1,-1
1692,45,2053.9795,420.18448,333.7871,196.24892999999997,0.6793251633644104,-1,-1,-1
1697,45,2054.1565,417.3748,489.8022500000002,200.92208999999997,0.6317028403282166,-1,-1,-1
1698,45,2052.866,417.42798,489.25660000000016,200.93059999999997,0.6265588402748108,-1,-1,-1
1699,45,2052.6003,416.68518,491.46435999999994,203.06096999999994,0.6405421495437622,-1,-1,-1
1700,45,2046.2036,415.77075,500.20385999999985,204.96002,0.6932482123374939,-1,-1,-1
1701,45,2040.3262,414.2271,503.80369999999994,208.26465000000002,0.6653710007667542,-1,-1,-1
1702,45,2043.7521,414.3153,505.25427000000013,206.47246999999993,0.7035925984382629,-1,-1,-1
1703,45,2043.6233,414.6521,507.17870000000016,205.28503,0.7327658534049988,-1,-1,-1
1704,45,2041.5522,413.96918,510.46533,206.39800999999994,0.710576593875885,-1,-1,-1
1705,45,2034.8834,412.38757,513.8287400000002,208.96270000000004,0.706026017665863,-1,-1,-1
1706,45,2039.822,413.74146,511.32690000000025,206.70019999999994,0.678663969039917,-1,-1,-1
1707,45,2040.3754,413.49823,510.5218500000001,206.16492,0.6385825872421265,-1,-1,-1
1708,45,2039.2968,413.3374,509.74083999999993,205.91736000000003,0.6069628596305847,-1,-1,-1
1709,45,2038.689,413.75388,511.41234999999983,205.33803999999998,0.628795862197876,-1,-1,-1
1710,45,2038.251,413.86624,512.0898399999999,205.63772999999998,0.6200405359268188,-1,-1,-1
1711,45,2038.3484,413.26315,512.6872599999999,206.41616999999997,0.6069692969322205,-1,-1,-1
1712,45,2038.0542,413.23065,514.87354,206.56054999999998,0.6074392199516296,-1,-1,-1
1713,45,2038.3138,413.4131,514.4147000000003,206.42345999999998,0.6117632389068604,-1,-1,-1
1714,45,2038.4609,413.42856,513.9513999999999,206.36886999999996,0.605331540107727,-1,-1,-1
1715,45,2038.6123,413.44528,513.4921999999999,206.37893999999994,0.6020873188972473,-1,-1,-1
1716,45,2038.5043,413.43765,513.5938999999998,206.43050999999997,0.6002527475357056,-1,-1,-1
1719,45,2038.7805,413.65707,512.0268600000002,205.84884999999997,0.6010278463363647,-1,-1,-1
1909,52,1517.8689,377.0757,391.34069999999997,255.77486999999996,0.6600956320762634,-1,-1,-1
1910,52,1527.7584,378.05084,388.2904000000001,258.34595,0.6577261686325073,-1,-1,-1
1911,52,1528.0104,377.42444,379.1141399999999,258.5328400000001,0.7739498019218445,-1,-1,-1
1912,52,1536.0577,379.37695,387.1499000000001,259.39287999999993,0.7969931364059448,-1,-1,-1
1913,52,1529.9099,380.64987,407.8479,260.84494,0.812813937664032,-1,-1,-1
1914,52,1541.6042,380.6603,437.7038600000001,264.32485999999994,0.801801860332489,-1,-1,-1
1915,52,1526.7251,380.35294,455.4589799999999,265.2194999999999,0.8188827633857727,-1,-1,-1
1916,52,1537.5894,379.23264,454.00880000000006,271.59836,0.8527077436447144,-1,-1,-1
1917,52,1541.9714,379.81323,459.0881300000001,271.22144000000003,0.8403444886207581,-1,-1,-1
1918,52,1540.5139,381.03873,483.3004000000001,274.6412,0.7978460788726807,-1,-1,-1
1919,52,1549.6658,381.44476,488.12256,275.14313000000004,0.835048496723175,-1,-1,-1
1920,52,1564.3427,385.14816,490.72986000000014,273.32069999999993,0.8349611759185791,-1,-1,-1
1921,52,1573.8705,385.7212,489.2633000000001,273.38190000000003,0.8187620639801025,-1,-1,-1
1922,52,1574.8666,394.66086,499.8560799999998,265.45932,0.7940195202827454,-1,-1,-1
1923,52,1585.6753,395.87204,508.92822,266.87466,0.7870952486991882,-1,-1,-1
1924,52,1597.6251,394.88837,510.14148,266.8053,0.7634742856025696,-1,-1,-1
1925,52,1617.8253,396.67776,507.93933000000015,270.9660999999999,0.7760980725288391,-1,-1,-1
1926,52,1632.2126,399.30725,526.03394,268.71807999999993,0.7121440768241882,-1,-1,-1
1927,52,1642.9531,401.14227,516.8042000000003,267.359,0.7585952281951904,-1,-1,-1
1928,52,1663.2258,399.14505,518.7052999999999,270.68387,0.6876222491264343,-1,-1,-1
1929,52,1680.1215,400.02524,523.6668999999999,277.0337799999999,0.7808010578155518,-1,-1,-1
1930,52,1695.5157,397.49054,559.0074500000001,279.3686,0.7460891008377075,-1,-1,-1
1931,52,1709.0621,399.38385,560.6952000000001,280.82195999999993,0.7182958722114563,-1,-1,-1
1932,52,1722.9918,396.75406,539.9415000000001,287.27835000000005,0.7762397527694702,-1,-1,-1
1933,52,1714.5181,392.78937,569.1401399999997,291.42890000000006,0.7672422528266907,-1,-1,-1
1934,52,1730.0654,407.95767,581.7822000000001,277.21024,0.674663245677948,-1,-1,-1
1935,52,1766.9381,414.82764,573.2650000000001,275.7620999999999,0.758202075958252,-1,-1,-1
1936,52,1778.4219,433.1482,609.0173299999999,258.69763,0.6173077821731567,-1,-1,-1
1937,52,1815.0833,426.57272,581.2519500000001,267.1921699999999,0.6858903765678406,-1,-1,-1
1939,52,1865.2838,438.59274,596.7450000000001,259.7773700000001,0.6002494692802429,-1,-1,-1
1940,52,1888.1348,441.90506,617.2405000000001,260.54916,0.6460127234458923,-1,-1,-1
1941,52,1919.8602,434.74854,620.2167,271.22406000000007,0.6256309747695923,-1,-1,-1
1942,52,1945.4181,423.47168,606.5294000000001,288.13824,0.7169689536094666,-1,-1,-1
1943,52,1955.1788,425.23352,600.7549999999999,287.8153,0.7463650107383728,-1,-1,-1
1944,52,1972.672,445.99014,584.7361999999998,269.61942,0.6470485329627991,-1,-1,-1
2125,56,1748.6416,735.49207,811.3584000000001,493.07410000000004,0.7631535530090332,-1,-1,-1
2126,56,1533.8632,730.9367,1020.2522999999999,483.55719999999997,0.81651371717453,-1,-1,-1
2127,56,1389.0475,721.7954,1008.1353999999999,470.43713,0.8298364877700806,-1,-1,-1
2128,56,1228.6846,714.4251,980.22363,459.29462,0.8270543217658997,-1,-1,-1
2129,56,1060.7463,687.30145,941.6565,469.0365599999999,0.7997825741767883,-1,-1,-1
2130,56,844.0824,693.95264,1004.0935,450.65723,0.7729001045227051,-1,-1,-1
2131,56,696.07086,664.998,938.8509999999999,461.21831999999995,0.6911177039146423,-1,-1,-1
2132,56,521.8791,655.1352,997.89386,451.13397,0.716942310333252,-1,-1,-1
2133,56,341.28418,628.45135,995.7721,457.03496999999993,0.7587355971336365,-1,-1,-1
2134,56,210.27031,598.02,987.2960999999999,475.59349999999995,0.6145415902137756,-1,-1,-1
2363,61,2038.5632,815.1944,521.27124,388.9936999999999,0.6914201974868774,-1,-1,-1
2364,61,1800.6732,805.8491,759.3268,379.24009999999987,0.7939989566802979,-1,-1,-1
2365,61,1559.6625,772.7243,938.1266,393.61908000000005,0.8202657103538513,-1,-1,-1
2366,61,1249.5667,755.61676,910.4472699999999,391.40594,0.8414697647094727,-1,-1,-1
2367,61,962.2743,748.38025,960.098,372.6178000000001,0.8217323422431946,-1,-1,-1
2368,61,691.87103,705.2644,923.5246,390.96082,0.8024472594261169,-1,-1,-1
2369,61,457.2173,671.3952,974.70056,408.48699999999997,0.7938745021820068,-1,-1,-1
2370,61,230.72144,649.56885,917.66833,408.01842999999997,0.7500361204147339,-1,-1,-1
2371,61,25.43274,637.61285,873.4471,389.25896999999986,0.7734655737876892,-1,-1,-1
