191,0,0.0,1141.6564,843.7054,613.2484,0.6159526109695435,-1,-1,-1
192,0,0.0,1154.2068,1026.3717,524.6319600000002,0.8233085870742798,-1,-1,-1
193,0,251.93233,1153.077,917.66,455.28296,0.8090575337409973,-1,-1,-1
194,0,610.1216,1146.512,688.2580600000001,389.1296399999999,0.8254615068435669,-1,-1,-1
195,0,771.5677,1131.607,608.753,371.4447,0.8265591263771057,-1,-1,-1
196,0,913.3003,1123.3625,546.8608400000002,341.7529299999999,0.8373445272445679,-1,-1,-1
197,0,1056.0819,1118.4119,475.6804199999999,305.02502000000004,0.834662139415741,-1,-1,-1
198,0,1157.8494,1113.4384,423.5205000000001,282.05322,0.8277154564857483,-1,-1,-1
199,0,1239.4232,1107.1249,381.03882,262.53027,0.8466577529907227,-1,-1,-1
200,0,1320.9316,1099.1078,340.72693000000004,245.79162999999994,0.848705530166626,-1,-1,-1
201,0,1379.8414,1091.6283,314.0946000000001,232.51672000000008,0.8749873042106628,-1,-1,-1
202,0,1433.1094,1086.2377,285.62256,219.6035199999999,0.8429194688796997,-1,-1,-1
203,0,1476.8262,1081.3314,265.69274999999993,209.92003999999997,0.8595343232154846,-1,-1,-1
204,0,1511.6968,1078.5474,249.59349999999995,196.4764399999999,0.8624123930931091,-1,-1,-1
205,0,1538.9401,1074.7003,239.6038799999999,188.6008300000001,0.8611578345298767,-1,-1,-1
206,0,1571.0436,1069.9142,221.11657999999989,179.70288000000005,0.8555911779403687,-1,-1,-1
207,0,1593.1741,1065.0221,209.39941,175.7423100000001,0.8537502884864807,-1,-1,-1
208,0,1614.8489,1059.0548,198.7078899999999,171.73376000000007,0.8600435256958008,-1,-1,-1
209,0,1633.3771,1055.4651,190.0177000000001,164.58130000000006,0.8537531495094299,-1,-1,-1
210,0,1649.952,1048.8917,184.92003999999997,160.63830000000007,0.8597519397735596,-1,-1,-1
211,0,1663.3792,1047.0328,181.24633999999992,154.31286999999998,0.8495003581047058,-1,-1,-1
212,0,1675.2965,1041.0286,177.25916000000007,151.96936000000005,0.8298531770706177,-1,-1,-1
213,0,1687.204,1037.4567,170.10009999999988,147.23145,0.8245541453361511,-1,-1,-1
214,0,1694.3822,1032.8518,167.32970999999998,143.55566,0.7846224904060364,-1,-1,-1
215,0,1704.291,1028.5983,165.62682999999993,140.21032999999989,0.735175371170044,-1,-1,-1
216,0,1711.0974,1022.72107,160.14526,139.87853999999993,0.6483669281005859,-1,-1,-1
601,1,1550.8508,951.59973,160.58655,127.8322750000001,0.7413144707679749,-1,-1,-1
602,1,1543.4467,952.1113,163.90258999999992,131.9919399999999,0.7946492433547974,-1,-1,-1
603,1,1532.3638,954.068,166.01526000000013,133.49268000000006,0.8408834338188171,-1,-1,-1
604,1,1525.0857,955.399,166.81639999999993,134.6285999999999,0.8192447423934937,-1,-1,-1
605,1,1512.7975,954.70044,171.00585999999998,136.04418999999996,0.8375893235206604,-1,-1,-1
606,1,1500.7869,953.61115,176.76490000000013,141.30108999999993,0.8522031307220459,-1,-1,-1
607,1,1491.1644,957.1421,177.14966000000004,141.15955000000008,0.8552753329277039,-1,-1,-1
608,1,1482.144,956.6315,179.8858600000001,143.4627700000001,0.8463326692581177,-1,-1,-1
609,1,1464.0022,956.34485,185.73486000000003,146.03455000000008,0.8507640361785889,-1,-1,-1
610,1,1451.274,956.757,186.05224999999996,149.0884400000001,0.8489897847175598,-1,-1,-1
611,1,1433.4786,957.09906,192.67273,151.5947900000001,0.8538277745246887,-1,-1,-1
612,1,1418.3533,955.83344,198.4002700000001,156.94879000000003,0.8540838956832886,-1,-1,-1
613,1,1398.1173,958.69415,206.11084000000005,158.8067000000001,0.8544604182243347,-1,-1,-1
614,1,1374.7168,956.8457,215.52087000000006,166.45592999999997,0.8382697105407715,-1,-1,-1
615,1,1348.2416,959.08813,221.22253,167.74463000000003,0.8347675204277039,-1,-1,-1
616,1,1328.4691,959.3219,223.68835000000013,167.3873299999999,0.8694639205932617,-1,-1,-1
617,1,1291.9985,956.04504,242.80762000000004,176.79687999999987,0.8646916747093201,-1,-1,-1
618,1,1261.4497,953.1717,254.01000999999997,182.36383000000012,0.8624550700187683,-1,-1,-1
619,1,1223.4481,951.5332,263.1845699999999,189.71033,0.8713667988777161,-1,-1,-1
620,1,1183.9852,948.5704,278.0462600000001,196.98943999999995,0.8666551113128662,-1,-1,-1
621,1,1136.5066,947.6988,297.2711200000001,202.77362000000005,0.867756187915802,-1,-1,-1
622,1,1087.087,946.5085,315.91858,208.55255,0.8526562452316284,-1,-1,-1
623,1,1035.5322,944.59564,326.23352,215.50506999999993,0.8678841590881348,-1,-1,-1
624,1,967.40906,938.553,361.63086,227.18908999999996,0.8682287931442261,-1,-1,-1
625,1,898.0255,933.81805,386.00389999999993,236.07513000000006,0.8511190414428711,-1,-1,-1
626,1,809.5215,925.74396,418.31128,249.56341999999995,0.8553789258003235,-1,-1,-1
627,1,721.2311,917.90405,454.12537,264.04430000000013,0.8579952120780945,-1,-1,-1
628,1,618.06696,911.67633,495.85797000000014,276.48468,0.8560335040092468,-1,-1,-1
629,1,496.89163,904.7342,537.4092,287.2267499999999,0.8602566719055176,-1,-1,-1
630,1,355.10135,887.0691,585.3241,310.02807999999993,0.8320755362510681,-1,-1,-1
631,1,204.78394,874.4572,642.0991,327.98310000000004,0.8215155005455017,-1,-1,-1
632,1,24.218445,854.74115,716.868,357.45148000000006,0.7812867164611816,-1,-1,-1
633,1,2.5735474,829.8213,625.8773,395.00708,0.7944199442863464,-1,-1,-1
634,1,0.0,812.46106,575.9361,422.7252199999999,0.6226891875267029,-1,-1,-1
638,2,1561.2048,948.677,155.40283,127.73157000000003,0.6747608780860901,-1,-1,-1
639,2,1556.0077,948.89435,156.30065999999988,129.6932999999999,0.7774630188941956,-1,-1,-1
640,2,1546.2432,950.3497,162.12707999999998,132.41388000000006,0.8339658975601196,-1,-1,-1
641,2,1534.5309,951.1668,165.0121999999999,135.88776000000007,0.855830729007721,-1,-1,-1
642,2,1524.0228,952.59894,166.92505000000006,135.54436999999996,0.8639742136001587,-1,-1,-1
643,2,1510.4364,951.48956,173.65784000000008,137.93207000000007,0.8596094250679016,-1,-1,-1
644,2,1501.0942,950.79663,177.2267999999999,141.12354000000005,0.8648061752319336,-1,-1,-1
645,2,1491.5005,953.2223,177.89062000000013,142.3522999999999,0.857699453830719,-1,-1,-1
646,2,1475.7745,954.97375,185.85388000000012,144.59180000000003,0.8628895282745361,-1,-1,-1
647,2,1459.4253,954.5508,190.10106999999994,147.57202000000007,0.8766437768936157,-1,-1,-1
648,2,1447.8442,954.9991,189.0173299999999,149.5031100000001,0.8519666790962219,-1,-1,-1
649,2,1428.0844,953.39966,202.17040999999995,155.30725000000007,0.8671596050262451,-1,-1,-1
650,2,1410.6093,954.3095,203.19702000000007,157.36822999999993,0.8864730000495911,-1,-1,-1
651,2,1386.0513,955.4289,217.42858999999999,161.42914000000007,0.8559167385101318,-1,-1,-1
652,2,1359.2804,956.11755,229.66980000000012,166.3568100000001,0.8545454740524292,-1,-1,-1
653,2,1337.4136,959.9329,234.6228000000001,165.34076000000005,0.8626177906990051,-1,-1,-1
654,2,1305.636,955.9085,247.57385,170.79559999999992,0.8791010975837708,-1,-1,-1
655,2,1273.9329,955.66327,258.63573999999994,177.6712,0.8537864089012146,-1,-1,-1
656,2,1234.4772,952.9173,276.40723,184.57281,0.8596077561378479,-1,-1,-1
657,2,1192.719,949.8203,293.97485000000006,195.85875999999996,0.859180748462677,-1,-1,-1
658,2,1148.8933,947.3044,310.0849599999999,199.52569999999992,0.8660554885864258,-1,-1,-1
659,2,1089.0188,944.978,340.8673000000001,208.47789999999998,0.8656581044197083,-1,-1,-1
660,2,1029.4087,944.8298,363.77612,214.2173499999999,0.8748100996017456,-1,-1,-1
661,2,964.4386,939.66046,391.81945999999994,225.07903999999996,0.8611227869987488,-1,-1,-1
662,2,888.45825,935.9289,419.3316699999999,232.53937000000008,0.8496103882789612,-1,-1,-1
663,2,803.16534,933.18005,455.03864,240.9763200000001,0.8568241000175476,-1,-1,-1
664,2,702.0905,923.21747,506.0402200000001,258.37699999999995,0.8383831977844238,-1,-1,-1
665,2,586.001,918.3624,557.1485599999999,263.94103999999993,0.8278047442436218,-1,-1,-1
666,2,460.2477,911.17474,609.55615,273.73212,0.8160876035690308,-1,-1,-1
667,2,304.62418,892.5412,689.3478,296.4932299999999,0.7817323207855225,-1,-1,-1
668,2,143.96713,871.4612,754.69556,322.15625,0.7823892831802368,-1,-1,-1
669,2,10.761719,848.4846,777.0756,351.0205000000001,0.7675785422325134,-1,-1,-1
670,2,3.748169,851.38,673.91064,359.86108,0.7585338354110718,-1,-1,-1
677,3,1548.796,942.72107,165.07873999999993,133.98352,0.6968445181846619,-1,-1,-1
678,3,1539.3427,944.94214,162.36328000000003,133.52722000000006,0.8039024472236633,-1,-1,-1
679,3,1532.5332,945.85913,164.80957000000012,135.39501999999993,0.8507143259048462,-1,-1,-1
680,3,1520.1171,948.46045,170.18884000000003,135.72827000000007,0.8542770743370056,-1,-1,-1
681,3,1508.4506,947.7994,172.82654000000002,137.55547999999987,0.8541037440299988,-1,-1,-1
682,3,1498.8418,947.2357,177.08923000000004,139.8394800000001,0.8572437167167664,-1,-1,-1
683,3,1487.9181,947.95264,180.4266399999999,143.22717000000011,0.8646438121795654,-1,-1,-1
684,3,1473.2388,947.0779,185.66992000000005,148.6968999999999,0.8655717372894287,-1,-1,-1
685,3,1455.3573,947.9538,192.60863999999992,149.31756999999993,0.8566935658454895,-1,-1,-1
686,3,1441.9525,946.8763,195.4891399999999,153.04901000000007,0.8629430532455444,-1,-1,-1
687,3,1428.7795,947.7816,204.2773400000001,153.02368,0.8682360649108887,-1,-1,-1
688,3,1411.4523,945.65686,205.85753999999997,159.0881300000001,0.861753523349762,-1,-1,-1
689,3,1391.1232,950.3845,218.76830999999993,158.41918999999996,0.8662384152412415,-1,-1,-1
690,3,1369.244,949.5988,226.87194999999997,166.22356999999988,0.8631147742271423,-1,-1,-1
691,3,1343.0542,951.1836,233.9874299999999,165.31310999999994,0.8545320630073547,-1,-1,-1
692,3,1312.7621,949.44977,247.70507999999995,171.80449999999996,0.8645339012145996,-1,-1,-1
693,3,1283.2191,950.95654,254.85571000000004,175.22717,0.8601200580596924,-1,-1,-1
694,3,1246.6364,948.473,276.46447999999987,180.9112500000001,0.8666107058525085,-1,-1,-1
695,3,1213.9806,944.1714,282.74658,187.83422999999993,0.8667466640472412,-1,-1,-1
696,3,1172.7578,943.3532,298.69690000000014,193.35760000000005,0.8520767092704773,-1,-1,-1
697,3,1128.7822,941.37,317.9572800000001,200.61145,0.851996123790741,-1,-1,-1
698,3,1071.8441,940.2167,348.7295999999999,206.70190000000002,0.8556187152862549,-1,-1,-1
699,3,1023.21045,938.19977,353.29492000000005,213.40424000000007,0.8680656552314758,-1,-1,-1
700,3,960.6546,933.8493,377.61017000000004,223.79888999999991,0.8731433153152466,-1,-1,-1
701,3,888.5242,930.7823,414.35242000000005,231.52472,0.842228889465332,-1,-1,-1
702,3,815.9669,921.44635,437.4145500000001,245.27301,0.8585613369941711,-1,-1,-1
703,3,723.4487,914.1246,473.83252000000005,256.95355000000006,0.8628975749015808,-1,-1,-1
704,3,621.0177,906.02203,525.04614,274.9276699999999,0.8262972235679626,-1,-1,-1
705,3,512.0488,896.65564,566.1944600000002,284.8479,0.8238421678543091,-1,-1,-1
706,3,369.37802,885.8508,640.6067,303.07874000000004,0.8244423866271973,-1,-1,-1
707,3,235.70648,872.5921,690.73584,322.70061999999996,0.7857775688171387,-1,-1,-1
708,3,56.315994,853.5203,777.61926,350.57561999999996,0.7624471187591553,-1,-1,-1
709,3,2.5030518,825.64764,725.2667,388.52814,0.7621666193008423,-1,-1,-1
710,3,1.3866043,828.9024,615.57837,390.1633999999999,0.7501571178436279,-1,-1,-1
743,4,0.0,962.4052,1080.3038,632.7151500000001,0.7478534579277039,-1,-1,-1
744,4,32.214127,968.7303,1104.3998,581.9147300000001,0.8234513998031616,-1,-1,-1
745,4,204.44164,973.47363,1005.84204,547.9980500000001,0.7949985265731812,-1,-1,-1
746,4,376.54343,983.66943,914.1157000000001,524.4360399999999,0.8095197677612305,-1,-1,-1
747,4,535.1517,992.811,818.8742000000001,464.8992300000001,0.815399706363678,-1,-1,-1
748,4,648.1656,1000.49347,756.7789,442.7416400000001,0.8242831230163574,-1,-1,-1
749,4,763.0231,1013.62775,691.0280999999999,412.21989999999994,0.8344485759735107,-1,-1,-1
750,4,841.44696,1012.62036,659.7158999999999,394.37622,0.8554724454879761,-1,-1,-1
751,4,924.5271,1017.2867,600.9204,374.49456999999995,0.8569743037223816,-1,-1,-1
752,4,992.99744,1015.53406,565.3937999999999,362.34691999999995,0.8584281802177429,-1,-1,-1
753,4,1061.7694,1019.0976,526.3318000000002,343.9614999999999,0.8417972326278687,-1,-1,-1
754,4,1123.5831,1018.05145,493.17676000000006,327.02728000000013,0.8562269806861877,-1,-1,-1
755,4,1180.7466,1020.5261,457.3142,311.22924999999987,0.8696312308311462,-1,-1,-1
756,4,1234.1274,1018.46906,430.4254000000001,301.89044,0.8589426875114441,-1,-1,-1
757,4,1268.6808,1024.533,410.44055000000003,286.8514399999999,0.8494828343391418,-1,-1,-1
758,4,1305.4263,1024.5276,389.60570000000007,275.43273999999997,0.8552374243736267,-1,-1,-1
759,4,1345.3872,1021.07587,367.39868,268.81804999999997,0.8583559393882751,-1,-1,-1
760,4,1375.6465,1025.8955,349.55627000000004,256.09058000000005,0.8405694961547852,-1,-1,-1
761,4,1409.5992,1021.05115,329.24254999999994,247.5752,0.8565234541893005,-1,-1,-1
762,4,1428.6304,1025.9414,328.8256799999999,239.99756000000002,0.8584210276603699,-1,-1,-1
763,4,1455.7217,1025.141,317.18054000000006,231.96838000000002,0.8565745949745178,-1,-1,-1
764,4,1477.0613,1023.76294,300.10986,228.92125999999996,0.8620636463165283,-1,-1,-1
765,4,1497.6791,1020.6283,290.5462600000001,223.14087000000006,0.8695257306098938,-1,-1,-1
766,4,1524.6725,1018.5938,267.55188,217.4162,0.8355216383934021,-1,-1,-1
767,4,1541.6503,1016.4728,256.5169699999999,211.96667000000002,0.8504872918128967,-1,-1,-1
768,4,1556.2386,1014.8567,251.81580000000008,209.38110000000006,0.8307154774665833,-1,-1,-1
769,4,1569.8623,1009.9293,247.11852999999996,206.81945999999994,0.8513118028640747,-1,-1,-1
770,4,1588.324,1010.8837,232.11547999999993,199.66132000000005,0.8498760461807251,-1,-1,-1
771,4,1596.1229,1009.6341,234.36339999999996,195.51299999999992,0.8442723155021667,-1,-1,-1
772,4,1609.7979,1007.31384,225.88342000000011,191.66039999999998,0.8489830493927002,-1,-1,-1
773,4,1619.7103,1007.55865,223.64624000000003,187.49664000000007,0.8544526100158691,-1,-1,-1
774,4,1628.056,1004.7305,217.64001000000007,183.3431999999999,0.8642538785934448,-1,-1,-1
775,4,1633.6725,1002.93176,213.36182000000008,180.12768999999992,0.8552300930023193,-1,-1,-1
776,4,1643.0072,1002.3289,207.80908,175.00836000000004,0.8348037600517273,-1,-1,-1
777,4,1649.1809,1000.42096,203.09082000000012,171.93463000000008,0.8324667811393738,-1,-1,-1
778,4,1654.1311,997.95435,202.58887000000004,169.9775400000001,0.8322909474372864,-1,-1,-1
779,4,1660.8077,992.5479,198.47900000000004,171.59636999999998,0.83760666847229,-1,-1,-1
780,4,1668.2899,993.7006,195.39954000000012,167.04070999999988,0.8219465613365173,-1,-1,-1
781,4,1673.8146,990.5011,192.08764999999994,165.85571000000004,0.8492949604988098,-1,-1,-1
782,4,1677.8042,989.46136,188.96423000000004,163.48846000000003,0.8520514965057373,-1,-1,-1
783,4,1682.7258,989.7442,186.46082,160.78229,0.8332707285881042,-1,-1,-1
784,4,1687.5912,988.4628,179.10277999999994,159.3364899999999,0.7879639863967896,-1,-1,-1
785,4,1690.2026,984.53094,178.9154000000001,160.43121000000008,0.7680479884147644,-1,-1,-1
786,4,1696.622,982.94275,177.71056999999996,158.09180000000003,0.746066689491272,-1,-1,-1
787,4,1696.3848,981.4373,179.78638,155.90265,0.7315475344657898,-1,-1,-1
788,4,1702.0315,981.1795,174.19287000000008,151.35674999999992,0.6189667582511902,-1,-1,-1
944,5,0.0,1244.976,1163.7146,672.9832999999999,0.7256153225898743,-1,-1,-1
945,5,22.471352,1251.4532,1279.9606,665.7449000000001,0.8302207589149475,-1,-1,-1
946,5,166.03847,1261.4667,1227.0618,650.672,0.8392263650894165,-1,-1,-1
947,5,301.70593,1290.8472,1197.746,602.43164,0.832882285118103,-1,-1,-1
948,5,442.8766,1308.2855,1154.0669,574.6393,0.816091775894165,-1,-1,-1
949,5,597.0854,1335.635,1106.0537,546.0510000000002,0.8115217685699463,-1,-1,-1
950,5,711.00006,1339.7006,1101.1353,538.3496,0.7985643148422241,-1,-1,-1
951,5,821.9324,1346.4148,1056.1012999999998,534.4385,0.8004598021507263,-1,-1,-1
952,5,948.3052,1365.2509,1013.42505,518.1298999999999,0.7947977185249329,-1,-1,-1
953,5,1076.3369,1372.6681,1002.0348999999999,512.69226,0.7906091213226318,-1,-1,-1
954,5,1178.3502,1385.6271,971.1996000000001,502.11426000000006,0.79074627161026,-1,-1,-1
955,5,1258.9993,1400.9493,989.0502999999999,499.10645,0.7866783142089844,-1,-1,-1
956,5,1331.1597,1428.1934,1011.9731399999998,481.8142,0.7804586291313171,-1,-1,-1
957,5,1444.8962,1449.2336,963.9336000000001,465.5822800000001,0.7355936169624329,-1,-1,-1
958,5,1594.3939,1462.6268,896.5423599999999,452.7837999999999,0.6219430565834045,-1,-1,-1
1007,6,1598.8763,932.6212,160.32166000000007,139.55187999999998,0.6044917106628418,-1,-1,-1
1009,6,1592.3513,932.4998,162.76306,140.35248,0.6489235162734985,-1,-1,-1
1010,6,1587.8207,932.8699,165.46753000000012,140.20410000000004,0.7153242230415344,-1,-1,-1
1011,6,1583.9276,934.4296,163.4362799999999,139.47357,0.7133011817932129,-1,-1,-1
1012,6,1580.397,931.35345,169.39269999999988,144.26605000000006,0.7956877946853638,-1,-1,-1
1013,6,1575.8807,931.46857,173.19335999999998,145.72857999999997,0.8410055041313171,-1,-1,-1
1014,6,1571.4874,931.67474,173.16064000000006,147.3119499999999,0.8435916900634766,-1,-1,-1
1015,6,1564.2477,933.3177,175.93567000000007,147.6471600000001,0.8435697555541992,-1,-1,-1
1016,6,1559.6831,932.386,178.5396699999999,151.0235600000001,0.8523584008216858,-1,-1,-1
1017,6,1553.8318,932.35333,183.12194999999997,152.89008,0.85908043384552,-1,-1,-1
1018,6,1550.2802,932.7363,178.87292000000002,154.35485999999992,0.8648073673248291,-1,-1,-1
1019,6,1543.2118,933.7552,184.7625700000001,154.71246000000008,0.8530867099761963,-1,-1,-1
1020,6,1535.9467,931.62933,189.5227,159.15704000000005,0.8612374067306519,-1,-1,-1
1021,6,1531.0458,934.6177,190.7934600000001,156.83727999999996,0.8654829859733582,-1,-1,-1
1022,6,1524.9982,934.3733,192.9595999999999,161.68590999999992,0.8760192394256592,-1,-1,-1
1023,6,1518.5596,935.76965,195.92345999999998,160.84167000000002,0.8798995614051819,-1,-1,-1
1024,6,1512.5923,938.71533,197.7542699999999,158.53491000000008,0.8775269985198975,-1,-1,-1
1025,6,1505.5212,938.20044,199.67895999999996,159.75977,0.8726672530174255,-1,-1,-1
1026,6,1492.6849,936.4154,206.3381300000001,162.92431999999997,0.8642522692680359,-1,-1,-1
1027,6,1487.1206,935.17303,209.12169999999992,165.41558999999995,0.8678045868873596,-1,-1,-1
1028,6,1477.5977,933.4332,212.04834000000005,171.30371000000002,0.8765541315078735,-1,-1,-1
1029,6,1468.2463,933.0992,215.44213999999988,172.70294,0.8767436742782593,-1,-1,-1
1030,6,1454.9569,932.5462,224.93895999999995,177.5171499999999,0.8703104853630066,-1,-1,-1
1031,6,1448.182,933.2704,225.43517999999995,178.06738000000007,0.865388035774231,-1,-1,-1
1032,6,1441.3588,932.29425,225.54540999999995,180.73212,0.8581377267837524,-1,-1,-1
1033,6,1431.343,934.6928,229.0701899999999,180.83953999999994,0.8627485632896423,-1,-1,-1
1034,6,1417.3947,934.4642,234.61303999999996,182.7855800000001,0.8630671501159668,-1,-1,-1
1035,6,1405.649,934.27765,239.30297999999993,184.9423200000001,0.8792250752449036,-1,-1,-1
1036,6,1391.0156,935.2588,245.63842999999997,185.47106999999994,0.8663768172264099,-1,-1,-1
1037,6,1375.003,934.8526,253.3205599999999,191.55779999999993,0.8723927736282349,-1,-1,-1
1038,6,1363.6278,933.85144,257.9983,196.2145999999999,0.8651683926582336,-1,-1,-1
1039,6,1354.4869,931.93726,255.1385499999999,196.85999000000004,0.8637526035308838,-1,-1,-1
1040,6,1336.8696,930.582,266.88086,202.5894199999999,0.8652327656745911,-1,-1,-1
1041,6,1314.0869,931.48804,279.93190000000004,207.77405,0.8690356016159058,-1,-1,-1
1042,6,1286.8005,931.3029,295.4547,211.1196900000001,0.8527358174324036,-1,-1,-1
1043,6,1264.825,926.91864,306.4404299999999,218.62505999999996,0.8546915650367737,-1,-1,-1
1044,6,1243.8823,926.929,314.03150000000005,222.2824099999999,0.8633161187171936,-1,-1,-1
1045,6,1216.0964,926.0046,320.89233000000013,227.14471000000003,0.8613352179527283,-1,-1,-1
1046,6,1184.0591,924.88416,340.09583,232.8601,0.879772961139679,-1,-1,-1
1047,6,1153.9673,925.025,357.66785000000004,237.16613999999993,0.8850569725036621,-1,-1,-1
1048,6,1124.4058,921.56616,376.7682,243.42004000000009,0.8873698711395264,-1,-1,-1
1049,6,1082.4902,918.94745,390.65247,249.00933999999995,0.883914053440094,-1,-1,-1
1050,6,1052.9497,914.1011,400.9277300000001,258.4714399999999,0.869053065776825,-1,-1,-1
1051,6,1009.70337,909.5379,421.5084199999999,270.0816,0.8713259696960449,-1,-1,-1
1052,6,971.8393,904.72906,430.6115000000001,280.5844000000001,0.8519237041473389,-1,-1,-1
1053,6,919.0211,901.6206,457.31262000000004,291.36633000000006,0.8391277194023132,-1,-1,-1
1054,6,880.97577,890.0987,462.93060000000014,306.5212999999999,0.8505436182022095,-1,-1,-1
1054,7,808.98865,658.48975,299.42589999999996,200.71411,0.6046180129051208,-1,-1,-1
1055,6,830.6584,884.8981,484.7664199999999,310.8581499999999,0.8541677594184875,-1,-1,-1
1056,6,762.7472,880.5882,524.9292,324.9836999999999,0.8593282699584961,-1,-1,-1
1057,6,699.02203,871.44745,558.0771000000001,334.56450000000007,0.8506810069084167,-1,-1,-1
1057,8,2286.8687,1556.855,273.1313500000001,226.03943000000004,0.6773340702056885,-1,-1,-1
1058,6,612.931,867.0685,604.1306,345.2025,0.8378491997718811,-1,-1,-1
1059,6,540.74927,854.22314,643.6809000000001,363.745,0.8530538082122803,-1,-1,-1
1059,7,856.6055,683.2483,292.4295000000001,184.46808,0.730596125125885,-1,-1,-1
1060,6,457.14066,838.2258,676.72595,387.03174,0.7948427200317383,-1,-1,-1
1060,7,859.5929,685.8238,286.92162999999994,181.96593999999993,0.6621049642562866,-1,-1,-1
1060,8,2224.048,1533.888,335.9519,254.62183000000005,0.6597712635993958,-1,-1,-1
1061,6,330.64572,827.67285,735.8197,401.62476000000004,0.8302294015884399,-1,-1,-1
1061,7,854.2671,680.65796,292.70496,187.60619999999994,0.6751500964164734,-1,-1,-1
1061,8,2205.5813,1529.6193,354.4187000000002,255.81908999999996,0.6477445363998413,-1,-1,-1
1062,6,17.84134,780.66766,864.0808,466.5594,0.7957426905632019,-1,-1,-1
1062,7,844.6348,667.8416,309.4546499999999,205.3424,0.6824162602424622,-1,-1,-1
1062,8,2199.6155,1526.4459,360.2336399999999,251.34215999999992,0.7301041483879089,-1,-1,-1
1063,6,2.3539734,769.30304,790.2904,495.1768199999999,0.7773798704147339,-1,-1,-1
1063,7,843.6082,663.0218,314.5956400000001,208.93414000000007,0.7303131818771362,-1,-1,-1
1063,8,2199.2192,1525.2877,360.7807600000001,249.6124299999999,0.6819131970405579,-1,-1,-1
1064,6,1.8647003,774.4153,699.9127,491.5514999999999,0.8064498901367188,-1,-1,-1
1064,7,844.6588,663.5246,314.1360000000001,209.15588000000002,0.6126822233200073,-1,-1,-1
1064,8,2198.1055,1525.6417,361.89453000000003,251.03759999999988,0.6646605730056763,-1,-1,-1
1065,6,2.648964,771.7697,619.5778,502.19097999999997,0.6319188475608826,-1,-1,-1
1065,7,844.7226,660.1004,315.6518000000001,213.64086999999995,0.6869908571243286,-1,-1,-1
1065,8,2197.7732,1525.7617,362.22533999999996,250.53772000000004,0.6681253910064697,-1,-1,-1
1066,7,844.84174,658.8316,315.90972999999997,215.19304999999997,0.6526686549186707,-1,-1,-1
1066,8,2199.7048,1525.1783,360.29516999999987,250.41748000000007,0.6602969169616699,-1,-1,-1
1067,8,2197.9685,1522.132,362.03150000000005,257.26746,0.632506251335144,-1,-1,-1
1071,8,2186.9077,1523.9553,373.07202000000007,246.58447,0.7484287619590759,-1,-1,-1
1073,8,2168.5574,1521.932,391.44263,249.45678999999996,0.6481220126152039,-1,-1,-1
1074,8,2162.1572,1518.1448,397.84276999999975,248.99170000000004,0.686747133731842,-1,-1,-1
1076,8,2147.5957,1499.586,412.40430000000015,268.1305,0.7230890393257141,-1,-1,-1
1077,8,2148.1597,1495.456,411.84033,271.1334199999999,0.6016843914985657,-1,-1,-1
1078,8,2134.2627,1489.9276,425.7372999999998,275.7129,0.6065921783447266,-1,-1,-1
1085,8,1927.4514,1391.8252,632.5486000000001,360.7599,0.7086707949638367,-1,-1,-1
1086,8,1952.1737,1390.9209,607.4100300000002,345.9576400000001,0.7465460896492004,-1,-1,-1
1086,9,884.9574,686.69867,283.3457000000001,191.96276999999998,0.6613397598266602,-1,-1,-1
1088,9,858.3717,675.2519,294.9780299999999,199.98766999999998,0.6886173486709595,-1,-1,-1
1089,8,1817.7023,1338.4856,593.16345,332.4489699999999,0.626875102519989,-1,-1,-1
1089,9,865.5893,682.15283,287.9562400000001,191.56848000000002,0.7294988632202148,-1,-1,-1
1090,8,1755.1449,1311.4327,593.9627699999999,337.42859999999996,0.8049362897872925,-1,-1,-1
1090,9,861.0962,679.723,288.7954,193.12134000000003,0.7611444592475891,-1,-1,-1
1091,8,1709.6224,1285.3389,561.4515400000003,339.49927,0.8260668516159058,-1,-1,-1
1091,9,866.64343,685.82916,282.79382,186.31286999999998,0.7936395406723022,-1,-1,-1
1092,8,1675.2448,1268.8655,556.16516,335.2343800000001,0.7729508280754089,-1,-1,-1
1092,9,877.03485,687.56134,268.8584599999999,180.63080000000002,0.8291792869567871,-1,-1,-1
1093,8,1591.0476,1249.3939,574.3684000000001,323.52844000000005,0.683286190032959,-1,-1,-1
1093,9,868.3243,684.14197,261.12103,182.97424,0.8278089165687561,-1,-1,-1
1094,9,864.69275,683.86145,258.4312699999999,181.84680000000003,0.8266602754592896,-1,-1,-1
1095,9,854.8416,684.14685,260.74250000000006,181.17249000000004,0.8263916969299316,-1,-1,-1
1096,9,848.8458,685.9144,256.48950000000013,177.0398,0.838045060634613,-1,-1,-1
1097,9,842.72107,685.69806,259.2728299999999,177.85888999999997,0.8313460350036621,-1,-1,-1
1097,10,1183.6761,1172.6721,748.5067000000001,316.13159999999993,0.708335280418396,-1,-1,-1
1098,9,837.9875,682.8995,251.70929,180.58593999999994,0.8350756764411926,-1,-1,-1
1099,9,836.2891,680.431,245.80438000000004,181.65070000000003,0.8159315586090088,-1,-1,-1
1099,10,1244.9297,1151.9869,619.5143,306.57349999999997,0.6188176274299622,-1,-1,-1
1100,9,828.683,684.96063,250.73644999999988,175.24475000000007,0.8235315084457397,-1,-1,-1
1101,9,821.24146,682.3393,247.88170999999988,178.77643,0.8316359519958496,-1,-1,-1
1101,10,1133.8408,1122.6339,628.2123000000001,310.1233,0.7967088222503662,-1,-1,-1
1102,9,816.39233,684.904,247.12988000000007,173.12805000000003,0.8504453301429749,-1,-1,-1
1102,10,1063.1459,1106.4541,636.8438999999998,311.35424999999987,0.7531874775886536,-1,-1,-1
1103,9,805.0175,682.335,246.44134999999994,174.39544999999998,0.8347929120063782,-1,-1,-1
1103,10,993.01996,1091.4832,638.69086,313.9193,0.7274109125137329,-1,-1,-1
1104,9,794.98236,681.33344,253.25029999999992,176.08856000000003,0.8272944092750549,-1,-1,-1
1104,10,926.0368,1077.0588,632.84515,319.80017,0.7359129786491394,-1,-1,-1
1105,9,786.257,681.3893,255.74823000000004,175.35204999999996,0.8510328531265259,-1,-1,-1
1105,10,794.0016,1056.3849,703.13086,322.04675,0.7862771153450012,-1,-1,-1
1106,9,781.8081,679.4559,248.85681,177.59002999999996,0.8381414413452148,-1,-1,-1
1106,10,729.28375,1047.508,708.8457600000002,320.92650000000003,0.7934247255325317,-1,-1,-1
1107,9,762.18353,680.40564,262.5888,175.78936999999996,0.842067539691925,-1,-1,-1
1107,10,635.7369,1035.7156,729.1607,322.6199999999999,0.7987748384475708,-1,-1,-1
1108,9,753.92426,676.22406,257.40173000000004,180.31615999999997,0.8405882716178894,-1,-1,-1
1108,10,556.8344,1020.3889,741.64825,330.84777999999994,0.7816210985183716,-1,-1,-1
1109,9,744.40576,673.25415,259.5505999999999,184.216,0.8685126304626465,-1,-1,-1
1109,10,487.41415,999.15173,731.146,348.7024000000001,0.7829501032829285,-1,-1,-1
1110,9,737.12964,674.382,257.22168,182.34344,0.8397667407989502,-1,-1,-1
1110,10,346.9039,977.74884,791.35535,365.83502,0.8014886379241943,-1,-1,-1
1111,9,721.47284,671.61237,264.19952,181.87775,0.8285855054855347,-1,-1,-1
1111,10,208.67546,958.5264,826.3112000000001,380.17706,0.8058201670646667,-1,-1,-1
1112,9,708.4452,669.10474,263.44727,182.16003,0.7959936857223511,-1,-1,-1
1112,10,126.19949,935.19104,813.0093,394.99901999999986,0.7988547682762146,-1,-1,-1
1113,9,697.0985,670.3815,268.6956799999999,183.24890000000005,0.751007080078125,-1,-1,-1
1113,10,7.916565,911.5007,830.7847,416.6311599999999,0.8130237460136414,-1,-1,-1
1114,9,677.17633,663.57587,284.04175,188.71509000000003,0.7322260141372681,-1,-1,-1
1114,10,3.6388397,915.64453,727.9102,413.51062,0.8180387616157532,-1,-1,-1
1115,9,665.29816,662.8288,282.01415999999995,188.30169999999998,0.7534378170967102,-1,-1,-1
1115,10,0.0,890.01495,614.4985,443.08452999999986,0.7411234974861145,-1,-1,-1
1116,9,658.71,661.5782,275.13915999999995,191.53961000000004,0.7727383375167847,-1,-1,-1
1117,9,641.0971,659.74664,284.12699999999995,193.34777999999994,0.7790695428848267,-1,-1,-1
1118,9,620.816,656.13367,295.0332599999999,193.54016000000001,0.7637641429901123,-1,-1,-1
1119,9,610.02124,656.81146,293.0874,191.6925,0.8411572575569153,-1,-1,-1
1120,9,596.9858,654.0817,297.49023,195.31097,0.8060131669044495,-1,-1,-1
1121,9,586.93677,654.1307,301.45720000000006,194.56055000000003,0.8345815539360046,-1,-1,-1
1122,9,572.27136,647.74445,305.42236,201.29547000000002,0.860412061214447,-1,-1,-1
1123,9,562.73694,650.1135,303.73260000000005,197.78716999999995,0.8565386533737183,-1,-1,-1
1124,9,552.7548,647.66113,297.44079999999997,200.05005000000006,0.8414034247398376,-1,-1,-1
1125,9,534.6156,643.2068,309.27031999999997,201.27423,0.8441210389137268,-1,-1,-1
1126,9,525.55255,644.9722,303.48383,198.75365999999997,0.8569443821907043,-1,-1,-1
1127,9,519.7177,646.0804,300.1643,196.55762000000004,0.8559730052947998,-1,-1,-1
1128,9,510.12012,645.0815,303.89276,198.27941999999996,0.8485926985740662,-1,-1,-1
1129,9,503.13458,642.4803,302.44354,203.27332,0.858315646648407,-1,-1,-1
1130,9,493.3841,640.9135,303.3429,204.71953999999994,0.8656569719314575,-1,-1,-1
1131,9,489.57755,636.2353,298.21732,210.07269999999994,0.8660381436347961,-1,-1,-1
1132,9,485.90475,630.27966,289.29312,217.51056000000005,0.8461238145828247,-1,-1,-1
1133,9,481.15317,629.8922,291.10098,218.63707999999997,0.855483889579773,-1,-1,-1
1134,9,474.80026,632.53986,291.18033,217.95800999999994,0.8236201405525208,-1,-1,-1
1135,9,473.85422,643.8644,275.46463,207.26104999999995,0.8324291110038757,-1,-1,-1
1136,9,466.93518,641.21704,281.66522000000003,211.03820999999994,0.8410304188728333,-1,-1,-1
1137,9,461.90094,648.1149,274.00160000000005,207.18444999999997,0.8085724711418152,-1,-1,-1
1138,9,456.70096,648.48004,263.52084,211.06934,0.8495416045188904,-1,-1,-1
1139,9,453.0924,651.8867,259.21136,212.34191999999996,0.8590084910392761,-1,-1,-1
1140,9,448.58618,655.42053,257.38397,213.62610000000006,0.8650707006454468,-1,-1,-1
1141,9,446.62833,659.7227,254.84200999999996,213.81804999999997,0.8644917011260986,-1,-1,-1
1142,9,446.7102,658.859,251.31421,216.73736999999994,0.8640894293785095,-1,-1,-1
1143,9,443.8362,659.8581,250.37888000000004,220.37749999999994,0.8634697794914246,-1,-1,-1
1144,9,441.50925,661.239,249.70321999999993,222.57232999999997,0.862551212310791,-1,-1,-1
1145,9,442.3178,665.5191,242.64538999999996,221.70745999999997,0.8647849559783936,-1,-1,-1
1146,9,443.69467,665.4092,240.66287,226.7804,0.8649594187736511,-1,-1,-1
1147,9,445.17563,666.10754,243.2258,231.31885,0.8639083504676819,-1,-1,-1
1148,9,442.78616,667.1915,244.82321000000002,233.95325000000003,0.8678762316703796,-1,-1,-1
1149,9,441.20514,672.7377,248.05414000000002,231.16376000000002,0.8690863847732544,-1,-1,-1
1150,9,441.31302,676.54755,249.22098,232.09533999999996,0.8755378723144531,-1,-1,-1
1151,9,441.50977,681.3806,250.85534999999993,231.57849,0.8699628710746765,-1,-1,-1
1152,9,445.73782,688.90424,252.49863,232.12799000000007,0.8574119210243225,-1,-1,-1
1153,9,448.00955,691.57135,255.63486,233.48450000000003,0.8598339557647705,-1,-1,-1
1154,9,451.53625,692.6387,255.34191999999996,239.79938000000004,0.8351515531539917,-1,-1,-1
1155,9,453.86847,695.4948,250.34015,237.31292999999994,0.8132866024971008,-1,-1,-1
1156,9,457.1665,700.9498,252.90502999999995,234.89471000000003,0.8450237512588501,-1,-1,-1
1157,9,456.79672,704.2567,262.98733999999996,244.91607999999997,0.7819821834564209,-1,-1,-1
1158,9,456.40182,701.4799,275.20706,256.59087999999997,0.8276691436767578,-1,-1,-1
1159,9,456.39594,703.92303,278.63556000000005,258.03436,0.8376540541648865,-1,-1,-1
1160,9,459.6868,704.7266,274.77115,267.53967,0.8332501649856567,-1,-1,-1
1161,9,461.2819,710.83905,271.68056999999993,268.02783,0.8420537114143372,-1,-1,-1
1162,9,463.15018,713.53406,274.52004999999997,281.1247599999999,0.8324145674705505,-1,-1,-1
1163,9,463.12354,716.9156,275.47827,283.75256,0.8282362818717957,-1,-1,-1
1164,9,458.25644,719.07806,279.08603000000005,291.52510000000007,0.841032087802887,-1,-1,-1
1165,9,452.27087,720.184,284.1189,297.26593,0.8476957678794861,-1,-1,-1
1166,9,444.58008,724.624,288.22705,300.51538000000005,0.8526344895362854,-1,-1,-1
1167,9,432.15598,729.9519,293.41556,309.38756999999987,0.8776902556419373,-1,-1,-1
1168,9,417.60825,737.90906,304.62442,310.64795000000004,0.8732622861862183,-1,-1,-1
1169,9,399.44464,745.23926,320.23682,313.69934,0.8685330152511597,-1,-1,-1
1170,9,371.6732,749.61224,351.30045,320.8675999999999,0.8750892281532288,-1,-1,-1
1171,9,347.34894,752.65686,372.25409999999994,328.4701,0.8664222955703735,-1,-1,-1
1172,9,311.39938,754.9603,405.61153999999993,340.69177000000013,0.8765137195587158,-1,-1,-1
1173,9,268.99124,755.44403,437.32846,352.99492999999995,0.8726209402084351,-1,-1,-1
1174,9,235.27795,763.2977,464.04156,350.51599999999996,0.8894652128219604,-1,-1,-1
1175,9,186.99707,763.9941,501.03424000000007,361.68134,0.8726164698600769,-1,-1,-1
1176,9,128.5131,768.8603,541.3227,369.7877799999999,0.8728266954421997,-1,-1,-1
1177,9,83.44879,776.1955,567.0365,371.67633,0.8602660894393921,-1,-1,-1
1178,9,14.38364,770.7722,621.0809,389.05884000000003,0.8720127940177917,-1,-1,-1
1179,9,1.4672089,767.10736,603.63904,406.47162000000003,0.8979593515396118,-1,-1,-1
1180,9,0.0,766.3244,575.7415,411.1453200000001,0.8833650946617126,-1,-1,-1
1181,9,0.9716797,765.69073,541.1102,412.46429999999987,0.8753727078437805,-1,-1,-1
1182,9,0.58612823,773.0532,499.07394,415.93323,0.8435959815979004,-1,-1,-1
1183,9,0.0,741.67236,450.69717,473.4441999999999,0.7679100632667542,-1,-1,-1
1263,11,0.42137146,1024.7615,729.55206,875.8618000000001,0.6691681742668152,-1,-1,-1
1265,11,5.513382,1031.5781,1011.2481,733.0742,0.6537197232246399,-1,-1,-1
1266,11,0.0,1067.8363,1135.7961,656.5478499999999,0.8343495726585388,-1,-1,-1
1267,11,182.02652,1075.4299,1034.8285,585.4490000000001,0.8282384872436523,-1,-1,-1
1268,11,370.43594,1078.3715,940.4717,540.76855,0.8346478343009949,-1,-1,-1
1269,11,608.7762,1083.7369,783.46405,475.48206000000005,0.8354786038398743,-1,-1,-1
1270,11,761.3661,1073.9059,708.1015599999998,446.8003000000001,0.8290432691574097,-1,-1,-1
1271,11,866.08246,1068.1122,636.18195,434.0826400000001,0.8433378338813782,-1,-1,-1
1272,11,958.1309,1066.2745,598.0186,399.0622599999999,0.8374893069267273,-1,-1,-1
1273,11,1041.1685,1064.186,550.1086400000002,376.1887199999999,0.8379531502723694,-1,-1,-1
1274,11,1113.3978,1061.044,506.1330599999999,356.2137500000001,0.8657272458076477,-1,-1,-1
1275,11,1175.3097,1057.9243,462.42346,343.15599999999995,0.8907866477966309,-1,-1,-1
1276,11,1234.0199,1057.8496,439.58655,325.41272000000004,0.8661983013153076,-1,-1,-1
1277,11,1284.3562,1059.6246,406.26746,301.15076,0.8772218227386475,-1,-1,-1
1278,11,1331.2482,1052.3365,375.7373,292.7107000000001,0.8658958673477173,-1,-1,-1
1279,11,1373.0809,1049.9758,346.25244,280.66650000000004,0.869700014591217,-1,-1,-1
1280,11,1409.0442,1049.5924,337.01109999999994,265.31017999999995,0.8633057475090027,-1,-1,-1
1281,11,1443.0879,1046.0931,320.5896,256.65662,0.8590201735496521,-1,-1,-1
1282,11,1475.9105,1044.4545,298.99377000000004,244.78699000000006,0.8714355230331421,-1,-1,-1
1283,11,1499.3038,1040.0656,285.4568999999999,239.35303,0.8759136199951172,-1,-1,-1
1284,11,1521.6901,1040.5312,268.11975000000007,228.58764999999994,0.8690199851989746,-1,-1,-1
1285,11,1542.85,1038.0303,256.45874000000003,221.47205000000008,0.861393928527832,-1,-1,-1
1286,11,1569.3848,1035.7784,238.8037099999999,212.26135,0.8680185675621033,-1,-1,-1
1287,11,1586.3849,1033.255,233.40454,206.32934999999998,0.8544870615005493,-1,-1,-1
1288,11,1599.2058,1030.7878,221.77979000000005,202.0025599999999,0.8523887395858765,-1,-1,-1
1289,11,1608.1106,1028.5768,213.8724400000001,196.90796,0.8445340394973755,-1,-1,-1
1290,11,1619.3744,1023.84485,211.15050999999994,194.51440000000002,0.8541781902313232,-1,-1,-1
1291,11,1626.5651,1023.98785,204.74707000000012,185.80730999999992,0.8521590232849121,-1,-1,-1
1292,11,1637.0348,1019.6855,200.82214,182.11029000000008,0.8652557730674744,-1,-1,-1
1293,11,1646.9092,1016.93036,196.57898,178.04962000000012,0.868503987789154,-1,-1,-1
1294,11,1652.2261,1014.2468,192.93799000000013,174.55200000000002,0.8569434881210327,-1,-1,-1
1295,11,1655.315,1014.0567,190.56238000000008,167.11847,0.8548571467399597,-1,-1,-1
1296,11,1663.4573,1010.9918,184.0203899999999,163.57239000000004,0.8491141200065613,-1,-1,-1
1297,11,1667.5311,1007.27856,180.73242000000005,161.61841000000004,0.8462470769882202,-1,-1,-1
1298,11,1672.3949,1004.7137,178.41272000000004,157.06220000000008,0.8352559208869934,-1,-1,-1
1299,11,1679.0454,1003.23975,172.56835999999998,153.34058000000005,0.8526114821434021,-1,-1,-1
1300,11,1682.6812,998.10236,170.2258300000001,153.64055999999994,0.8297343850135803,-1,-1,-1
1301,11,1685.7916,996.59607,164.83337000000006,151.07727,0.7941211462020874,-1,-1,-1
1302,11,1688.9905,993.62256,163.63707999999997,148.51123000000007,0.7599559426307678,-1,-1,-1
1303,11,1691.6134,991.7741,159.90723000000003,146.85394000000008,0.7179178595542908,-1,-1,-1
1304,11,1693.5537,988.9427,158.6468500000001,145.0568199999999,0.6240378618240356,-1,-1,-1
1370,12,1570.0775,946.57043,156.50414999999998,132.02393000000006,0.6885070204734802,-1,-1,-1
1371,12,1563.3014,948.6985,158.31603999999993,133.73156999999992,0.7860572338104248,-1,-1,-1
1372,12,1553.9044,948.83514,165.46569999999997,137.25738999999987,0.83260577917099,-1,-1,-1
1373,12,1543.2837,951.4134,166.81787000000008,139.7223499999999,0.8497505187988281,-1,-1,-1
1374,12,1533.2885,952.63654,169.76769999999988,143.37543000000005,0.855732798576355,-1,-1,-1
1375,12,1521.7156,952.899,178.13293,144.84686,0.8641447424888611,-1,-1,-1
1376,12,1504.6399,956.2916,180.84838999999988,143.83397999999988,0.8710781335830688,-1,-1,-1
1377,12,1494.4269,957.5693,186.12914999999998,147.5894199999999,0.8671539425849915,-1,-1,-1
1378,12,1480.6548,959.4507,189.15978999999993,149.77173000000005,0.8745424747467041,-1,-1,-1
1379,12,1458.8715,956.7778,199.52881000000002,157.18413999999996,0.8710646033287048,-1,-1,-1
1380,12,1442.4146,957.66736,201.51184000000012,158.81567000000007,0.8896899223327637,-1,-1,-1
1381,12,1420.1754,956.6156,211.76819,163.71826,0.872570276260376,-1,-1,-1
1382,12,1395.7577,957.18304,221.32873999999993,169.0750099999999,0.8917405605316162,-1,-1,-1
1383,12,1366.2238,956.4386,234.8284900000001,174.0667699999999,0.8713860511779785,-1,-1,-1
1384,12,1337.6698,958.58673,242.56897000000004,174.76044000000002,0.8897597789764404,-1,-1,-1
1385,12,1302.095,957.277,258.89501999999993,180.65271000000007,0.8831270933151245,-1,-1,-1
1386,12,1266.4203,954.4214,275.1052199999999,189.65539999999987,0.8651595115661621,-1,-1,-1
1387,12,1224.0974,952.92035,292.39599999999996,196.54633,0.8731979727745056,-1,-1,-1
1388,12,1170.6086,947.7112,320.50145999999995,207.16076999999996,0.8751745820045471,-1,-1,-1
1389,12,1119.8365,947.48175,334.8618200000001,212.4369499999999,0.8689307570457458,-1,-1,-1
1390,12,1061.6537,947.5541,362.4815699999999,219.48816,0.8737394213676453,-1,-1,-1
1391,12,993.3244,942.45514,388.37835999999993,230.1029699999999,0.8529455065727234,-1,-1,-1
1392,12,920.95886,938.13153,424.53819999999996,239.40801999999996,0.8578684329986572,-1,-1,-1
1393,12,845.7591,934.0625,446.18048,249.83887000000004,0.8600029349327087,-1,-1,-1
1394,12,753.1126,928.5612,482.79302999999993,263.4568499999999,0.8598801493644714,-1,-1,-1
1395,12,661.69867,928.0545,520.92804,273.41607999999997,0.8488298058509827,-1,-1,-1
1396,12,538.1408,921.468,579.216,290.0312499999999,0.821412980556488,-1,-1,-1
1397,12,408.59473,911.0022,627.28394,309.71582,0.8336872458457947,-1,-1,-1
1398,12,245.07156,901.0368,704.1676,325.12676999999996,0.8155930638313293,-1,-1,-1
1399,12,93.27774,875.3668,773.5592,360.7998,0.8086104393005371,-1,-1,-1
1400,12,4.027176,855.7655,752.20325,384.2871,0.7819720506668091,-1,-1,-1
1401,12,2.740631,852.35425,663.92725,395.8111600000001,0.8082064986228943,-1,-1,-1
1636,13,0.0,1036.7228,843.0067,639.7246,0.6911308169364929,-1,-1,-1
1637,13,0.0,1027.6654,983.86304,585.3064000000002,0.8129429817199707,-1,-1,-1
1638,13,133.1778,1054.0333,974.6047000000001,525.58997,0.8123489022254944,-1,-1,-1
1639,13,381.67743,1069.7789,839.0246,465.2254599999999,0.8300110697746277,-1,-1,-1
1640,13,655.8757,1066.1459,663.2846,403.04993000000013,0.8136144280433655,-1,-1,-1
1641,13,789.07166,1064.0581,608.8433999999999,371.37720000000013,0.8311800360679626,-1,-1,-1
1642,13,923.7399,1064.4844,540.6186,345.91589999999997,0.8447611331939697,-1,-1,-1
1643,13,1036.2832,1060.2025,494.11597000000006,321.7996800000001,0.8631827235221863,-1,-1,-1
1644,13,1137.4628,1058.9698,433.4163799999999,295.5787399999999,0.842724621295929,-1,-1,-1
1645,13,1223.1416,1059.11,383.7991999999999,273.6694299999999,0.8501198887825012,-1,-1,-1
1646,13,1285.2661,1056.0045,349.43970000000013,260.51049999999987,0.8571668863296509,-1,-1,-1
1647,13,1336.9952,1056.2427,331.68151999999986,242.1193800000001,0.8529114723205566,-1,-1,-1
1648,13,1380.2161,1049.8018,309.29285000000004,234.87524000000008,0.8559678196907043,-1,-1,-1
1649,13,1428.1735,1046.8904,284.91614000000004,221.1996999999999,0.8669021129608154,-1,-1,-1
1650,13,1462.5317,1041.8306,270.43517999999995,214.47606999999994,0.8688864707946777,-1,-1,-1
1651,13,1496.8176,1038.8055,252.3016399999999,204.79736000000003,0.8748726844787598,-1,-1,-1
1652,13,1521.2722,1035.3405,244.83582,197.1193800000001,0.8750271797180176,-1,-1,-1
1653,13,1547.879,1034.7136,228.60412999999994,190.4860799999999,0.8775665760040283,-1,-1,-1
1654,13,1570.4031,1031.0309,216.60277999999994,186.33483999999999,0.870920717716217,-1,-1,-1
1655,13,1591.6195,1029.038,204.87609999999995,176.32580000000007,0.8707633018493652,-1,-1,-1
1656,13,1608.631,1023.8499,201.84717,173.31146,0.8686895370483398,-1,-1,-1
1657,13,1622.1147,1020.0325,193.46460000000002,169.5752,0.8666651248931885,-1,-1,-1
1658,13,1633.6685,1018.2609,188.31787000000008,164.04791,0.8727113604545593,-1,-1,-1
1659,13,1641.9558,1012.67316,188.29016000000001,162.00702,0.8715079426765442,-1,-1,-1
1660,13,1648.959,1010.1193,183.64624000000003,157.1041899999999,0.8647724986076355,-1,-1,-1
1661,13,1659.231,1007.76166,179.97827000000007,153.14666999999997,0.868573009967804,-1,-1,-1
1662,13,1670.4437,1005.1355,174.55872,150.12964,0.8480417132377625,-1,-1,-1
1663,13,1677.9224,999.8095,170.02685999999994,150.75286999999992,0.8369013071060181,-1,-1,-1
1664,13,1681.3483,995.7997,166.23473999999987,149.32836999999995,0.8114423155784607,-1,-1,-1
1665,13,1689.3765,992.94226,159.52087000000006,146.84436000000005,0.6996160745620728,-1,-1,-1
1789,14,0.0,1054.7533,1033.3497,627.6302499999999,0.826001763343811,-1,-1,-1
1790,14,167.40616,1075.4176,1004.4688999999998,567.8136999999999,0.8027277588844299,-1,-1,-1
1791,14,473.04947,1083.9132,818.3423,502.53052,0.7999678254127502,-1,-1,-1
1792,14,714.3623,1077.6985,650.5359999999998,454.9375,0.7896832823753357,-1,-1,-1
1793,14,874.9333,1074.0835,579.205,416.50487999999996,0.822135865688324,-1,-1,-1
1794,14,995.2887,1074.5562,517.0994999999999,374.63147000000004,0.8322440981864929,-1,-1,-1
1795,14,1101.5493,1072.3037,471.7429199999999,341.0739699999999,0.8744496703147888,-1,-1,-1
1796,14,1188.3306,1066.8037,426.10474,321.71667,0.876825213432312,-1,-1,-1
1797,14,1268.8135,1065.3674,381.07665999999995,297.15355999999997,0.8625966310501099,-1,-1,-1
1798,14,1336.4346,1061.0692,342.2354700000001,279.63879999999995,0.8690318465232849,-1,-1,-1
1799,14,1389.3994,1055.0017,316.91406000000006,270.3061500000001,0.8643467426300049,-1,-1,-1
1800,14,1430.1075,1055.9438,296.90552,249.4891399999999,0.8827987313270569,-1,-1,-1
1801,14,1467.4447,1050.4546,278.68164,239.48082999999997,0.8613818883895874,-1,-1,-1
1802,14,1499.3539,1048.212,263.14795000000004,225.8796400000001,0.8634474873542786,-1,-1,-1
1803,14,1527.7551,1044.494,248.40941999999995,218.79296999999997,0.8561458587646484,-1,-1,-1
1804,14,1550.2882,1038.7897,239.69604000000004,213.72998000000007,0.8393306732177734,-1,-1,-1
1805,14,1574.4966,1036.7849,227.28735000000006,205.91516000000001,0.8566554188728333,-1,-1,-1
1806,14,1595.1571,1034.5138,216.59302000000002,195.43066,0.8520670533180237,-1,-1,-1
1807,14,1606.4899,1029.3556,214.09997999999996,190.81299000000013,0.8477090001106262,-1,-1,-1
1808,14,1621.5712,1022.8128,207.9602,186.37799000000007,0.8604133725166321,-1,-1,-1
1809,14,1634.33,1019.5749,204.42505000000006,179.65448000000004,0.8610320091247559,-1,-1,-1
1810,14,1645.5751,1018.3264,194.78088000000002,170.5157499999999,0.8561506867408752,-1,-1,-1
1811,14,1653.2229,1013.3476,193.47351000000003,168.1637599999999,0.8435113430023193,-1,-1,-1
1812,14,1660.412,1009.7922,188.8250700000001,164.31244000000004,0.8322030305862427,-1,-1,-1
1813,14,1670.7614,1006.5201,180.99097000000006,160.74799000000007,0.8344357013702393,-1,-1,-1
1814,14,1681.8014,1003.87054,176.27685999999994,157.30939,0.842497706413269,-1,-1,-1
1815,14,1686.5437,1001.272,171.22900000000004,153.2918699999999,0.8297067284584045,-1,-1,-1
1816,14,1690.3334,998.9134,170.1254899999999,150.15081999999995,0.8011553287506104,-1,-1,-1
1817,14,1696.3599,996.84814,167.77222000000006,147.91223000000002,0.7825596928596497,-1,-1,-1
1818,14,1700.0219,993.8374,166.53747999999996,145.6555199999999,0.760586142539978,-1,-1,-1
1819,14,1704.2651,992.0108,164.66942999999992,142.23419000000013,0.6775785684585571,-1,-1,-1
1901,15,0.16349792,453.98483,339.35797,357.36923,0.6116662621498108,-1,-1,-1
1904,15,0.0,480.23734,420.48315,354.1021999999999,0.6833052635192871,-1,-1,-1
1905,15,0.0,489.12628,434.77164,349.57428,0.698452353477478,-1,-1,-1
1906,15,0.0,495.32544,463.06982,349.5926,0.7425949573516846,-1,-1,-1
1907,15,0.0,488.17902,472.71075,360.1416,0.7434267997741699,-1,-1,-1
1909,15,0.8534622,504.89166,506.33905,362.8343,0.6128942370414734,-1,-1,-1
1910,15,0.23605347,504.64722,512.85596,361.86462,0.751428484916687,-1,-1,-1
1911,15,0.0,503.41187,532.02374,369.83795,0.7738797664642334,-1,-1,-1
1912,15,0.47737122,505.73517,545.0212,375.1643000000001,0.6632624268531799,-1,-1,-1
1913,15,1.9451141,518.175,557.29834,366.63824,0.7641929388046265,-1,-1,-1
1914,15,9.371223,517.6341,558.2838,374.90936,0.7267124652862549,-1,-1,-1
1915,15,25.702705,516.5286,548.98737,385.71106,0.7330712676048279,-1,-1,-1
1916,15,37.500076,531.39984,558.4889,384.86615000000006,0.7848103046417236,-1,-1,-1
1917,15,69.1872,540.75867,543.93494,381.9181500000001,0.7725736498832703,-1,-1,-1
1918,15,59.05716,548.0641,545.6481,382.62073,0.7762510180473328,-1,-1,-1
1919,15,50.695,546.71967,571.72614,385.96844,0.7341051697731018,-1,-1,-1
1920,15,64.36062,549.8323,566.686,392.03876,0.7167019248008728,-1,-1,-1
1927,15,131.09276,572.48956,521.5303,402.99628000000007,0.6274545192718506,-1,-1,-1
1945,16,316.33612,703.20953,577.1276,381.2437000000001,0.6199256777763367,-1,-1,-1
1947,16,378.4079,717.27155,565.31555,388.0111700000001,0.764683723449707,-1,-1,-1
1948,16,388.63974,733.36145,591.9648399999999,393.5880000000001,0.7619711756706238,-1,-1,-1
1949,16,399.9286,738.25165,609.4837600000001,403.5674399999999,0.6647167205810547,-1,-1,-1
1950,16,429.89432,745.64545,611.4134499999999,401.20600000000013,0.8522448539733887,-1,-1,-1
1951,16,458.6196,756.75903,613.3126,402.4916999999999,0.844078540802002,-1,-1,-1
1952,16,501.2155,755.3706,612.759,418.2010499999999,0.8089699149131775,-1,-1,-1
1953,16,539.3568,773.8368,604.9677999999999,409.9109000000001,0.7996271848678589,-1,-1,-1
1955,16,606.18884,795.82794,623.8259,415.1852399999999,0.7899655699729919,-1,-1,-1
1956,16,641.015,811.18024,629.25977,413.01104999999995,0.8132707476615906,-1,-1,-1
1957,16,697.5284,831.7883,608.58624,402.7129000000001,0.7819467186927795,-1,-1,-1
1958,16,737.6071,877.38434,615.2160000000001,368.6911000000001,0.8248698711395264,-1,-1,-1
1959,16,789.7357,876.0484,591.4929,381.76300000000003,0.8120341897010803,-1,-1,-1
1960,16,804.07056,882.5525,624.8379999999999,384.96630000000005,0.8047979474067688,-1,-1,-1
1961,16,802.146,923.54395,656.4748499999998,347.6794400000001,0.7322126030921936,-1,-1,-1
1962,16,894.0773,902.63257,617.15027,376.53845,0.8149663805961609,-1,-1,-1
1963,16,953.0897,906.9444,589.1282999999999,382.5136000000001,0.805141270160675,-1,-1,-1
1964,16,985.4718,934.5859,601.3435999999999,363.27264000000014,0.8373711109161377,-1,-1,-1
1965,16,1015.4968,952.96735,604.4021000000001,355.22429999999997,0.7687119245529175,-1,-1,-1
1966,16,1045.2668,960.95856,620.68787,357.32965000000013,0.7952897548675537,-1,-1,-1
1967,16,1114.5044,963.1842,570.1357399999999,359.73267,0.7758965492248535,-1,-1,-1
1968,16,1152.3748,981.48987,551.7665,341.28857000000005,0.7928167581558228,-1,-1,-1
1969,16,1197.9653,980.6004,539.1229000000001,348.45000000000005,0.8429600596427917,-1,-1,-1
1970,16,1244.9197,992.92676,512.6566,337.13622999999995,0.8264850378036499,-1,-1,-1
1971,16,1284.0731,1004.2758,485.3930700000001,327.1481299999999,0.8140596747398376,-1,-1,-1
1972,16,1321.3003,1000.16034,468.2940699999999,331.1655999999999,0.8413847088813782,-1,-1,-1
1973,16,1352.3516,1006.40607,484.7512200000001,327.222,0.8472573161125183,-1,-1,-1
1974,16,1377.1428,1008.33984,484.04114000000004,325.85413000000005,0.8349685668945312,-1,-1,-1
1975,16,1413.1053,1012.86816,463.91382,319.46849999999995,0.8343076705932617,-1,-1,-1
1976,16,1435.613,1018.3786,453.61572,311.7595799999999,0.8365998268127441,-1,-1,-1
1977,16,1520.3134,1026.1746,388.80773999999997,297.7019,0.824245035648346,-1,-1,-1
1978,16,1563.2943,1030.6802,351.13585999999987,287.6546599999999,0.820709228515625,-1,-1,-1
1979,16,1601.0226,1041.657,319.2205799999999,270.78027,0.8354060649871826,-1,-1,-1
1980,16,1613.886,1041.2983,311.05188,269.0290500000001,0.840172290802002,-1,-1,-1
1981,16,1629.4733,1047.1395,302.2927199999999,261.80053999999996,0.7103012204170227,-1,-1,-1
1983,16,1649.2133,1055.5237,274.4042999999999,250.32592999999997,0.6568399667739868,-1,-1,-1
1984,16,1660.6085,1054.9166,268.98315,248.11132999999995,0.6839626431465149,-1,-1,-1
1985,16,1662.864,1052.6826,270.6152299999999,248.43419999999992,0.7267704010009766,-1,-1,-1
1986,16,1681.1993,1057.9828,251.51855,234.4843800000001,0.7130966782569885,-1,-1,-1
1987,16,1685.1824,1056.6962,244.10645,232.12609999999995,0.7556521892547607,-1,-1,-1
1988,16,1692.9241,1053.8564,232.12000000000012,230.80260999999996,0.7797151803970337,-1,-1,-1
1989,16,1695.4208,1049.8312,235.0531000000001,228.15465999999992,0.7720572352409363,-1,-1,-1
1991,16,1711.3452,1042.5093,225.39733999999999,221.7826,0.728523850440979,-1,-1,-1
1992,16,1719.1763,1040.8007,218.1262200000001,215.27965999999992,0.733730673789978,-1,-1,-1
1993,16,1722.9492,1035.3534,214.7851599999999,212.56177000000002,0.8087321519851685,-1,-1,-1
1994,16,1726.3458,1036.7871,209.64905,206.98974999999996,0.772666871547699,-1,-1,-1
1995,16,1731.0516,1035.9817,208.85619999999994,202.24633999999992,0.7933593988418579,-1,-1,-1
1996,16,1733.6477,1036.754,203.55468999999994,194.94957999999997,0.7757499814033508,-1,-1,-1
1997,16,1736.7623,1030.2322,205.92444,194.62671,0.7209457755088806,-1,-1,-1
2020,17,1559.9417,950.9616,181.0540800000001,158.0272799999999,0.6907369494438171,-1,-1,-1
2021,17,1550.5017,952.09784,184.65575999999987,158.3229399999999,0.8270590901374817,-1,-1,-1
2022,17,1547.2169,951.63983,188.0951,161.5609700000001,0.8397715091705322,-1,-1,-1
2023,17,1542.7938,951.987,195.74341000000004,163.97637999999995,0.8326455950737,-1,-1,-1
2024,17,1537.651,952.0459,191.70044000000007,165.67773,0.8563306331634521,-1,-1,-1
2025,17,1535.4537,950.99756,190.71289000000002,170.41967999999997,0.8768705725669861,-1,-1,-1
2026,17,1525.7434,951.9586,198.68164000000002,171.53527999999994,0.8762151002883911,-1,-1,-1
2027,18,1408.3712,954.5393,240.08789000000002,197.8736600000001,0.8761404156684875,-1,-1,-1
2028,18,1382.9358,955.2565,258.68529999999987,202.21129999999994,0.8704491257667542,-1,-1,-1
2029,18,1362.0461,954.8358,268.3606,207.38880000000006,0.8706151843070984,-1,-1,-1
2030,18,1342.3816,950.9235,275.34546,211.79986999999994,0.8677290081977844,-1,-1,-1
2031,18,1317.9102,950.37823,287.08556999999996,214.44794000000002,0.8708441853523254,-1,-1,-1
2032,18,1291.6278,950.4777,298.98315,216.33612000000005,0.8801090717315674,-1,-1,-1
2033,18,1261.8962,948.9993,311.96973,222.55486999999994,0.8642129898071289,-1,-1,-1
2034,18,1230.8934,948.52856,323.89599999999996,224.8877,0.8660932183265686,-1,-1,-1
2035,18,1205.4834,947.01263,328.40112,226.08978000000002,0.8712437152862549,-1,-1,-1
2036,18,1162.731,945.6117,350.19994999999994,231.47582999999997,0.8776297569274902,-1,-1,-1
2037,18,1126.1035,940.06805,371.0354,240.43060000000003,0.8749125599861145,-1,-1,-1
2038,18,1080.351,940.18866,386.58887000000004,241.3612700000001,0.86646568775177,-1,-1,-1
2039,18,1036.5168,937.01904,403.58799999999997,251.03577000000007,0.8677298426628113,-1,-1,-1
2040,18,990.69867,934.36017,414.1266499999999,256.0901499999999,0.8682671785354614,-1,-1,-1
2041,18,930.98663,929.3791,444.2776499999999,266.1817,0.8739031553268433,-1,-1,-1
2042,18,879.5914,921.6586,463.2290599999999,278.24676999999997,0.8672894239425659,-1,-1,-1
2043,18,820.9714,913.13275,482.50165000000004,290.4224200000001,0.8761086463928223,-1,-1,-1
2044,18,750.66296,904.7226,522.5394,306.88567999999987,0.868301510810852,-1,-1,-1
2045,18,682.39655,895.9888,535.80194,319.50256,0.8581215143203735,-1,-1,-1
2046,18,593.7497,882.8364,592.9046,338.0548,0.8509528636932373,-1,-1,-1
2047,18,524.40784,876.0498,614.1708,345.99658,0.842552125453949,-1,-1,-1
2048,18,426.49384,866.562,640.908,358.9524,0.8375470042228699,-1,-1,-1
2049,18,325.04626,852.5456,683.6822,375.22466999999995,0.845228910446167,-1,-1,-1
2050,18,190.24292,834.45557,741.4136,396.19960000000003,0.8430448174476624,-1,-1,-1
2051,18,63.56636,819.0909,780.3502,419.9654999999999,0.8294187784194946,-1,-1,-1
2052,18,3.6560059,801.9263,757.4519,439.81396000000007,0.8253199458122253,-1,-1,-1
2053,18,0.9815216,781.0065,682.6211,464.39329999999995,0.8306381702423096,-1,-1,-1
2054,18,0.0,769.4995,550.9757,481.90136999999993,0.7978354692459106,-1,-1,-1
2055,18,0.103302,749.54315,391.25778,538.1567,0.6364350914955139,-1,-1,-1
2180,19,472.28534,1162.8706,763.4905400000001,459.45714999999996,0.7737575173377991,-1,-1,-1
2181,19,675.5887,1147.9686,660.5251000000001,417.14501999999993,0.7622286081314087,-1,-1,-1
2182,19,875.1594,1137.5006,528.2089999999998,387.36536,0.6913678050041199,-1,-1,-1
2183,19,997.0593,1130.097,511.44556,353.9026000000001,0.8214612603187561,-1,-1,-1
2184,19,1099.9684,1125.5693,456.74254999999994,322.5184300000001,0.8344410061836243,-1,-1,-1
2185,19,1196.658,1114.0444,412.00353999999993,304.03503,0.7641738653182983,-1,-1,-1
2186,19,1260.8466,1108.9979,391.0866699999999,290.34349999999995,0.824614405632019,-1,-1,-1
2187,19,1316.2362,1102.5874,363.8366699999999,274.5822800000001,0.8290515542030334,-1,-1,-1
2188,19,1374.7034,1098.547,332.89734,254.83826,0.8342323303222656,-1,-1,-1
2189,19,1434.7183,1091.4098,301.24268000000006,239.32702999999992,0.871938943862915,-1,-1,-1
2190,19,1482.8042,1086.5175,277.53296,228.29138000000012,0.8287976384162903,-1,-1,-1
2191,19,1513.1915,1081.1957,260.4839999999999,218.22070000000008,0.8041825890541077,-1,-1,-1
2192,19,1549.4104,1076.9379,244.01978000000008,207.65930000000003,0.8209280967712402,-1,-1,-1
2193,19,1576.0236,1071.0596,229.54711999999995,203.60132,0.8480342626571655,-1,-1,-1
2193,20,1530.9607,947.2795,176.2752700000001,143.61541999999997,0.6184039115905762,-1,-1,-1
2194,19,1598.9785,1068.2495,220.07996000000003,195.44066999999995,0.8349161744117737,-1,-1,-1
2194,20,1527.4152,948.385,173.72070000000008,144.84644000000003,0.6386701464653015,-1,-1,-1
2195,19,1620.054,1063.1755,211.9067399999999,191.6076700000001,0.8391936421394348,-1,-1,-1
2195,20,1513.2968,947.6761,180.8758499999999,148.46367999999995,0.8160649538040161,-1,-1,-1
2196,19,1628.6157,1057.2592,216.0705599999999,187.9644800000001,0.8252707123756409,-1,-1,-1
2196,20,1500.6447,947.6565,185.67603000000008,151.92163000000005,0.8343552947044373,-1,-1,-1
2197,19,1654.3005,1054.5228,199.37805000000003,180.95190000000002,0.8152938485145569,-1,-1,-1
2197,20,1485.5642,949.6447,190.79834000000005,154.24016999999992,0.8309829831123352,-1,-1,-1
2198,19,1669.5889,1048.0076,193.71582000000012,180.16467000000011,0.822100043296814,-1,-1,-1
2198,20,1468.9342,948.4714,197.6275599999999,159.04865000000007,0.8452580571174622,-1,-1,-1
2199,19,1682.9714,1046.4751,188.1317100000001,171.62475999999992,0.8333523273468018,-1,-1,-1
2199,20,1450.6996,950.0748,201.12059999999997,159.42224,0.8469617962837219,-1,-1,-1
2200,19,1688.0715,1041.5826,188.43175999999994,166.45532000000003,0.8670517802238464,-1,-1,-1
2200,20,1435.0775,950.1077,205.07202000000007,162.33025999999995,0.8638942241668701,-1,-1,-1
2201,19,1699.4438,1036.2924,182.3754899999999,160.73279000000002,0.860805869102478,-1,-1,-1
2201,20,1412.6022,950.0456,216.27258000000006,165.85028,0.8669410347938538,-1,-1,-1
2202,19,1700.9747,1033.8138,183.7402300000001,157.36768000000006,0.7996070981025696,-1,-1,-1
2202,20,1387.4225,953.8709,221.62598000000003,168.39434999999992,0.8668626546859741,-1,-1,-1
2203,19,1707.3247,1027.8607,181.3497299999999,155.96886999999992,0.7368332147598267,-1,-1,-1
2203,20,1355.3247,951.9089,236.26404000000002,176.2785,0.8599858283996582,-1,-1,-1
2204,19,1719.5833,1028.4971,168.32763999999997,147.49133000000006,0.7224342823028564,-1,-1,-1
2204,20,1331.2454,953.1702,242.04016000000001,178.25970000000007,0.8712711334228516,-1,-1,-1
2205,19,1723.8473,1022.4228,162.94103999999993,146.27252,0.6607276797294617,-1,-1,-1
2205,20,1298.4951,954.09326,253.8315399999999,179.95483000000002,0.8779841065406799,-1,-1,-1
2206,20,1259.2981,951.1729,270.15221999999994,188.4625900000001,0.8705807328224182,-1,-1,-1
2207,20,1214.9724,949.1142,289.02466000000004,195.09283000000005,0.8842827081680298,-1,-1,-1
2208,20,1168.7524,946.8382,307.94702000000007,201.1873200000001,0.8705621361732483,-1,-1,-1
2209,20,1104.9702,944.44116,333.98962000000006,209.56396000000007,0.8799020648002625,-1,-1,-1
2210,20,1047.1663,941.9255,354.53552000000013,217.41301999999996,0.8847841024398804,-1,-1,-1
2211,20,972.4103,938.37036,388.0597,223.8757300000001,0.8661459684371948,-1,-1,-1
2212,20,888.0231,934.8416,429.99390000000005,231.55730999999992,0.8637173175811768,-1,-1,-1
2213,20,793.56946,917.0459,463.34411999999986,255.6106000000001,0.8697127103805542,-1,-1,-1
2214,20,678.2225,907.75616,515.4579499999999,269.42327999999986,0.8648419380187988,-1,-1,-1
2215,20,568.32666,899.5239,558.6932399999998,281.30823,0.8522801995277405,-1,-1,-1
2216,20,426.15906,890.1013,623.3833,297.49779999999987,0.8183242082595825,-1,-1,-1
2217,20,249.90555,880.4306,699.1883500000001,308.29340000000013,0.8172970414161682,-1,-1,-1
2218,20,55.179367,851.20966,785.5612,345.10797,0.7798312902450562,-1,-1,-1
2219,20,5.2993774,826.38196,694.5225,374.70214999999996,0.768294632434845,-1,-1,-1
2220,20,0.0,823.6955,526.11316,382.52409999999986,0.7646872401237488,-1,-1,-1
