209,6,540.74884,160.28674,99.47362999999996,90.59656999999999,0.6100943088531494,-1,-1,-1
210,6,539.9566,161.77994,99.34136999999998,92.84323,0.6161573529243469,-1,-1,-1
211,6,539.74316,162.77159,99.06232,92.47107,0.6067535281181335,-1,-1,-1
212,6,539.21606,163.75693,98.65985,94.21167000000003,0.6393048763275146,-1,-1,-1
213,6,539.0588,165.96991,98.35461399999997,91.92480500000002,0.633027970790863,-1,-1,-1
214,6,538.9272,166.28053,98.74041999999997,94.84489400000001,0.6386390328407288,-1,-1,-1
215,6,537.806,168.60071,98.38860999999997,92.90969999999999,0.6484308242797852,-1,-1,-1
216,6,537.7651,170.61853,97.29467999999997,91.23067999999998,0.6811376810073853,-1,-1,-1
217,6,536.6165,173.34334,98.81011999999998,90.47606000000002,0.6596394777297974,-1,-1,-1
218,6,535.92664,175.28311,97.56805399999996,88.581085,0.6303572058677673,-1,-1,-1
219,6,533.174,175.96114,99.25049000000001,90.31351999999998,0.6805984973907471,-1,-1,-1
220,6,530.3803,177.48846,101.25365999999997,90.63384999999997,0.6489699482917786,-1,-1,-1
221,6,530.14996,177.13963,99.964294,93.44340499999998,0.6623198390007019,-1,-1,-1
222,6,524.9782,177.81007,103.73932000000002,94.48884599999997,0.6787141561508179,-1,-1,-1
223,6,521.6815,181.01125,105.49005,90.11661999999998,0.7539542317390442,-1,-1,-1
224,6,515.8933,181.01323,107.70801000000006,92.14167999999998,0.7231491208076477,-1,-1,-1
225,6,510.10068,182.70605,114.08707000000004,91.8786,0.750725507736206,-1,-1,-1
226,6,503.7698,183.28006,116.40451000000002,92.12387000000001,0.734053909778595,-1,-1,-1
227,6,495.76294,185.31615,119.52074999999996,90.04137000000003,0.6148597598075867,-1,-1,-1
661,22,1437.2789,459.69452,482.72107000000005,212.37114999999994,0.6543848514556885,-1,-1,-1
662,22,1382.8097,468.63248,537.1903,216.75998000000004,0.6984073519706726,-1,-1,-1
663,22,1330.0,476.41617,579.59375,214.97952000000004,0.6351750493049622,-1,-1,-1
671,23,984.50336,494.96027,525.8714999999999,212.86218000000002,0.6809259057044983,-1,-1,-1
672,23,924.3007,494.93143,519.2226,211.65549,0.6821727156639099,-1,-1,-1
673,23,857.1635,493.96188,517.69464,211.84823999999998,0.6267358660697937,-1,-1,-1
674,23,836.6773,488.70767,474.17510000000004,214.07114,0.6986562013626099,-1,-1,-1
675,23,761.3333,484.79642,497.88519999999994,215.27535999999998,0.8109230399131775,-1,-1,-1
676,23,699.4434,481.37854,500.09674000000007,213.09674,0.8460088968276978,-1,-1,-1
677,23,668.1936,477.0908,453.187,210.68203999999997,0.8361573219299316,-1,-1,-1
678,23,647.7303,475.67166,415.26239999999996,207.35933999999997,0.840155839920044,-1,-1,-1
679,23,624.64435,472.15384,396.45012999999994,207.77023000000003,0.8710650205612183,-1,-1,-1
680,23,611.2524,467.09976,377.61438,206.79288000000003,0.8684649467468262,-1,-1,-1
681,23,607.1935,466.5605,347.88982999999996,202.12518000000006,0.8788354992866516,-1,-1,-1
682,23,593.71796,460.59985,327.64752,202.40771,0.8870392441749573,-1,-1,-1
683,23,584.5269,458.12686,315.27740000000006,198.33963,0.8908010721206665,-1,-1,-1
684,23,575.4841,454.52588,298.58105,196.2425,0.8712739944458008,-1,-1,-1
685,23,567.02454,450.95612,285.28192,193.67455999999999,0.8864059448242188,-1,-1,-1
686,23,564.1898,446.15726,262.93726000000004,192.21865999999994,0.8886075615882874,-1,-1,-1
687,23,561.63586,445.19513,251.38629000000003,189.28606999999994,0.8936453461647034,-1,-1,-1
688,23,551.97534,437.64774,244.32152999999994,190.25527999999997,0.8985193371772766,-1,-1,-1
689,23,549.62305,435.73904,234.20434999999998,182.38870000000003,0.8993815183639526,-1,-1,-1
690,23,548.5249,433.91962,227.22040000000004,180.23736999999994,0.9048932194709778,-1,-1,-1
691,23,548.44025,431.50394,219.44812000000002,177.3154,0.8952256441116333,-1,-1,-1
692,23,546.91724,426.06165,214.11255000000006,175.43957999999998,0.8936701416969299,-1,-1,-1
693,23,545.62415,423.77374,207.68329000000006,172.44872999999995,0.8894237279891968,-1,-1,-1
694,23,544.85596,421.027,206.7414,169.62155,0.890418529510498,-1,-1,-1
695,23,544.1891,416.22098,205.42920000000004,169.88040000000007,0.8931166529655457,-1,-1,-1
696,23,545.9003,412.17065,199.51995999999997,169.00494000000003,0.9006684422492981,-1,-1,-1
697,23,547.2396,407.39056,193.64728000000002,166.16748,0.9036185145378113,-1,-1,-1
698,23,547.72485,405.37524,189.74426000000005,161.82971000000003,0.8950933218002319,-1,-1,-1
699,23,546.7914,402.6825,189.66241000000002,160.30115,0.8955824375152588,-1,-1,-1
700,23,546.7629,400.1122,186.87787000000003,157.58589999999998,0.8953664898872375,-1,-1,-1
701,23,543.4238,395.43353,187.06464000000005,156.96056999999996,0.8947760462760925,-1,-1,-1
702,23,543.32446,391.21735,185.90930000000003,155.86395000000005,0.9007983207702637,-1,-1,-1
703,23,543.0437,388.62674,181.46838000000002,153.53622000000001,0.899482011795044,-1,-1,-1
704,23,543.21,383.3202,178.24712999999997,154.75213999999994,0.8924250602722168,-1,-1,-1
705,23,542.9949,378.81497,177.33100000000002,153.93459999999993,0.8940024375915527,-1,-1,-1
706,23,545.05676,377.1687,171.57074,151.33472,0.8959034085273743,-1,-1,-1
707,23,547.20886,375.36786,167.78661999999997,147.62006000000002,0.8945984244346619,-1,-1,-1
708,23,548.0903,373.4746,166.03338999999994,144.66425000000004,0.8925828337669373,-1,-1,-1
709,23,549.3618,370.20102,163.00116000000003,139.88846,0.8961157202720642,-1,-1,-1
710,23,550.2192,366.432,159.25854000000004,140.10287,0.8946543335914612,-1,-1,-1
711,23,551.6011,363.18323,157.75189,140.47794,0.9063913822174072,-1,-1,-1
712,23,552.3043,360.2166,157.01977999999997,139.70890000000003,0.9081427454948425,-1,-1,-1
713,23,553.25824,357.43097,155.62316999999996,137.59177,0.8985869884490967,-1,-1,-1
714,23,554.4905,354.0117,155.49041999999997,136.81198,0.8972240686416626,-1,-1,-1
715,23,554.831,352.72675,154.61437999999998,135.40121,0.8961066007614136,-1,-1,-1
716,23,555.7322,350.63568,153.79163000000005,135.19644,0.8941450715065002,-1,-1,-1
717,23,556.3677,347.84235,151.85645,132.45038,0.9054743647575378,-1,-1,-1
718,23,558.1702,347.16565,147.30066,131.09598,0.8974224328994751,-1,-1,-1
719,23,557.4305,345.85315,146.62029999999993,128.95923,0.8843063712120056,-1,-1,-1
720,23,559.5329,345.1293,143.5747,124.51663000000002,0.8979053497314453,-1,-1,-1
721,23,559.96124,339.52725,145.31079,126.06270999999998,0.8969072699546814,-1,-1,-1
722,23,560.9628,337.54117,143.62769000000003,124.72137500000002,0.8904981017112732,-1,-1,-1
723,23,562.01575,335.78845,142.69408999999996,124.23550399999999,0.8808528184890747,-1,-1,-1
724,23,561.8139,332.52512,142.94561999999996,124.05950999999999,0.8813795447349548,-1,-1,-1
725,23,562.2602,330.75717,141.72455000000002,122.63103999999998,0.8799653053283691,-1,-1,-1
726,23,562.1,326.95087,141.38629000000003,121.25873000000001,0.8866530060768127,-1,-1,-1
727,23,563.0635,326.18463,141.55358999999999,120.50510000000003,0.8932667970657349,-1,-1,-1
728,23,563.71063,325.33475,137.74541999999997,120.005585,0.8859694004058838,-1,-1,-1
729,23,565.7181,324.45367,133.27685999999994,116.82436999999999,0.8885918855667114,-1,-1,-1
730,23,566.9489,323.0822,130.7763,115.00119000000001,0.8890120387077332,-1,-1,-1
731,23,566.22894,321.75623,132.03223000000003,114.14010999999999,0.8853120803833008,-1,-1,-1
732,23,568.0911,319.97845,129.71442000000002,113.53280999999998,0.8853990435600281,-1,-1,-1
733,23,568.96277,317.31827,127.867615,112.6062,0.8732052445411682,-1,-1,-1
734,23,569.1372,317.48032,126.64202999999998,109.66665999999998,0.8796266317367554,-1,-1,-1
735,23,569.04486,314.08405,126.25396999999998,109.82272,0.8728427290916443,-1,-1,-1
736,23,568.7595,312.24603,125.96123999999998,110.45468,0.8725617527961731,-1,-1,-1
737,23,569.3636,311.4434,124.21509000000003,109.82922000000002,0.8712126612663269,-1,-1,-1
738,23,569.2122,308.53574,124.21587999999997,110.34631000000002,0.8697111010551453,-1,-1,-1
739,23,569.61566,306.92624,122.97949000000006,110.84258999999997,0.8758814334869385,-1,-1,-1
740,23,569.836,303.65173,122.70947000000001,110.98892000000001,0.8913483023643494,-1,-1,-1
741,23,570.5904,302.2436,121.90954599999998,111.51672000000002,0.8774216175079346,-1,-1,-1
742,23,570.8616,301.8329,122.39855999999997,109.62823500000002,0.8679937124252319,-1,-1,-1
743,23,571.67865,300.07663,121.33838000000003,111.11624,0.8707335591316223,-1,-1,-1
744,23,571.6871,298.8855,120.27350000000001,109.23104999999998,0.8752357959747314,-1,-1,-1
745,23,571.90936,297.49496,119.53112999999996,109.55856,0.882226288318634,-1,-1,-1
746,23,572.66565,297.02893,117.28979500000003,108.51910400000003,0.8771701455116272,-1,-1,-1
747,23,572.7113,296.82916,116.06805399999996,107.47500600000001,0.8739036321640015,-1,-1,-1
748,23,572.85834,295.1421,115.98254399999996,108.44888000000003,0.8866859078407288,-1,-1,-1
749,23,573.20685,292.411,115.15570000000002,107.486786,0.8891832232475281,-1,-1,-1
750,23,572.719,292.4556,115.76831000000004,106.55569500000001,0.881543755531311,-1,-1,-1
751,23,573.393,290.1484,115.355774,105.81856999999997,0.8866602182388306,-1,-1,-1
752,23,574.7087,288.9074,113.99176,105.64944500000001,0.89230877161026,-1,-1,-1
753,23,575.7448,287.42798,114.47113000000002,104.92757999999998,0.8881507515907288,-1,-1,-1
754,23,576.1814,285.95938,114.77599999999995,105.47296,0.8832271695137024,-1,-1,-1
755,23,577.1673,284.24698,114.236084,106.61025999999998,0.8800156116485596,-1,-1,-1
756,23,577.36285,281.48276,113.655396,107.22989000000001,0.8661479353904724,-1,-1,-1
757,23,578.6543,282.9703,112.12085000000002,104.74011000000002,0.8711345195770264,-1,-1,-1
758,23,576.95374,279.3503,116.68877999999995,107.70767000000001,0.8643914461135864,-1,-1,-1
759,23,576.0523,278.1284,116.80640000000005,107.12252999999998,0.862234354019165,-1,-1,-1
760,23,573.2959,277.86328,118.51611000000003,105.54291,0.8490738272666931,-1,-1,-1
761,23,569.99884,277.02936,120.47808999999995,106.05875000000003,0.8479121923446655,-1,-1,-1
762,23,566.8195,277.04102,119.54169000000002,104.79880000000003,0.8512692451477051,-1,-1,-1
763,23,561.86725,276.18146,121.00751000000002,104.64007600000002,0.8542994260787964,-1,-1,-1
764,23,552.2518,273.75717,125.23681999999997,105.30108999999999,0.8347810506820679,-1,-1,-1
765,23,545.8722,273.86386,123.887024,103.86233499999997,0.8196811676025391,-1,-1,-1
766,23,531.3335,272.12915,133.21398999999997,104.99576000000002,0.8165192008018494,-1,-1,-1
767,23,525.80634,270.84412,132.18726000000004,105.771545,0.7583531141281128,-1,-1,-1
768,23,506.05795,271.05698,144.23763999999994,104.62955,0.8263435363769531,-1,-1,-1
769,23,497.30963,274.50232,139.62877999999995,98.51114000000001,0.7214778065681458,-1,-1,-1
770,23,498.8571,273.66266,130.99593999999996,98.83828999999997,0.6984961628913879,-1,-1,-1
771,23,473.9554,270.3742,144.80850000000004,102.70682,0.6294415593147278,-1,-1,-1
885,29,466.07767,307.5742,123.23135000000002,105.40314000000001,0.693052351474762,-1,-1,-1
886,29,469.05655,308.18884,123.71120999999994,105.95172000000002,0.7283852100372314,-1,-1,-1
887,29,469.10266,309.3728,124.48492399999998,106.82263,0.8248137831687927,-1,-1,-1
888,29,471.71896,309.57242,125.29452499999996,108.10219999999998,0.8026655316352844,-1,-1,-1
889,29,472.52896,310.64273,128.07150000000001,109.99316399999998,0.8265531659126282,-1,-1,-1
890,29,473.03275,310.38235,130.18076000000002,111.43249500000002,0.8154096007347107,-1,-1,-1
891,29,473.87244,310.25027,129.74559999999997,114.40967,0.8325625658035278,-1,-1,-1
892,29,475.7053,312.65485,132.04355000000004,113.35672,0.8522573709487915,-1,-1,-1
893,29,477.32074,314.03845,131.88135,115.99325599999997,0.8727208971977234,-1,-1,-1
894,29,479.67487,314.08762,132.71643,118.37790000000001,0.8734972476959229,-1,-1,-1
895,29,481.1825,314.95288,134.49292000000003,119.10885999999999,0.8773268461227417,-1,-1,-1
896,29,483.3784,316.9295,134.04202000000004,119.03836000000001,0.8864154815673828,-1,-1,-1
897,29,484.71964,318.3614,136.05057,121.40512000000001,0.8883482813835144,-1,-1,-1
898,29,486.01556,319.3566,135.86151,123.73056000000003,0.8895418047904968,-1,-1,-1
899,29,485.82672,321.40073,138.57854999999995,123.599335,0.9033300280570984,-1,-1,-1
900,29,486.4233,324.01904,139.84110000000004,124.29958999999997,0.8961800932884216,-1,-1,-1
901,29,489.42786,327.74985,137.73375999999996,123.66421500000001,0.8950818777084351,-1,-1,-1
902,29,489.80847,330.2462,139.62378000000007,123.27945,0.8910669684410095,-1,-1,-1
903,29,490.24884,331.44836,140.60120000000006,124.31624999999997,0.8916389346122742,-1,-1,-1
904,29,489.47705,334.92532,144.80139000000003,124.43567000000002,0.8926520943641663,-1,-1,-1
905,29,490.99976,336.44565,143.38074,126.83301,0.8921492099761963,-1,-1,-1
906,29,490.70236,338.29745,145.69510000000002,127.42380000000003,0.8942529559135437,-1,-1,-1
907,29,491.81714,339.79657,145.45258,128.32925,0.8935983180999756,-1,-1,-1
908,29,492.5724,342.14526,145.37158,130.15903000000003,0.8941153287887573,-1,-1,-1
909,29,493.26163,344.2245,147.14352000000002,130.29599000000002,0.9130301475524902,-1,-1,-1
910,29,494.65973,345.0599,146.67139000000003,131.34863,0.8973560333251953,-1,-1,-1
911,29,493.66296,347.32416,148.0014,132.85458,0.9001273512840271,-1,-1,-1
912,29,492.41772,348.18515,153.20684999999997,136.70974999999999,0.9041734337806702,-1,-1,-1
913,29,491.6449,351.4864,155.69525,138.49728,0.897747278213501,-1,-1,-1
914,29,491.34634,354.95218,155.60531999999995,138.59889999999996,0.9017077684402466,-1,-1,-1
915,29,491.77536,355.86642,153.60109999999997,138.03955000000002,0.9025095701217651,-1,-1,-1
916,29,488.63568,359.0487,156.40661999999998,139.20871,0.8977190256118774,-1,-1,-1
917,29,486.7308,362.01083,160.29086,140.24291999999997,0.9119470715522766,-1,-1,-1
918,29,484.85776,364.04227,164.05971999999997,142.1402,0.9203148484230042,-1,-1,-1
919,29,482.8713,368.04175,164.42733999999996,140.16586,0.896462082862854,-1,-1,-1
920,29,476.26813,370.32574,168.06365999999997,142.93262000000004,0.9033759236335754,-1,-1,-1
921,29,466.47455,373.84726,174.67389000000003,148.38638000000003,0.9041907787322998,-1,-1,-1
922,29,460.3237,375.20242,178.91713999999996,149.96554999999995,0.9027392864227295,-1,-1,-1
923,29,455.84586,377.54416,181.31912,151.77335,0.90184485912323,-1,-1,-1
924,29,445.37308,380.62167,188.07198999999997,154.74179000000004,0.9005366563796997,-1,-1,-1
925,29,440.22757,382.50912,191.50533999999993,155.18038999999993,0.9059496521949768,-1,-1,-1
926,29,428.21323,388.60706,196.86539,155.80878,0.8935602903366089,-1,-1,-1
927,29,421.06204,388.8748,197.30722000000003,159.4368,0.9007085561752319,-1,-1,-1
928,29,409.31113,391.73846,204.20975000000004,161.31212999999997,0.8948121666908264,-1,-1,-1
929,29,399.9254,396.54233,206.90691999999996,160.31686000000002,0.8993446230888367,-1,-1,-1
930,29,382.25983,400.61676,212.30376999999993,160.95154000000002,0.9070846438407898,-1,-1,-1
931,29,371.37662,403.84854,215.60457999999994,163.24344000000002,0.9120665192604065,-1,-1,-1
932,29,363.1047,405.21155,217.77663999999993,165.47564999999997,0.8993381261825562,-1,-1,-1
933,29,348.7068,408.39,220.55396000000002,169.15771000000007,0.8983325958251953,-1,-1,-1
934,29,334.36334,411.12387,227.46338000000003,172.84560999999997,0.8966748118400574,-1,-1,-1
935,29,325.6822,414.00684,228.49981999999994,175.16710999999998,0.8942949175834656,-1,-1,-1
936,29,313.27255,417.821,229.49783000000002,176.16245000000004,0.8925846815109253,-1,-1,-1
937,29,291.51248,424.61383,241.90688999999998,177.56433000000004,0.8864461183547974,-1,-1,-1
938,29,278.77972,428.44806,245.54607999999996,179.53740999999997,0.8411747813224792,-1,-1,-1
939,29,273.99902,435.11707,242.58460000000002,177.2622,0.7990952730178833,-1,-1,-1
940,29,260.3737,436.79437,247.17776000000003,181.02954000000005,0.7760822772979736,-1,-1,-1
941,29,254.80223,438.7525,241.48680000000002,183.17523,0.7044767737388611,-1,-1,-1
949,29,184.43486,466.4823,256.1410000000001,202.71929999999998,0.7244439721107483,-1,-1,-1
953,34,836.3159,720.42065,432.8731700000001,351.73486,0.8409749865531921,-1,-1,-1
954,34,849.6362,707.1368,405.5577400000001,342.7756999999999,0.8703261613845825,-1,-1,-1
955,34,850.9519,693.12915,399.1104700000001,336.72217,0.8814055323600769,-1,-1,-1
956,34,850.2928,682.1962,406.94366,328.70508000000007,0.8780244588851929,-1,-1,-1
957,34,859.7356,664.69104,419.3307,324.58540000000005,0.8876602053642273,-1,-1,-1
958,34,873.4404,655.2825,436.62146000000007,311.65923999999995,0.868886411190033,-1,-1,-1
959,34,893.021,636.2251,439.47900000000004,315.10046,0.8705435991287231,-1,-1,-1
960,34,913.9905,624.7138,466.18737999999996,302.4035,0.8759278059005737,-1,-1,-1
961,34,955.06104,619.38776,471.13257,285.52893000000006,0.8663560748100281,-1,-1,-1
962,34,1015.0877,612.4659,469.0421799999999,269.18584999999996,0.8831735849380493,-1,-1,-1
963,34,1027.3779,604.8225,501.83764999999994,266.2801999999999,0.8751508593559265,-1,-1,-1
964,34,1059.8402,596.1289,536.1671000000001,260.68860000000006,0.8430258631706238,-1,-1,-1
965,34,1127.7795,583.3133,547.9565400000001,258.21826,0.8606794476509094,-1,-1,-1
966,34,1201.3462,564.9807,552.3339999999998,258.1193999999999,0.8367601037025452,-1,-1,-1
967,34,1264.7703,550.5101,555.6239,257.66239999999993,0.850278913974762,-1,-1,-1
968,34,1341.6505,541.5026,560.7522999999999,244.42420000000004,0.8259328007698059,-1,-1,-1
969,34,1431.6267,524.6648,488.3733,242.54236000000003,0.7914807796478271,-1,-1,-1
1114,37,248.15135,551.58496,670.76154,265.81964000000005,0.7061150074005127,-1,-1,-1
1115,37,283.51385,551.26404,685.0209,266.8322800000001,0.7711591124534607,-1,-1,-1
1116,37,355.88904,553.5129,621.6771,265.27106000000003,0.7345064282417297,-1,-1,-1
1117,37,424.64468,550.85944,702.0269999999999,275.19208000000003,0.7429791688919067,-1,-1,-1
1118,37,555.27563,560.97906,645.2356000000001,263.41467,0.6786504983901978,-1,-1,-1
1119,37,617.4386,562.61285,651.5201400000001,263.3733,0.8043081164360046,-1,-1,-1
1120,37,687.81775,559.9184,650.5014600000001,270.66625999999997,0.7251853346824646,-1,-1,-1
1121,37,781.1891,561.294,666.9070999999999,267.0543799999999,0.6426131725311279,-1,-1,-1
1123,37,982.57294,563.0223,620.983,266.62653,0.7924467921257019,-1,-1,-1
1125,37,1159.3469,551.60187,691.8236000000002,263.56885,0.7158339619636536,-1,-1,-1
1126,37,1280.2294,539.9805,616.8067600000002,258.8683,0.8039389848709106,-1,-1,-1
1127,37,1332.7079,530.8521,585.71643,256.43279999999993,0.7312172055244446,-1,-1,-1
1128,37,1459.6094,505.60394,460.3906199999999,267.2192999999999,0.6532572507858276,-1,-1,-1
1533,47,534.2601,254.02782,114.07836999999995,104.96452000000002,0.6055301427841187,-1,-1,-1
1534,47,532.4944,258.10443,114.18933000000004,102.8501,0.6605695486068726,-1,-1,-1
1535,47,530.8367,259.06033,118.09869400000002,103.82650999999998,0.6458559632301331,-1,-1,-1
1536,47,531.1079,261.25674,116.26598999999999,105.14078,0.693986177444458,-1,-1,-1
1537,47,529.96924,264.48474,113.33654999999999,104.39987000000002,0.6840767860412598,-1,-1,-1
1538,47,528.78546,265.49228,114.47478999999998,106.563354,0.720669686794281,-1,-1,-1
1539,47,528.54474,267.2312,115.25458000000003,106.64789000000002,0.6819271445274353,-1,-1,-1
1540,47,527.2806,268.65628,116.17760999999996,107.63122600000003,0.7418226599693298,-1,-1,-1
1541,47,527.1557,272.763,116.90868999999998,107.44873000000001,0.7849943041801453,-1,-1,-1
1542,47,525.8923,271.47205,118.13287000000003,112.39676000000003,0.7246780395507812,-1,-1,-1
1543,47,525.14246,273.90005,120.34124999999995,111.28667999999999,0.819412112236023,-1,-1,-1
1544,47,523.3498,276.01785,120.55102499999998,112.50024400000001,0.8059231042861938,-1,-1,-1
1545,47,521.7623,279.5173,122.59502999999995,111.15002400000003,0.8358785510063171,-1,-1,-1
1546,47,518.52423,279.64032,126.75396999999998,114.01953000000003,0.8171919584274292,-1,-1,-1
1547,47,516.7506,281.76263,128.70025999999996,115.219086,0.84214848279953,-1,-1,-1
1548,47,515.85706,282.55234,129.01153999999997,116.71179000000001,0.8316324353218079,-1,-1,-1
1549,47,514.3939,284.30643,132.38354000000004,118.39999399999999,0.8354268074035645,-1,-1,-1
1550,47,513.6938,286.31543,130.02202999999997,118.87909000000002,0.8228205442428589,-1,-1,-1
1551,47,513.71747,287.31897,131.66301999999996,119.67043999999999,0.8467569947242737,-1,-1,-1
1552,47,511.09152,288.6217,134.78731999999997,122.17255,0.8663526773452759,-1,-1,-1
1553,47,511.37955,291.66467,133.42917,121.95288,0.8757038712501526,-1,-1,-1
1554,47,511.30524,294.43524,133.33765000000005,121.92608999999999,0.8796939849853516,-1,-1,-1
1555,47,509.2013,294.39056,136.66626000000002,124.532715,0.878146231174469,-1,-1,-1
1556,47,508.13046,294.7508,138.78476000000006,126.75716999999997,0.8868476152420044,-1,-1,-1
1557,47,507.4638,297.47238,139.85766999999998,126.29910000000001,0.8762034773826599,-1,-1,-1
1558,47,506.77625,298.33264,139.72424,129.42672999999996,0.8736260533332825,-1,-1,-1
1559,47,505.10452,300.75763,143.60983,130.03098,0.8817324638366699,-1,-1,-1
1560,47,505.0151,301.80466,144.95065000000005,132.36545,0.8867377042770386,-1,-1,-1
1561,47,502.86285,302.71005,149.35846000000004,135.17309999999998,0.8868538737297058,-1,-1,-1
1562,47,503.1277,306.021,148.4823,134.76619999999997,0.8921435475349426,-1,-1,-1
1563,47,499.98892,309.22955,153.71384,136.52548000000002,0.8882978558540344,-1,-1,-1
1564,47,500.3488,311.27744,152.9158,137.79877,0.8905505537986755,-1,-1,-1
1565,47,499.05038,313.1653,154.50576999999998,139.288,0.8920213580131531,-1,-1,-1
1566,47,498.9999,316.04282,153.88480000000004,140.2009,0.887171745300293,-1,-1,-1
1567,47,496.95676,317.5586,156.94211,141.62372,0.8835891485214233,-1,-1,-1
1568,47,493.09235,318.23083,162.38733000000002,146.75162,0.8938285708427429,-1,-1,-1
1569,47,491.73224,321.36966,164.42505,147.52805,0.8954548239707947,-1,-1,-1
1570,47,491.28848,325.1831,163.61606,148.31119,0.898264467716217,-1,-1,-1
1571,47,487.9391,327.49683,169.22374999999994,149.63830000000002,0.8974581956863403,-1,-1,-1
1572,47,485.6878,330.49335,171.969,151.89542,0.8929561972618103,-1,-1,-1
1573,47,484.4927,335.58984,168.92258000000004,148.0014,0.8954042196273804,-1,-1,-1
1574,47,482.8135,339.40622,170.53035999999997,150.24404999999996,0.9091964364051819,-1,-1,-1
1575,47,480.9516,339.99313,172.44739000000004,153.86156999999997,0.909589946269989,-1,-1,-1
1576,47,477.34412,342.0419,174.67620999999997,157.1211,0.884879469871521,-1,-1,-1
1577,47,473.9117,344.51923,179.21835,161.70894999999996,0.8911834955215454,-1,-1,-1
1578,47,470.00812,348.3984,183.4328,162.58117999999996,0.9031143188476562,-1,-1,-1
1579,47,466.47012,350.5517,185.31802,164.95172000000002,0.8999212384223938,-1,-1,-1
1580,47,463.01352,351.23215,189.46024000000006,168.37479000000002,0.904720664024353,-1,-1,-1
1581,47,460.1542,354.5884,190.04495000000003,171.17032000000006,0.9118233323097229,-1,-1,-1
1582,47,460.51813,356.16434,192.27764999999994,173.58481,0.9099613428115845,-1,-1,-1
1583,47,457.9036,358.83795,192.97964000000002,176.77612,0.898307204246521,-1,-1,-1
1584,47,452.79187,361.89844,199.77733999999998,178.05030000000005,0.905270516872406,-1,-1,-1
1585,47,448.72913,367.7083,201.18505999999996,177.01819,0.9100745916366577,-1,-1,-1
1586,47,448.94626,371.6329,204.32760000000002,178.39676000000003,0.9139090180397034,-1,-1,-1
1587,47,446.67056,373.97723,206.94992000000002,180.79846000000003,0.9099361896514893,-1,-1,-1
1588,47,441.29605,378.4485,210.25209999999998,180.68604,0.9036678671836853,-1,-1,-1
1589,47,434.75372,381.1179,218.76317999999998,187.18448000000006,0.8965775966644287,-1,-1,-1
1590,47,436.6256,382.02356,217.24773999999996,189.00012000000004,0.910088837146759,-1,-1,-1
1591,47,431.00446,386.7491,222.14282000000003,192.60312,0.9119583964347839,-1,-1,-1
1592,47,431.34555,387.56906,223.45047,194.39821999999998,0.9123055934906006,-1,-1,-1
1593,47,427.09576,389.4784,229.48804,199.18505999999996,0.9058995246887207,-1,-1,-1
1594,47,423.5838,394.9833,230.58563000000004,204.50851,0.9059838652610779,-1,-1,-1
1595,47,424.9876,401.09763,235.06995,201.06150000000002,0.8999956846237183,-1,-1,-1
1596,47,425.879,403.0118,238.13120000000004,210.19484999999997,0.9085578322410583,-1,-1,-1
1597,47,428.8457,403.6117,237.21380000000005,214.69666,0.9017248153686523,-1,-1,-1
1598,47,424.01947,407.59558,246.94061000000005,216.86444,0.9016031622886658,-1,-1,-1
1599,47,420.8449,411.60175,254.61693999999994,215.34998000000002,0.8953772783279419,-1,-1,-1
1600,47,420.5175,414.59952,269.4573,220.06564000000003,0.8957682251930237,-1,-1,-1
1601,47,423.4423,418.26825,280.1570699999999,222.46423,0.8999922275543213,-1,-1,-1
1602,47,429.66785,417.97418,292.01978,228.80645999999996,0.8999578356742859,-1,-1,-1
1603,47,429.06354,418.8762,310.90106000000003,233.25412,0.902171790599823,-1,-1,-1
1604,47,436.10498,420.48642,327.23419999999993,236.72616999999997,0.9031845927238464,-1,-1,-1
1605,47,452.1091,423.84354,339.60342,239.8494,0.9049463272094727,-1,-1,-1
1606,47,468.35004,425.43887,362.01276,245.06949000000003,0.9035981893539429,-1,-1,-1
1607,47,481.58463,427.55164,380.01363999999995,251.21105999999997,0.9133428335189819,-1,-1,-1
1608,47,499.3025,432.5886,408.3805500000001,252.58999999999997,0.9067761301994324,-1,-1,-1
1609,47,534.2626,436.93954,426.8472300000001,255.44716999999997,0.9082509875297546,-1,-1,-1
1610,47,558.3974,442.9527,468.76752,254.10576999999995,0.8916030526161194,-1,-1,-1
1611,47,590.0145,448.4689,490.81836,252.69260000000003,0.8944470286369324,-1,-1,-1
1612,47,630.56024,455.56308,515.5123999999998,249.85104,0.8817210793495178,-1,-1,-1
1613,47,676.8345,460.56253,535.8978000000001,249.94229,0.8832844495773315,-1,-1,-1
1614,47,719.2934,462.66916,560.096,251.55838,0.8763790130615234,-1,-1,-1
1615,47,742.59424,468.06458,587.7200000000001,249.89642000000003,0.8398000597953796,-1,-1,-1
1616,47,795.09424,474.0054,594.103,245.51053000000002,0.7478361129760742,-1,-1,-1
1617,47,863.3315,475.29715,584.1006500000001,244.67386,0.7707569003105164,-1,-1,-1
1618,47,907.1685,474.28296,647.44354,246.79413,0.7159940004348755,-1,-1,-1
1619,47,955.207,475.69586,640.0327999999998,244.44213999999994,0.7234522700309753,-1,-1,-1
1621,47,1089.8531,465.90656,668.0238999999999,250.12805000000003,0.6185805797576904,-1,-1,-1
1622,47,1173.9573,453.5619,698.11816,255.91186999999996,0.6952756643295288,-1,-1,-1
1623,47,1242.4635,448.094,660.93604,256.6081,0.6586214900016785,-1,-1,-1
1624,47,1344.4651,441.70203,573.7184,257.40912,0.759449303150177,-1,-1,-1
1625,47,1443.9891,434.92892,476.0108600000001,259.541,0.744600236415863,-1,-1,-1
1626,47,1546.0262,428.3954,373.22155999999995,259.7268,0.60872882604599,-1,-1,-1
1783,56,581.3586,78.57114,86.55736999999999,74.44905000000001,0.6197236776351929,-1,-1,-1
1784,56,580.501,78.48259,86.19872999999995,75.66913000000001,0.6145012378692627,-1,-1,-1
1785,56,580.18085,80.58248,88.97162000000003,76.88421,0.7217357158660889,-1,-1,-1
1786,56,580.1041,76.38289,87.91039999999998,81.86269999999999,0.6840533018112183,-1,-1,-1
1787,56,580.51825,77.52273,88.138916,81.25309000000001,0.6932259202003479,-1,-1,-1
1788,56,580.1477,80.40175,89.07190000000003,80.55009499999998,0.6570197939872742,-1,-1,-1
1790,56,579.391,84.17557,89.19341999999995,80.25258,0.6783016920089722,-1,-1,-1
1792,56,578.6026,88.769325,88.64733999999999,79.12035000000002,0.659765899181366,-1,-1,-1
1794,56,578.228,90.50992,87.277466,79.43726999999998,0.6485205292701721,-1,-1,-1
1796,56,576.4213,89.91429,88.94897500000002,85.42198000000002,0.6587687134742737,-1,-1,-1
1802,56,573.6447,108.35431,88.95398,77.89067,0.6289986371994019,-1,-1,-1
1806,56,568.4817,114.22279,92.60297000000003,81.66269,0.7097939252853394,-1,-1,-1
1807,56,568.7748,116.606705,92.07892000000004,81.52547999999999,0.6285446882247925,-1,-1,-1
1808,56,566.61194,116.007576,92.81341599999996,82.52068,0.6306483745574951,-1,-1,-1
1809,56,562.68774,115.45535,97.18737999999996,86.07947,0.7925642728805542,-1,-1,-1
1810,56,562.1181,116.682304,96.90832499999999,85.34257999999998,0.7854921817779541,-1,-1,-1
1811,56,560.492,121.407646,98.02936,84.27732,0.7996754050254822,-1,-1,-1
1812,56,560.12225,119.3016,98.32898,87.0731,0.8131317496299744,-1,-1,-1
1813,56,558.44763,120.44211,97.90326000000005,88.15501400000001,0.7435749173164368,-1,-1,-1
1814,56,557.1945,122.02741,99.11150999999995,90.9437,0.7721053957939148,-1,-1,-1
1815,56,557.13367,121.007835,99.05298000000005,92.06447600000001,0.7384809851646423,-1,-1,-1
1816,56,556.57733,125.36241,100.43902600000001,92.29622000000002,0.8053471446037292,-1,-1,-1
1817,56,556.4747,131.1564,98.50902999999994,89.95696999999998,0.7787573933601379,-1,-1,-1
1818,56,557.05225,135.0175,97.84857,87.99431000000001,0.7544913291931152,-1,-1,-1
1819,56,556.07837,134.03612,98.41021999999998,90.55762999999999,0.8172170519828796,-1,-1,-1
1820,56,555.5799,135.6008,99.39160000000004,91.8638,0.8063696622848511,-1,-1,-1
1821,56,555.59143,135.17873,99.87256000000002,93.5744,0.7925838828086853,-1,-1,-1
1822,56,556.8071,140.73582,100.50725999999997,90.31769,0.8243890404701233,-1,-1,-1
1823,56,556.3577,145.3363,100.29852000000005,89.42372,0.8218517303466797,-1,-1,-1
1824,56,556.39844,146.66579,101.08587999999997,89.773865,0.8320866227149963,-1,-1,-1
1825,56,556.43024,146.89749,102.02728000000002,93.14839,0.8096849322319031,-1,-1,-1
1826,56,556.0364,146.45734,102.86243000000002,95.867096,0.8115531802177429,-1,-1,-1
1827,56,556.5874,144.58969,103.64922999999999,100.99278000000001,0.7758592963218689,-1,-1,-1
1828,56,556.8666,151.94783,104.33404499999995,98.89426,0.7604565620422363,-1,-1,-1
1829,56,557.11694,155.16219,104.64373999999998,98.53169,0.7897728085517883,-1,-1,-1
1830,56,558.8184,158.61136,103.03070000000002,96.82427999999999,0.7969723343849182,-1,-1,-1
1831,56,558.61707,157.9472,104.44415000000004,100.96823,0.8162283301353455,-1,-1,-1
1832,56,558.33344,159.36426,105.59997599999997,102.026276,0.835873544216156,-1,-1,-1
1833,56,558.43994,160.96025,106.88281000000006,102.90098600000002,0.8211318254470825,-1,-1,-1
1834,56,559.29456,165.54272,105.71191399999998,101.72171,0.831327497959137,-1,-1,-1
1835,56,559.6941,168.63194,105.74774000000002,101.13139000000001,0.7844117879867554,-1,-1,-1
1836,56,559.3463,172.57074,109.09514999999999,101.14096,0.8082159757614136,-1,-1,-1
1837,56,559.4318,170.24013,111.79138,107.87285,0.802315354347229,-1,-1,-1
1838,56,560.02356,170.66113,111.44464000000005,109.91924999999998,0.7894583940505981,-1,-1,-1
1839,56,561.0627,172.97409,111.07696499999997,110.14587399999999,0.7390961647033691,-1,-1,-1
1840,56,561.14124,174.2982,113.2713,111.52467000000001,0.7556935548782349,-1,-1,-1
1841,56,562.1775,180.59488,113.81995000000006,110.82550000000003,0.7451507449150085,-1,-1,-1
1842,56,562.903,181.53542,114.56542999999999,112.16672999999997,0.6567836403846741,-1,-1,-1
1843,56,562.9141,182.29785,113.74444600000004,113.51964999999998,0.6849099397659302,-1,-1,-1
1844,56,562.38403,179.66823,117.88745000000006,118.19752499999998,0.8413257002830505,-1,-1,-1
1845,56,563.3495,185.84697,116.12720000000002,114.80284,0.7709201574325562,-1,-1,-1
1846,56,563.937,190.5645,115.64917000000003,114.13478000000003,0.7686018347740173,-1,-1,-1
1847,56,564.8982,194.78384,115.49786000000006,110.86593999999997,0.7458797097206116,-1,-1,-1
1848,56,565.5703,197.19252,115.73559599999999,112.45238,0.6836971640586853,-1,-1,-1
1849,56,565.81165,198.7924,117.37676999999996,114.197586,0.7251771092414856,-1,-1,-1
1850,56,565.7216,201.70343,118.21947999999998,113.45843499999998,0.7279408574104309,-1,-1,-1
1851,56,566.4474,199.8074,116.86017000000004,116.56381000000002,0.756675660610199,-1,-1,-1
1852,56,566.8699,204.67073,119.00231999999994,116.38274000000001,0.7489851713180542,-1,-1,-1
1853,56,567.0,210.48112,119.40697999999998,113.51378000000003,0.7848408818244934,-1,-1,-1
1854,56,568.08417,212.40091,119.84893999999997,114.35885999999999,0.8456670641899109,-1,-1,-1
1855,56,567.58606,212.68794,121.00298999999995,117.162766,0.7896934747695923,-1,-1,-1
1856,56,568.3955,214.62053,120.37572999999998,116.43528999999998,0.8295726776123047,-1,-1,-1
1857,56,568.2616,218.26085,118.66516000000001,114.75877000000003,0.8287805914878845,-1,-1,-1
1858,56,567.8455,218.55316,120.22748000000001,118.70416,0.8233994841575623,-1,-1,-1
1859,56,566.45795,219.14534,122.88036999999997,120.48475999999997,0.7972279787063599,-1,-1,-1
1860,56,566.79663,220.71796,124.45636000000002,122.396545,0.815037190914154,-1,-1,-1
1861,56,565.68854,228.34222,123.91888400000005,116.00314000000003,0.7732477188110352,-1,-1,-1
1862,56,565.9482,227.7974,124.33501999999999,117.90973,0.8211786150932312,-1,-1,-1
1863,56,563.7904,231.53479,127.14751999999999,116.16845999999998,0.7512540817260742,-1,-1,-1
1864,56,562.62177,232.63518,125.54003999999998,117.11561599999999,0.7837451100349426,-1,-1,-1
1865,56,562.10034,231.79276,126.13311999999996,119.43454000000003,0.7780252695083618,-1,-1,-1
1866,56,561.6117,234.52829,127.31341599999996,118.866455,0.8132360577583313,-1,-1,-1
1867,56,561.3949,234.88332,127.27532999999994,121.39058000000003,0.8278036713600159,-1,-1,-1
1868,56,560.57526,236.32916,128.41845999999998,122.41849000000002,0.8515936732292175,-1,-1,-1
1869,56,559.0634,235.57356,128.50287000000003,124.91847000000001,0.8763207793235779,-1,-1,-1
1870,56,557.75745,235.1586,129.94579999999996,128.62395999999998,0.880223274230957,-1,-1,-1
1871,56,558.1311,238.79509,127.34338000000002,125.79576,0.8595255017280579,-1,-1,-1
1872,56,556.183,239.06935,129.12463000000002,128.52756999999997,0.8688093423843384,-1,-1,-1
1873,56,554.64734,241.18,129.5426,128.16019,0.8594477772712708,-1,-1,-1
1874,56,550.47943,239.84233,133.99292000000003,132.10109,0.8565068244934082,-1,-1,-1
1875,56,547.804,242.10439,134.74414000000002,132.29826,0.8578541278839111,-1,-1,-1
1876,56,546.22974,248.0013,134.47107000000005,129.13541999999998,0.8589180111885071,-1,-1,-1
1877,56,543.41125,246.8627,138.00176999999996,134.57803000000004,0.8680706024169922,-1,-1,-1
1878,56,541.91626,250.08212,138.87543000000005,131.48025999999996,0.8611454367637634,-1,-1,-1
1879,56,540.3764,250.61736,140.38824,133.80672,0.859448254108429,-1,-1,-1
1880,56,541.3057,248.74988,139.63806,137.06537,0.8662745952606201,-1,-1,-1
1881,56,541.24066,252.75185,139.18603999999993,134.42768999999998,0.8593945503234863,-1,-1,-1
1882,56,540.7616,252.97058,140.11157000000003,136.79138000000003,0.8668422698974609,-1,-1,-1
1883,56,540.035,252.34267,141.40381000000002,139.05934000000002,0.8697364330291748,-1,-1,-1
1884,56,540.1308,254.45325,140.97571000000005,141.91394,0.8717609643936157,-1,-1,-1
1885,56,538.8338,258.03122,143.28850999999997,139.46277000000003,0.8752912282943726,-1,-1,-1
1886,56,538.6661,258.0832,145.78130999999996,143.78964000000002,0.8790370225906372,-1,-1,-1
1887,56,537.25726,260.54218,147.67138999999997,140.87344000000002,0.8822063207626343,-1,-1,-1
1888,56,536.6114,260.72534,149.69946000000004,144.88965000000002,0.8808268904685974,-1,-1,-1
1889,56,538.8705,264.41562,148.92296999999996,141.79092000000003,0.8859664797782898,-1,-1,-1
1890,56,536.6517,265.31696,151.97222999999997,142.53290000000004,0.8799613118171692,-1,-1,-1
1891,56,537.80994,265.6895,151.88824,142.9808,0.8794205784797668,-1,-1,-1
1892,56,536.97217,265.6011,155.35821999999996,145.97122000000002,0.8755939602851868,-1,-1,-1
1893,56,536.858,268.03326,157.14477999999997,146.9339,0.8807799220085144,-1,-1,-1
1894,56,536.10223,268.08,159.41229999999996,148.53136999999998,0.8775043487548828,-1,-1,-1
1895,56,536.7626,270.28915,159.88562000000002,149.14169999999996,0.8759511113166809,-1,-1,-1
1896,56,537.25354,268.98248,162.3388,153.66101000000003,0.879500150680542,-1,-1,-1
1897,56,537.97107,274.9047,161.05840999999998,148.95651000000004,0.8766093254089355,-1,-1,-1
1898,56,538.6182,270.745,162.88622999999995,155.89175,0.876499593257904,-1,-1,-1
1899,56,538.80945,271.1821,162.84058000000005,155.86325,0.8751764297485352,-1,-1,-1
1900,56,540.1411,272.77563,163.81226000000004,158.41364,0.8836759924888611,-1,-1,-1
1901,56,540.0003,276.05487,165.23987,158.38381999999996,0.8778907060623169,-1,-1,-1
1902,56,539.16486,278.841,167.90747,159.44058,0.8817527890205383,-1,-1,-1
1903,56,538.83,278.35178,168.7196,161.46909,0.8860144019126892,-1,-1,-1
1904,56,537.9083,282.44888,171.64879999999994,160.44614,0.8762474060058594,-1,-1,-1
1905,56,539.576,281.532,173.02710000000002,164.28744999999998,0.8831207156181335,-1,-1,-1
1906,56,537.02313,281.5017,176.44843000000003,168.15570000000002,0.8744876980781555,-1,-1,-1
1907,56,540.36597,283.78793,173.59588999999994,166.83603,0.8715576529502869,-1,-1,-1
1908,56,538.4652,283.30826,178.03253000000007,172.17327999999998,0.8805290460586548,-1,-1,-1
1909,56,537.92377,283.69354,178.62865999999997,175.08707000000004,0.8606310486793518,-1,-1,-1
1910,56,536.6219,287.06454,186.08667000000003,176.69592,0.8956498503684998,-1,-1,-1
1911,56,536.3214,289.05246,187.74707,175.6304,0.886434018611908,-1,-1,-1
1912,56,535.99133,292.1856,190.35686999999996,177.02429,0.8880718946456909,-1,-1,-1
1913,56,535.2485,289.34726,188.98663,181.17489999999998,0.8540717363357544,-1,-1,-1
1914,56,531.3584,293.22205,191.47442999999998,181.42953,0.8404519557952881,-1,-1,-1
1915,56,531.5046,295.45593,194.96429999999998,180.78174,0.7265871167182922,-1,-1,-1
1916,56,528.72455,300.84833,196.33587999999997,180.14203000000003,0.8657370805740356,-1,-1,-1
1917,56,527.16144,303.3266,198.83752000000004,181.80438000000004,0.863707423210144,-1,-1,-1
1918,56,525.5667,297.07367,202.91345,193.37761999999998,0.875127911567688,-1,-1,-1
1919,56,521.00415,295.1664,204.55395999999996,196.80957,0.8805250525474548,-1,-1,-1
1920,56,519.4951,297.70572,206.39031999999997,198.17172,0.8949800729751587,-1,-1,-1
1921,56,517.44415,298.95978,207.46136,200.79665999999997,0.8934699296951294,-1,-1,-1
1922,56,512.4578,301.2332,213.74059999999997,202.10793999999999,0.903760552406311,-1,-1,-1
1923,56,509.38635,300.4133,216.17719,206.17764,0.9026705026626587,-1,-1,-1
1924,56,503.50235,305.8945,219.89182000000005,203.97342000000003,0.8920444250106812,-1,-1,-1
1925,56,499.19342,308.06857,220.95220999999998,205.05544999999995,0.895687997341156,-1,-1,-1
1926,56,493.75418,311.4459,225.46555,205.99948,0.8883888125419617,-1,-1,-1
1927,56,492.5411,309.28073,226.45157,210.34592000000004,0.8903989791870117,-1,-1,-1
