57,0,1948.8003,394.2308,384.76684999999975,141.92148000000003,0.6289650201797485,-1,-1,-1
58,0,1975.7933,391.14264,335.9776599999998,143.24939,0.7384523153305054,-1,-1,-1
59,0,1940.5768,387.67163,349.4674000000002,149.11962999999997,0.8246896862983704,-1,-1,-1
60,0,1934.4675,384.27765,340.71654999999987,150.67278999999996,0.8267287015914917,-1,-1,-1
61,0,1906.8965,388.8217,356.6347699999999,145.26290999999998,0.828689455986023,-1,-1,-1
62,0,1901.5928,387.90054,343.65112,143.07796999999994,0.8284519910812378,-1,-1,-1
63,0,1874.4761,387.5556,335.4275,142.30273,0.8432324528694153,-1,-1,-1
64,0,1840.5431,387.5444,340.9808300000002,135.69949999999994,0.7949327230453491,-1,-1,-1
65,0,1822.6611,383.59253,341.21289999999976,139.13244999999995,0.8324828147888184,-1,-1,-1
66,0,1798.0834,381.95166,328.3914799999998,134.52686,0.818737804889679,-1,-1,-1
67,0,1789.7485,382.54175,323.0080599999999,134.18860000000006,0.8482499122619629,-1,-1,-1
68,0,1768.1293,379.23987,319.21252000000004,130.59235,0.8224015235900879,-1,-1,-1
69,0,1759.4888,384.04932,336.4538600000001,127.43590999999998,0.7875568270683289,-1,-1,-1
70,0,1749.4338,379.99298,334.2048299999999,128.24041999999997,0.8127499222755432,-1,-1,-1
71,0,1745.3054,384.08362,349.28052,124.76977499999998,0.7680802941322327,-1,-1,-1
72,0,1711.7747,376.20712,369.3872000000001,128.80502,0.7673577070236206,-1,-1,-1
73,0,1680.0946,372.91687,337.2021500000001,127.63916,0.7692875266075134,-1,-1,-1
74,0,1672.2766,367.5904,312.03430000000003,130.28635000000003,0.8121755719184875,-1,-1,-1
75,0,1660.7056,369.95703,321.8762199999999,127.19378999999998,0.7917771935462952,-1,-1,-1
76,0,1646.1578,368.5367,312.11243000000013,128.34854,0.8137845993041992,-1,-1,-1
77,0,1638.0316,365.2555,308.4253000000001,130.66272000000004,0.8285091519355774,-1,-1,-1
78,0,1623.6774,364.95773,316.1576,129.702,0.8240889310836792,-1,-1,-1
79,0,1609.159,364.49448,318.1707799999999,130.29999000000004,0.8438458442687988,-1,-1,-1
80,0,1600.928,365.1706,312.2473,129.59915,0.8503335118293762,-1,-1,-1
81,0,1585.8624,359.47476,321.6048599999999,134.06165,0.8511167764663696,-1,-1,-1
82,0,1579.9668,355.43488,320.94849999999997,137.28867000000002,0.8589822053909302,-1,-1,-1
83,0,1569.5303,353.98956,323.70605,135.97626000000002,0.851814866065979,-1,-1,-1
84,0,1563.624,356.27594,320.97095000000013,136.10839999999996,0.8548592925071716,-1,-1,-1
85,0,1550.4486,355.83057,320.25695999999994,132.91833000000003,0.8675909638404846,-1,-1,-1
86,0,1542.0725,355.3746,317.7771,133.10410000000002,0.8667581677436829,-1,-1,-1
87,0,1536.5396,355.87567,310.04187,132.24059999999997,0.8676340579986572,-1,-1,-1
88,0,1525.5688,359.0362,292.5427199999999,124.0,0.8699392676353455,-1,-1,-1
89,0,1519.4446,359.2594,292.2345,124.04854999999998,0.8787345886230469,-1,-1,-1
90,0,1509.8367,360.78384,293.4004,124.78607,0.8791933655738831,-1,-1,-1
91,0,1503.3887,359.6968,305.05737,125.01678499999997,0.881862998008728,-1,-1,-1
92,0,1497.4197,359.29227,309.6252400000001,127.32422000000003,0.8881986141204834,-1,-1,-1
93,0,1484.8639,360.40955,317.2216799999999,124.4957,0.876277506351471,-1,-1,-1
94,0,1480.2015,358.07693,320.89635999999996,127.60269,0.8851515650749207,-1,-1,-1
95,0,1473.7897,358.39554,321.61987,127.20276000000001,0.8770259618759155,-1,-1,-1
96,0,1467.9836,356.71747,317.71973,128.78569999999996,0.8850166201591492,-1,-1,-1
97,0,1461.3239,355.325,320.2343800000001,131.41402999999997,0.8890721201896667,-1,-1,-1
98,0,1454.5887,356.33374,317.17809999999986,130.01938,0.8932000398635864,-1,-1,-1
99,0,1446.5532,355.77045,312.78345000000013,130.37927000000002,0.8957160115242004,-1,-1,-1
100,0,1439.2478,355.23022,302.76049999999987,130.38193,0.88344806432724,-1,-1,-1
101,0,1429.87,355.63013,304.83643000000006,130.82257000000004,0.8737781047821045,-1,-1,-1
102,0,1417.9811,355.93744,311.6422,130.67609,0.8825572729110718,-1,-1,-1
103,0,1409.9164,356.53354,299.3656000000001,129.89954,0.8803813457489014,-1,-1,-1
104,0,1403.8525,356.1875,293.7762499999999,131.16350999999997,0.891543984413147,-1,-1,-1
105,0,1395.4852,357.49255,287.8424,129.75702,0.9019502401351929,-1,-1,-1
106,0,1389.9861,357.3903,284.59753,130.92061999999999,0.8953638076782227,-1,-1,-1
107,0,1385.3555,358.77313,280.6741999999999,131.60278,0.8929151296615601,-1,-1,-1
108,0,1375.8112,356.54535,275.9362799999999,134.69086,0.8959043622016907,-1,-1,-1
109,0,1371.1196,360.66406,271.97827000000007,133.41675000000004,0.8879233598709106,-1,-1,-1
110,0,1364.0253,361.093,269.9993999999999,133.78524999999996,0.8874120116233826,-1,-1,-1
111,0,1360.6826,360.98663,267.51829999999995,135.17075,0.8948808908462524,-1,-1,-1
112,0,1359.8352,361.30078,250.46813999999995,137.46512,0.897066593170166,-1,-1,-1
113,0,1356.6395,362.7252,243.62976000000003,137.27652,0.8909600377082825,-1,-1,-1
114,0,1350.029,364.87885,241.70703000000003,136.4035,0.8872101306915283,-1,-1,-1
115,0,1346.487,366.65076,239.52368,135.56335,0.9086446166038513,-1,-1,-1
116,0,1345.1202,370.01923,232.83203000000003,134.46320000000003,0.8740687966346741,-1,-1,-1
117,0,1345.8972,372.1125,225.21264999999994,135.13153,0.8765862584114075,-1,-1,-1
118,0,1347.2349,373.2386,214.89136000000008,135.22784000000001,0.8706664443016052,-1,-1,-1
119,0,1343.5225,372.6909,209.63684000000012,138.65164,0.8865105509757996,-1,-1,-1
120,0,1343.552,373.66766,205.39428999999996,139.24358999999998,0.8974375128746033,-1,-1,-1
121,0,1343.595,374.01932,199.18945000000008,140.36288000000002,0.8718741536140442,-1,-1,-1
122,0,1341.8118,376.02423,193.40796,141.36217999999997,0.8773008584976196,-1,-1,-1
123,0,1342.185,376.20746,189.20348999999987,142.84607,0.8830898404121399,-1,-1,-1
124,0,1343.5154,379.1546,180.50499999999988,143.61858999999998,0.867075502872467,-1,-1,-1
125,0,1345.6061,380.23026,178.48450000000003,145.45517,0.8800742626190186,-1,-1,-1
126,0,1346.6162,381.99304,171.50366000000008,147.29199,0.8591745495796204,-1,-1,-1
127,0,1349.4961,382.8158,170.0080599999999,150.23662999999993,0.8715642690658569,-1,-1,-1
128,0,1352.4451,383.63275,163.42529999999988,152.68933000000004,0.8748149275779724,-1,-1,-1
129,0,1354.5083,385.59967,164.07788000000005,153.48016,0.8814031481742859,-1,-1,-1
130,0,1355.5542,386.74066,164.50866999999994,154.47454999999997,0.8744262456893921,-1,-1,-1
131,0,1356.8276,387.44348,167.50610000000006,156.03345000000002,0.8904517292976379,-1,-1,-1
132,0,1358.1467,388.9698,166.81934,160.28522000000004,0.8728972673416138,-1,-1,-1
133,0,1361.7576,390.78903,167.5029300000001,162.34793000000002,0.8736013174057007,-1,-1,-1
134,0,1364.3798,394.18243,167.50487999999996,161.96930000000003,0.8819655179977417,-1,-1,-1
135,0,1365.265,395.48538,169.97620000000006,163.48953,0.8853400945663452,-1,-1,-1
136,0,1366.092,399.041,172.17200000000003,164.46115000000003,0.887227475643158,-1,-1,-1
137,0,1366.8861,399.47632,174.59447999999998,169.8252,0.8904798030853271,-1,-1,-1
138,0,1368.2981,400.42578,178.86279999999988,173.27227999999997,0.8961582183837891,-1,-1,-1
139,0,1369.9257,401.80017,180.15991000000008,176.85028,0.8988953232765198,-1,-1,-1
140,0,1370.4523,401.472,183.67797999999993,182.22406,0.897732675075531,-1,-1,-1
141,0,1370.1008,404.01688,191.06690000000003,186.39267000000007,0.8907331824302673,-1,-1,-1
142,0,1371.048,406.83167,190.74523999999997,189.69940000000003,0.8861785531044006,-1,-1,-1
143,0,1372.6589,408.28528,190.95409999999993,190.66480000000007,0.883544385433197,-1,-1,-1
144,0,1372.4243,410.60663,195.59424000000013,192.85412999999994,0.899238646030426,-1,-1,-1
145,0,1375.0615,412.50598,197.7258300000001,196.14568999999995,0.8968505263328552,-1,-1,-1
146,0,1373.2778,413.8592,201.69994999999994,201.34033,0.8840196132659912,-1,-1,-1
147,0,1374.8695,417.6292,206.07727,203.74115,0.8835331201553345,-1,-1,-1
148,0,1377.9327,420.232,203.53113000000008,204.98584,0.8990888595581055,-1,-1,-1
149,0,1373.3887,420.71448,209.69910000000004,210.25591999999995,0.9082621932029724,-1,-1,-1
150,0,1374.9451,426.27078,212.32239000000004,209.78415,0.9067060947418213,-1,-1,-1
151,0,1377.4414,431.58807,212.49878000000012,209.72839999999997,0.9034377932548523,-1,-1,-1
152,0,1375.9253,436.2115,220.40465999999992,210.47577,0.9038774967193604,-1,-1,-1
153,0,1374.9465,434.79242,224.37085000000002,217.43835,0.9087647199630737,-1,-1,-1
154,0,1377.475,438.08478,228.64293999999995,221.33136000000002,0.9088452458381653,-1,-1,-1
155,0,1376.2734,442.621,232.37256000000002,224.52304000000004,0.9100860357284546,-1,-1,-1
156,0,1377.6475,442.77008,236.22118999999998,230.45447000000001,0.9157724976539612,-1,-1,-1
157,0,1380.7411,445.85724,241.02477999999996,233.77563000000004,0.9092023372650146,-1,-1,-1
158,0,1380.2439,450.95047,244.60132,234.03372000000002,0.9008021950721741,-1,-1,-1
159,0,1379.4569,454.21973,247.68554999999992,236.2862,0.8977766633033752,-1,-1,-1
160,0,1383.4988,458.78058,251.40991000000008,238.37085000000002,0.9054996967315674,-1,-1,-1
161,0,1384.1287,458.95294,259.19994999999994,244.02344000000005,0.9061498641967773,-1,-1,-1
162,0,1385.7534,459.1787,261.74316,248.52294999999998,0.9124585390090942,-1,-1,-1
163,0,1386.6234,460.79453,267.5702000000001,254.83438,0.9145432710647583,-1,-1,-1
164,0,1392.0282,462.42828,267.32727,258.2244999999999,0.9024867415428162,-1,-1,-1
165,0,1393.3318,467.06,270.9142999999999,259.75945999999993,0.8984161019325256,-1,-1,-1
166,0,1391.7394,471.72583,277.1639399999999,263.70574999999997,0.9125567078590393,-1,-1,-1
167,0,1392.8091,470.86584,285.3381300000001,270.48907,0.9276428818702698,-1,-1,-1
168,0,1395.8917,471.13916,289.18090000000007,277.99420000000003,0.913374662399292,-1,-1,-1
169,0,1399.2738,477.26862,293.1305,280.88763,0.9186854958534241,-1,-1,-1
170,0,1398.95,477.65778,301.89819999999986,287.53967,0.9158501029014587,-1,-1,-1
171,0,1398.0402,479.35638,310.31410000000005,292.2766,0.9314947724342346,-1,-1,-1
172,0,1402.4729,481.8962,313.1377,294.91970000000003,0.9293290376663208,-1,-1,-1
173,0,1399.5453,485.05713,323.82385,298.60522,0.9173921346664429,-1,-1,-1
174,0,1402.5417,488.77914,326.0822800000001,305.3614799999999,0.9182661175727844,-1,-1,-1
175,0,1401.0516,490.63248,334.1223,309.3586700000001,0.9203752875328064,-1,-1,-1
176,0,1403.8043,494.9112,338.68713,311.03558,0.9217895269393921,-1,-1,-1
177,0,1404.2568,496.97742,346.52295000000004,315.08570000000003,0.9271392822265625,-1,-1,-1
178,0,1406.3428,499.48053,352.41820000000007,320.2887,0.9304957389831543,-1,-1,-1
179,0,1408.7949,503.66074,353.3679199999999,321.86832,0.9321974515914917,-1,-1,-1
180,0,1411.5668,507.4316,358.81774999999993,327.17868,0.9320917129516602,-1,-1,-1
181,0,1416.4392,513.73846,360.87463,327.8731700000001,0.9278802275657654,-1,-1,-1
182,0,1419.5123,515.4281,363.95507999999995,330.12847999999997,0.9251628518104553,-1,-1,-1
183,0,1421.6779,517.4795,371.1358600000001,335.73834,0.9244812726974487,-1,-1,-1
184,0,1420.5592,520.23505,380.03296,331.9897000000001,0.9291062951087952,-1,-1,-1
185,0,1423.6993,521.3058,380.45165999999995,340.6223,0.925930917263031,-1,-1,-1
186,0,1428.7811,526.1795,381.37976000000003,345.5127,0.9220840334892273,-1,-1,-1
187,0,1434.4989,525.56635,384.2748999999999,353.86030000000005,0.9377065300941467,-1,-1,-1
188,0,1434.8346,531.0114,393.35204999999996,354.078,0.9352949261665344,-1,-1,-1
189,0,1437.4473,533.60895,401.14501999999993,356.83745999999996,0.9310495257377625,-1,-1,-1
190,0,1440.1636,535.23846,404.01,364.18976,0.9295116066932678,-1,-1,-1
191,0,1439.9814,537.6292,413.07178,368.2119799999999,0.9302630424499512,-1,-1,-1
192,0,1441.3206,541.0632,418.99902,371.3803700000001,0.9375107288360596,-1,-1,-1
193,0,1443.2212,544.1782,426.42626999999993,377.8499800000001,0.9410877823829651,-1,-1,-1
194,0,1444.879,545.98627,436.31006,381.7895500000001,0.9372198581695557,-1,-1,-1
195,0,1445.2258,548.80707,445.31677000000013,385.77576,0.9294179081916809,-1,-1,-1
196,0,1448.3267,554.9546,443.9627700000001,384.34349999999995,0.9305807948112488,-1,-1,-1
197,0,1449.8496,556.9738,447.4648400000001,387.88306,0.9273272752761841,-1,-1,-1
198,0,1454.7374,558.45807,448.4667999999999,394.97466999999995,0.9244540333747864,-1,-1,-1
199,0,1456.5985,559.04315,455.4455600000001,400.1092,0.9297289848327637,-1,-1,-1
200,0,1460.0889,558.2844,458.86597000000006,404.33167000000003,0.9394604563713074,-1,-1,-1
201,0,1462.8867,561.8773,461.66869999999994,403.96142999999995,0.9418438076972961,-1,-1,-1
202,0,1462.0459,564.82635,466.45874000000003,403.01025000000004,0.9374706149101257,-1,-1,-1
203,0,1461.1313,564.85986,471.46900000000005,404.50389999999993,0.937595009803772,-1,-1,-1
204,0,1461.0586,567.2308,478.77026,404.7205200000001,0.9379481673240662,-1,-1,-1
205,0,1462.8811,568.49915,475.4358,404.9466,0.9380553960800171,-1,-1,-1
206,0,1462.7427,569.88153,477.87889999999993,404.34569999999997,0.9390943646430969,-1,-1,-1
207,0,1463.5156,568.7336,481.2042200000001,405.85175000000004,0.9400993585586548,-1,-1,-1
208,0,1463.624,568.623,480.50902999999994,406.8552199999999,0.9387437105178833,-1,-1,-1
209,0,1463.1317,568.35474,481.8603499999999,407.66577000000007,0.9377239942550659,-1,-1,-1
210,0,1463.105,568.4878,481.8497299999999,407.87018,0.9374208450317383,-1,-1,-1
211,0,1465.8655,569.7811,477.80457,405.31342000000006,0.935444712638855,-1,-1,-1
212,0,1465.8181,570.18604,477.13013,404.80652,0.9356775283813477,-1,-1,-1
213,0,1465.6176,569.6398,476.57860000000005,405.21850000000006,0.9375470876693726,-1,-1,-1
214,0,1465.3589,569.05225,476.9207799999999,405.57373000000007,0.9374342560768127,-1,-1,-1
215,0,1465.3652,568.8202,477.0148999999999,405.82445999999993,0.9369058609008789,-1,-1,-1
216,0,1465.5491,568.54596,477.26244999999994,406.13922,0.9365084767341614,-1,-1,-1
217,0,1465.1316,568.0069,477.49268000000006,406.16240000000005,0.9358409643173218,-1,-1,-1
218,0,1465.2094,568.1863,477.60498000000007,406.03460000000007,0.935890793800354,-1,-1,-1
219,0,1465.4104,568.26965,477.23389999999995,405.86609999999996,0.9358201026916504,-1,-1,-1
220,0,1465.3772,568.2301,477.1038800000001,405.8878199999999,0.9358025789260864,-1,-1,-1
221,0,1466.029,568.8691,475.7765999999999,405.95325,0.9348145723342896,-1,-1,-1
222,0,1466.0907,568.78577,475.61829999999986,405.9121,0.9345871806144714,-1,-1,-1
223,0,1466.1016,568.5816,475.5718999999999,406.25884999999994,0.9346845746040344,-1,-1,-1
224,0,1466.0693,568.7003,475.61583999999993,406.08203000000003,0.9343281984329224,-1,-1,-1
225,0,1466.178,568.8892,475.48584000000005,405.98114,0.9343701601028442,-1,-1,-1
226,0,1466.0621,568.88354,475.5658000000001,405.94727,0.934593677520752,-1,-1,-1
227,0,1466.1108,568.9096,475.59448,405.8913,0.9344155192375183,-1,-1,-1
228,0,1466.2131,568.9245,475.47656000000006,405.83893,0.9341391921043396,-1,-1,-1
229,0,1466.2092,569.22986,475.26586999999995,405.42296999999996,0.9349247813224792,-1,-1,-1
230,0,1466.1932,569.18396,475.27649999999994,405.5199,0.9347688555717468,-1,-1,-1
231,0,1466.3837,569.9623,476.7803999999999,405.08423000000005,0.9340409636497498,-1,-1,-1
232,0,1466.4197,569.93933,476.75109999999995,405.09973,0.9342835545539856,-1,-1,-1
233,0,1466.6592,570.0556,476.4631300000001,404.9551399999999,0.9341796040534973,-1,-1,-1
234,0,1466.7749,569.86395,476.4819299999999,405.12389999999994,0.9344351887702942,-1,-1,-1
235,0,1466.7072,570.0707,476.43493999999987,404.8470500000001,0.9343838691711426,-1,-1,-1
236,0,1466.676,570.0139,476.3906200000001,404.90295000000003,0.9344168901443481,-1,-1,-1
237,0,1466.6941,570.0498,476.41724,404.90840000000003,0.9344664216041565,-1,-1,-1
238,0,1466.4673,569.99304,476.61987,405.02985,0.9345142245292664,-1,-1,-1
239,0,1466.2893,570.0407,477.09717,405.05071999999996,0.9347127676010132,-1,-1,-1
240,0,1466.4081,569.926,477.1698000000001,405.16459999999995,0.934661328792572,-1,-1,-1
241,0,1466.3196,568.9082,477.21984999999995,405.71400000000006,0.9354299902915955,-1,-1,-1
242,0,1466.2952,568.91547,477.11609999999996,405.73877000000005,0.9353311061859131,-1,-1,-1
243,0,1466.3523,568.9005,476.9084499999999,405.7672,0.9351589679718018,-1,-1,-1
244,0,1466.327,568.8231,476.81006,405.8408800000001,0.9351512789726257,-1,-1,-1
245,0,1466.3403,569.0658,476.7669699999999,405.57714999999996,0.9352978467941284,-1,-1,-1
246,0,1466.2424,568.8878,476.8672999999999,405.7422,0.93514084815979,-1,-1,-1
247,0,1466.2437,568.8364,477.15454,405.76020000000005,0.9353190660476685,-1,-1,-1
248,0,1466.1969,568.7747,477.15698,405.91034,0.9353976845741272,-1,-1,-1
249,0,1466.1793,568.7696,477.0996,405.9181500000001,0.9353767037391663,-1,-1,-1
250,0,1466.1884,568.7314,477.0355199999999,405.9570299999999,0.9352471828460693,-1,-1,-1
251,0,1466.3816,568.71844,476.7082499999999,405.86115000000007,0.9352620840072632,-1,-1,-1
252,0,1466.363,568.5762,476.68677,406.04248000000007,0.9353893399238586,-1,-1,-1
253,0,1466.7234,568.58246,476.22522000000004,406.0579200000001,0.9352201819419861,-1,-1,-1
254,0,1466.6876,568.6682,476.2947999999999,406.07543999999996,0.9350989460945129,-1,-1,-1
255,0,1466.5814,568.51556,476.58899999999994,406.2502999999999,0.9353267550468445,-1,-1,-1
256,0,1466.6058,568.5547,476.5618999999999,406.04319999999996,0.9354118704795837,-1,-1,-1
257,0,1466.7043,568.64075,476.41820000000007,405.93823,0.9354187250137329,-1,-1,-1
258,0,1466.6888,568.62866,476.25890000000004,405.94727,0.935298502445221,-1,-1,-1
259,0,1466.588,568.36163,476.40137000000004,406.16827,0.9352033734321594,-1,-1,-1
260,0,1466.633,568.5371,476.36645999999996,406.06140000000005,0.9350779056549072,-1,-1,-1
261,0,1466.4935,568.53357,476.57104000000004,406.09357,0.9351908564567566,-1,-1,-1
262,0,1466.6855,568.92035,475.1648,405.46893,0.9337387681007385,-1,-1,-1
263,0,1466.1936,569.5385,475.60717999999997,404.93195000000003,0.9321032762527466,-1,-1,-1
264,0,1466.4502,569.47363,474.99047999999993,404.73407,0.9312655329704285,-1,-1,-1
265,0,1465.029,568.24615,475.04516999999987,403.65643,0.9229689240455627,-1,-1,-1
266,0,1463.8069,567.284,465.62842,356.14685,0.8663932085037231,-1,-1,-1
266,3,1356.283,873.10547,1203.717,569.2347399999999,0.6943486332893372,-1,-1,-1
267,3,1042.1002,841.09344,1351.8510000000003,572.22626,0.7814691066741943,-1,-1,-1
268,0,1462.1472,564.3906,471.3425300000001,396.5027,0.6305646896362305,-1,-1,-1
268,3,715.37415,793.6903,1322.4768,596.72864,0.8203151226043701,-1,-1,-1
269,0,1465.0458,567.7168,476.89879999999994,405.84937,0.930854320526123,-1,-1,-1
269,3,411.2619,787.6472,1345.2969,567.99915,0.7735379934310913,-1,-1,-1
270,0,1465.0487,567.9397,477.5313699999999,406.3651699999999,0.9342510104179382,-1,-1,-1
270,3,66.69678,786.5332,1342.5946,538.2585400000002,0.6769294738769531,-1,-1,-1
271,0,1465.3687,568.67194,477.72217,406.09466999999995,0.9348213076591492,-1,-1,-1
272,0,1465.6956,568.82513,477.31737999999996,405.9819299999999,0.934349000453949,-1,-1,-1
273,0,1465.7236,569.56085,476.40869999999995,405.32196,0.9338205456733704,-1,-1,-1
274,0,1465.5176,569.6205,476.6394,405.1395299999999,0.9335558414459229,-1,-1,-1
275,0,1465.3767,569.3839,476.65319999999997,405.34967000000006,0.9334035515785217,-1,-1,-1
276,0,1465.3126,570.05273,476.7010499999999,404.7406,0.9332746863365173,-1,-1,-1
277,0,1466.2068,570.0848,475.62194999999997,404.8929999999999,0.9337978959083557,-1,-1,-1
278,0,1466.2628,570.0855,475.8270299999999,404.9466,0.9337592124938965,-1,-1,-1
279,0,1466.2822,569.864,475.7790500000001,405.1023,0.9337794780731201,-1,-1,-1
280,0,1466.4733,569.818,475.2996800000001,405.14020000000005,0.9335421323776245,-1,-1,-1
281,0,1466.3666,569.7837,475.47362999999996,405.24622,0.9336560964584351,-1,-1,-1
282,0,1466.3531,569.81195,475.4004,405.24479999999994,0.9335291385650635,-1,-1,-1
283,0,1465.989,569.4547,476.28906000000006,406.6781,0.9336529970169067,-1,-1,-1
284,0,1466.0675,569.50476,476.28943000000004,406.69916,0.933542013168335,-1,-1,-1
285,0,1466.0752,569.61066,476.6577,406.56341999999995,0.9338845610618591,-1,-1,-1
286,0,1466.0496,569.60034,476.71143000000006,406.58079999999995,0.934184193611145,-1,-1,-1
287,0,1465.9468,569.6323,476.80150000000003,406.5114699999999,0.9342309236526489,-1,-1,-1
288,0,1465.9741,569.7282,476.4801,406.3281999999999,0.9338392615318298,-1,-1,-1
289,0,1466.487,570.5132,475.9260300000001,405.26257,0.9338710904121399,-1,-1,-1
290,0,1466.4996,570.4951,475.84105999999997,405.2478,0.933856189250946,-1,-1,-1
291,0,1466.6484,570.46326,475.68139999999994,405.4048,0.9336943626403809,-1,-1,-1
292,0,1466.7759,570.51166,475.6267,405.41656,0.9334890246391296,-1,-1,-1
293,0,1466.9851,570.6114,475.54150000000004,405.39032,0.9333238005638123,-1,-1,-1
294,0,1466.7804,570.51874,475.6756599999999,405.45172,0.9333168268203735,-1,-1,-1
295,0,1466.946,570.5521,475.6006,405.30542,0.9332234859466553,-1,-1,-1
296,0,1466.709,570.54816,475.6775,405.31696,0.933435320854187,-1,-1,-1
297,0,1466.7935,570.56494,475.34862999999996,405.23285,0.9334403276443481,-1,-1,-1
298,0,1466.7947,570.59686,475.29369999999994,405.20727999999997,0.9333832859992981,-1,-1,-1
299,0,1466.7148,570.58105,475.3442400000001,405.15185999999994,0.9334368109703064,-1,-1,-1
300,0,1466.8113,570.71484,475.2385300000001,405.1172,0.9329633116722107,-1,-1,-1
301,0,1466.8494,571.0411,474.95910000000003,404.94269999999995,0.932607114315033,-1,-1,-1
302,0,1466.9309,571.0711,474.9109000000001,404.8719500000001,0.9325135946273804,-1,-1,-1
303,0,1466.8658,570.94025,474.96912,404.99957000000006,0.9326424598693848,-1,-1,-1
304,0,1466.9045,570.94666,475.00073,404.96716000000004,0.9325127601623535,-1,-1,-1
305,0,1466.918,570.9311,474.9795999999999,404.99469999999997,0.9326050281524658,-1,-1,-1
306,0,1466.9128,570.9332,474.98900000000003,404.96629999999993,0.9326851963996887,-1,-1,-1
307,0,1466.8726,570.9198,474.90662,404.96142999999995,0.9326630234718323,-1,-1,-1
308,0,1466.8933,570.8896,474.92615,405.0016499999999,0.9327025413513184,-1,-1,-1
309,0,1466.8796,570.8666,474.9235799999999,405.03563999999994,0.9327871203422546,-1,-1,-1
310,0,1466.9253,570.9382,474.94994999999994,404.95807,0.9326925873756409,-1,-1,-1
311,0,1466.7349,570.89386,475.1106,404.98444000000006,0.9327704310417175,-1,-1,-1
312,0,1466.7605,570.9377,475.1553999999999,404.95416,0.9329067468643188,-1,-1,-1
313,0,1466.616,570.79297,475.50440000000003,404.96093999999994,0.9331786632537842,-1,-1,-1
314,0,1466.3812,570.79663,475.75232000000005,404.95360000000005,0.933335542678833,-1,-1,-1
315,0,1466.345,570.5999,475.72437000000014,405.14477999999997,0.933325469493866,-1,-1,-1
316,0,1466.3367,570.512,475.69336,405.22191999999995,0.933508038520813,-1,-1,-1
317,0,1466.8777,569.9532,476.3373999999999,404.86908000000005,0.9325615167617798,-1,-1,-1
318,0,1466.5757,569.9945,476.10132,404.51099999999997,0.9328157901763916,-1,-1,-1
319,0,1466.6907,570.1123,475.40527,404.1322,0.9323436617851257,-1,-1,-1
320,0,1466.8972,570.05676,475.37915,404.27905,0.9316473007202148,-1,-1,-1
321,0,1467.226,570.8681,474.34448,402.78472999999997,0.9325885772705078,-1,-1,-1
322,0,1465.7269,570.01654,476.02783,405.03527999999994,0.9332358837127686,-1,-1,-1
323,0,1465.9471,570.417,477.23082999999997,404.2096,0.9338057041168213,-1,-1,-1
324,0,1464.5648,568.8461,479.51415999999995,406.45172,0.9338599443435669,-1,-1,-1
325,0,1465.2953,570.4765,478.1305,405.38213999999994,0.9342308044433594,-1,-1,-1
326,0,1465.3071,570.74194,477.98620000000005,405.38782000000003,0.9338153600692749,-1,-1,-1
327,0,1465.3217,569.45294,476.40014999999994,407.13104,0.9352243542671204,-1,-1,-1
328,0,1465.3491,569.4241,476.4345699999999,407.29773,0.9352397918701172,-1,-1,-1
329,0,1465.0696,569.5928,477.02026,407.5171,0.935278058052063,-1,-1,-1
330,0,1465.1829,569.2777,476.7800300000001,407.42510000000004,0.9348129034042358,-1,-1,-1
331,0,1464.9539,569.4404,476.82935,407.23712,0.934394121170044,-1,-1,-1
332,0,1466.1395,569.11633,475.5962999999999,407.17140000000006,0.933983564376831,-1,-1,-1
333,0,1466.4215,568.7934,475.51514,407.28088,0.9337530732154846,-1,-1,-1
334,0,1466.1526,568.9765,476.73413000000005,407.16370000000006,0.9342883825302124,-1,-1,-1
335,0,1464.523,567.2721,479.61914,409.9737,0.9353206157684326,-1,-1,-1
336,0,1465.8289,567.8186,477.61474999999996,408.74023,0.9337877035140991,-1,-1,-1
337,0,1466.8987,569.706,474.1347699999999,405.11017000000004,0.9329299926757812,-1,-1,-1
338,0,1466.8121,569.431,474.22668,405.2830200000001,0.9327474236488342,-1,-1,-1
339,0,1466.7893,569.3314,473.96045000000004,405.40497000000005,0.932929277420044,-1,-1,-1
340,0,1466.604,569.19727,474.12110000000007,405.52246,0.9330033659934998,-1,-1,-1
341,0,1466.9012,569.35767,473.57996,405.3041999999999,0.9327530264854431,-1,-1,-1
342,0,1466.8287,569.23047,473.72803,405.3899,0.9326452612876892,-1,-1,-1
343,0,1466.9008,569.3619,473.6169399999999,405.3615,0.9324464201927185,-1,-1,-1
344,0,1466.6995,569.2628,473.83179999999993,405.47546,0.9323838353157043,-1,-1,-1
345,0,1466.5989,569.28906,473.9949999999999,405.56823999999995,0.9325212836265564,-1,-1,-1
346,0,1466.5232,569.29626,474.3982000000001,405.6535600000001,0.9327031373977661,-1,-1,-1
347,0,1466.7639,570.34796,474.9383499999999,403.82648000000006,0.9327552914619446,-1,-1,-1
348,0,1466.9629,570.39417,474.6118200000001,403.81006,0.9326106309890747,-1,-1,-1
349,0,1467.2137,570.4326,473.8720700000001,403.88306,0.9324870705604553,-1,-1,-1
350,0,1467.1246,570.4766,473.9538600000001,403.88336000000004,0.9326390624046326,-1,-1,-1
351,0,1467.1055,570.43884,474.00684,404.05224999999996,0.9327194094657898,-1,-1,-1
352,0,1467.1145,570.35583,473.73170000000005,404.05791999999997,0.9324427247047424,-1,-1,-1
353,0,1467.0371,570.3289,473.6934799999999,404.33942,0.931793212890625,-1,-1,-1
354,0,1467.1711,570.6221,472.68982000000005,403.81732,0.9313429594039917,-1,-1,-1
355,0,1467.11,570.69934,472.8885499999999,403.7124,0.9308425784111023,-1,-1,-1
356,0,1467.1106,570.8392,472.57202000000007,407.94927999999993,0.9312552809715271,-1,-1,-1
357,0,1463.4365,569.6616,476.53394000000003,405.29327,0.9201329350471497,-1,-1,-1
358,0,1463.8196,569.56274,474.78027,398.78679999999997,0.9059803485870361,-1,-1,-1
358,4,1209.8077,944.7865,1229.1265999999998,467.0230700000001,0.7118412852287292,-1,-1,-1
359,0,1466.6184,570.1323,473.03150000000005,405.4547,0.9275450706481934,-1,-1,-1
359,4,925.25476,922.0891,1248.014,471.20142,0.7231456637382507,-1,-1,-1
360,0,1464.4927,569.694,476.6790800000001,405.61852999999996,0.9326244592666626,-1,-1,-1
361,0,1466.1123,569.57794,474.76880000000006,404.16045999999994,0.9314480423927307,-1,-1,-1
362,0,1466.2405,570.0033,475.36619999999994,404.1349,0.9320704340934753,-1,-1,-1
363,0,1466.3931,570.22046,475.24243,403.94274999999993,0.9319334626197815,-1,-1,-1
364,0,1466.4471,570.38855,475.02379999999994,403.69714,0.9318957924842834,-1,-1,-1
365,0,1466.4764,570.4979,474.8767,403.51135,0.931939959526062,-1,-1,-1
366,0,1466.4836,570.45135,474.9276,403.62750000000005,0.9318733215332031,-1,-1,-1
367,0,1466.8535,569.75165,473.93090000000007,405.44696,0.9315295219421387,-1,-1,-1
368,0,1467.0095,569.79395,473.87573,405.54510000000005,0.9312025904655457,-1,-1,-1
369,0,1467.2166,569.9057,473.95044000000007,405.49664000000007,0.9311562776565552,-1,-1,-1
370,0,1467.3647,570.0129,473.7463399999999,405.3579,0.9309560060501099,-1,-1,-1
371,0,1467.1655,570.03107,473.96912,405.44965,0.9312606453895569,-1,-1,-1
372,0,1466.9875,570.0248,474.1389200000001,405.45587,0.9313709139823914,-1,-1,-1
373,0,1467.152,569.1755,473.7207000000001,406.3455200000001,0.9316297173500061,-1,-1,-1
374,0,1467.1531,569.1834,473.74512000000004,406.38964999999996,0.9313837289810181,-1,-1,-1
375,0,1467.2129,569.2887,473.6853000000001,406.27063,0.9314067959785461,-1,-1,-1
376,0,1467.2041,569.32513,473.64257999999995,406.21942,0.9311162829399109,-1,-1,-1
377,0,1466.3721,569.36145,474.95056,405.5697,0.9314923286437988,-1,-1,-1
378,0,1466.2853,569.34937,475.1104700000001,405.63109999999995,0.931406557559967,-1,-1,-1
379,0,1466.1151,569.1865,475.05493,405.89758000000006,0.9314042925834656,-1,-1,-1
380,0,1465.918,569.10895,475.0991200000001,405.78174,0.931556224822998,-1,-1,-1
381,0,1465.8928,569.36646,474.1079,405.4998800000001,0.9299021363258362,-1,-1,-1
382,0,1465.4596,569.4336,475.10315000000014,406.16179999999997,0.9280911087989807,-1,-1,-1
383,0,1465.2988,570.1769,477.77393000000006,407.06237999999996,0.9304710626602173,-1,-1,-1
384,0,1464.7983,570.4781,480.1017999999999,408.7444499999999,0.9281601309776306,-1,-1,-1
385,0,1463.6249,570.34973,480.66832999999997,409.2123399999999,0.9192045331001282,-1,-1,-1
386,0,1467.7141,573.73663,482.6705300000001,407.55000000000007,0.9296280145645142,-1,-1,-1
386,6,777.9817,896.17523,1251.1606,513.1304299999999,0.7404137849807739,-1,-1,-1
387,0,1467.3293,576.4979,492.84375,404.672,0.9320643544197083,-1,-1,-1
387,6,359.55505,867.4077,1319.003,513.2650000000001,0.6570681929588318,-1,-1,-1
388,0,1467.1582,577.75525,498.10852,407.28185999999994,0.9373279213905334,-1,-1,-1
389,0,1466.3608,579.52704,506.13573999999994,409.5511,0.937887966632843,-1,-1,-1
390,0,1472.2693,582.47815,505.14710000000014,409.82165999999995,0.9349581599235535,-1,-1,-1
391,0,1468.9313,581.57104,519.3237000000001,414.99683000000005,0.9272078275680542,-1,-1,-1
392,0,1468.7927,583.4264,539.6030000000001,418.71704,0.9296278953552246,-1,-1,-1
393,0,1469.4489,582.1719,557.3833999999999,428.2154499999999,0.9290109872817993,-1,-1,-1
394,0,1473.8159,584.1127,579.7563500000001,435.12427,0.9384027123451233,-1,-1,-1
395,0,1479.0188,587.13446,596.8940399999999,442.76520000000005,0.9391619563102722,-1,-1,-1
396,0,1489.4187,589.7411,606.0388,449.6451400000001,0.9160082936286926,-1,-1,-1
397,0,1506.5037,599.31006,622.6609000000001,452.17578000000003,0.9232558012008667,-1,-1,-1
398,0,1513.8208,604.786,651.1025399999999,462.1194999999999,0.9279851317405701,-1,-1,-1
399,0,1523.8251,615.11066,679.3182400000001,467.39777000000004,0.9312359690666199,-1,-1,-1
400,0,1540.5076,618.5709,702.64185,475.63586,0.9161955118179321,-1,-1,-1
401,0,1559.9807,632.3121,726.5021999999999,478.9211999999999,0.9033609628677368,-1,-1,-1
402,0,1580.8511,639.5322,770.1838399999999,490.98743,0.899748682975769,-1,-1,-1
403,0,1609.8583,658.8158,790.4720500000001,490.52062999999987,0.8825795650482178,-1,-1,-1
404,0,1630.5707,677.1686,848.7897,490.8453400000001,0.8587371110916138,-1,-1,-1
405,0,1660.5798,685.187,881.0661599999999,499.2483000000001,0.8369742631912231,-1,-1,-1
406,0,1735.5393,693.46606,818.5490999999997,518.9435000000001,0.7923101782798767,-1,-1,-1
407,0,1749.2185,712.00793,810.7815,512.0105000000001,0.799184262752533,-1,-1,-1
408,0,1805.9585,716.1193,754.0415,522.3522299999998,0.8306968808174133,-1,-1,-1
