2,0,1324.5771,88.744095,282.58105,202.8621,0.6422615647315979,-1,-1,-1
3,0,1309.407,90.469025,310.2570800000001,203.22177,0.7158735990524292,-1,-1,-1
4,0,1289.609,92.11859,327.58850000000007,199.59872000000001,0.6771175861358643,-1,-1,-1
5,0,1274.1622,88.15739,322.78747999999996,201.74633999999998,0.6771686673164368,-1,-1,-1
6,0,1255.0682,88.55251,303.4510499999999,199.16757,0.8184022307395935,-1,-1,-1
7,0,1229.6436,90.22438,327.75232000000005,195.70042,0.8415109515190125,-1,-1,-1
8,0,1213.571,91.35305,336.1065699999999,194.22319999999996,0.8697929978370667,-1,-1,-1
9,0,1201.6863,91.20203,342.28772000000004,192.13937000000004,0.8641161322593689,-1,-1,-1
10,0,1179.0612,89.14598,337.69543,193.26740999999998,0.8633044958114624,-1,-1,-1
11,0,1160.5917,90.01791,341.7086199999999,192.46167,0.873054027557373,-1,-1,-1
12,0,1140.0356,88.41488,352.18910000000005,192.70874000000003,0.8717226386070251,-1,-1,-1
13,0,1117.9751,87.727974,345.06152,190.76644999999996,0.8659072518348694,-1,-1,-1
14,0,1092.9884,88.4238,349.30347000000006,191.68832,0.8651604652404785,-1,-1,-1
15,0,1065.0726,85.46407,354.0232000000001,193.897,0.8614133596420288,-1,-1,-1
16,0,1051.4296,84.310196,352.14977999999996,191.23325999999997,0.8482380509376526,-1,-1,-1
17,0,1033.9935,85.354095,357.06897000000004,191.96866000000003,0.837868869304657,-1,-1,-1
18,0,1011.70856,83.38304,354.13922,189.13954,0.8502346277236938,-1,-1,-1
19,0,985.9116,81.39719,363.76013,186.42929,0.8440267443656921,-1,-1,-1
20,0,965.94226,83.53108,354.63184,183.63971999999998,0.8589215278625488,-1,-1,-1
21,0,936.5858,81.04071,361.61694,185.8422,0.8534030318260193,-1,-1,-1
22,0,923.27844,79.647156,354.95630000000006,185.91534000000001,0.8207463026046753,-1,-1,-1
23,0,904.4029,79.95196,357.42462,184.91757,0.8390427827835083,-1,-1,-1
24,0,887.8,81.741516,354.61919999999986,180.09698000000003,0.8294556140899658,-1,-1,-1
25,0,860.3341,81.94876,362.35961999999995,178.37192,0.7979479432106018,-1,-1,-1
26,0,843.6142,82.02398,362.3815300000001,178.63565,0.824251115322113,-1,-1,-1
27,0,820.06836,79.66753,366.39832,178.72389000000004,0.757422149181366,-1,-1,-1
27,1,1586.1044,364.26025,333.89563,430.72239999999994,0.8078614473342896,-1,-1,-1
28,0,805.03564,79.20584,350.83972000000006,177.93280000000001,0.8005996346473694,-1,-1,-1
28,1,1548.2878,358.76382,371.48523,412.48068,0.8013806939125061,-1,-1,-1
29,0,797.2893,80.351395,335.2929700000001,176.78194,0.7955281138420105,-1,-1,-1
29,1,1519.3256,380.69348,400.0254,368.42179999999996,0.837418794631958,-1,-1,-1
30,0,785.9749,83.59219,308.90070000000003,171.19394999999997,0.7281539440155029,-1,-1,-1
30,1,1486.1649,379.5438,433.83508000000006,364.89516999999995,0.8917390704154968,-1,-1,-1
31,0,784.91016,85.444305,296.77966000000004,167.25029,0.7293601036071777,-1,-1,-1
31,1,1444.3743,370.83936,444.5544399999999,356.86626999999993,0.8814327716827393,-1,-1,-1
32,1,1411.2534,353.90515,446.9734000000001,359.30620000000005,0.8837648034095764,-1,-1,-1
33,1,1372.288,323.16367,439.6847,371.696,0.8674783110618591,-1,-1,-1
34,1,1350.6407,322.75336,422.52685999999994,360.40990000000005,0.8793162107467651,-1,-1,-1
35,1,1319.8162,335.25754,408.5155,332.22470000000004,0.8744613528251648,-1,-1,-1
36,1,1293.8691,326.59653,389.1069299999999,325.92886000000004,0.8813822269439697,-1,-1,-1
37,1,1264.5754,328.03333,388.06690000000003,312.19458,0.8762300610542297,-1,-1,-1
38,1,1243.3213,325.06448,363.7074,300.28036,0.89275062084198,-1,-1,-1
39,1,1218.9309,323.62415,362.4847400000001,293.26977999999997,0.886419415473938,-1,-1,-1
40,1,1198.8306,316.36984,351.67163000000005,291.24515,0.9025046229362488,-1,-1,-1
41,1,1177.4342,314.80875,344.8500999999999,277.91635,0.8931288123130798,-1,-1,-1
42,1,1156.8175,309.02515,328.35289999999986,269.66669999999993,0.8853040933609009,-1,-1,-1
43,1,1139.1871,306.49542,328.3899999999999,268.62207000000006,0.9081927537918091,-1,-1,-1
44,1,1118.8695,301.3972,329.98767,264.03409999999997,0.8973615765571594,-1,-1,-1
45,1,1104.9556,295.37314,323.85412999999994,261.7504599999999,0.8905066251754761,-1,-1,-1
46,1,1094.8491,292.8824,304.6334200000001,252.33257999999995,0.890764594078064,-1,-1,-1
47,1,1084.4924,289.82642,294.37366,248.76398000000006,0.8820971250534058,-1,-1,-1
48,1,1073.3914,287.90753,283.6722399999999,238.99962999999997,0.8862111568450928,-1,-1,-1
49,1,1058.538,280.73178,273.47522000000004,236.37441999999993,0.8799346685409546,-1,-1,-1
50,1,1054.8058,277.8908,269.2783199999999,232.77899000000002,0.8744221329689026,-1,-1,-1
51,1,1046.4009,275.90143,259.5870399999999,226.13855,0.8803208470344543,-1,-1,-1
52,1,1042.8165,269.1316,251.59302000000002,223.79424999999998,0.8789072632789612,-1,-1,-1
53,1,1037.5327,263.0457,247.80944999999997,224.6193,0.8762401342391968,-1,-1,-1
54,1,1034.6234,255.792,246.96802000000002,222.01765000000003,0.8821698427200317,-1,-1,-1
55,1,1036.7357,255.04485,238.96729000000005,216.05723999999998,0.8870872855186462,-1,-1,-1
56,1,1036.8567,249.60135,235.00011999999992,216.79611000000003,0.8850940465927124,-1,-1,-1
57,1,1041.7473,248.55782,231.72362999999996,209.85063000000002,0.8825356364250183,-1,-1,-1
58,1,1043.7135,248.29065,233.3628000000001,205.39752000000001,0.8870782256126404,-1,-1,-1
59,1,1048.7301,248.83653,230.9353000000001,197.5114,0.885094404220581,-1,-1,-1
60,1,1054.3461,246.26883,228.76073999999994,196.5597,0.8948991894721985,-1,-1,-1
61,1,1061.5728,242.65947,230.92444,194.13106,0.8889416456222534,-1,-1,-1
62,1,1075.9459,236.56511,229.43945000000008,190.77274999999997,0.909917950630188,-1,-1,-1
63,1,1085.3269,234.85187,233.32104000000004,189.29601999999997,0.8913529515266418,-1,-1,-1
64,1,1098.6868,233.54979,231.9978000000001,184.81718000000004,0.8896055221557617,-1,-1,-1
65,1,1111.2833,229.7424,230.45459000000005,185.74551,0.870387613773346,-1,-1,-1
66,1,1129.2809,229.91978,229.5072,181.97089999999997,0.8778412342071533,-1,-1,-1
67,1,1144.8186,223.2872,234.41589999999997,183.46732,0.8666400909423828,-1,-1,-1
68,1,1160.3575,225.99127,234.64464999999996,177.58002,0.8759524822235107,-1,-1,-1
69,1,1174.0071,222.72295,235.29285000000004,173.93119999999996,0.8768608570098877,-1,-1,-1
70,1,1199.4138,223.53902,227.01684999999998,172.89986,0.8642513751983643,-1,-1,-1
71,1,1217.2716,222.03859,227.08410000000003,170.50838,0.883726179599762,-1,-1,-1
72,1,1236.4493,222.23126,220.57934999999998,165.97137,0.8907738327980042,-1,-1,-1
73,1,1253.2205,221.10556,218.42833999999993,165.00497,0.8774471282958984,-1,-1,-1
74,1,1270.6826,218.40295,219.79773,164.39910999999998,0.871627926826477,-1,-1,-1
75,1,1290.7772,214.7498,215.74487,166.80437,0.8564549684524536,-1,-1,-1
76,1,1301.0353,213.86603,222.51880000000006,164.30246000000002,0.8330649137496948,-1,-1,-1
77,1,1322.0752,211.92311,209.16162000000008,164.31999000000002,0.8147913813591003,-1,-1,-1
78,1,1339.8105,211.79912,194.49047999999993,159.11073000000002,0.7619004845619202,-1,-1,-1
79,1,1355.7682,210.81487,193.22704999999996,157.84858999999997,0.6888355612754822,-1,-1,-1
94,2,1068.4354,153.35817,250.89587000000006,106.20365999999999,0.7020007967948914,-1,-1,-1
95,2,1100.9727,152.20186,255.01233000000002,104.06977999999998,0.699439525604248,-1,-1,-1
96,2,1157.1045,151.52306,249.48230000000012,103.22113000000002,0.7541625499725342,-1,-1,-1
97,2,1193.6019,152.6184,259.1908000000001,100.10725400000001,0.6921118497848511,-1,-1,-1
98,2,1250.143,152.81421,254.92113999999992,100.571045,0.6597817540168762,-1,-1,-1
113,3,1378.3483,167.37502,179.3669399999999,116.96767,0.6726930141448975,-1,-1,-1
114,3,1356.588,162.60085,178.00389999999993,123.70280499999998,0.7418158054351807,-1,-1,-1
115,3,1338.8713,160.36348,192.42786,124.705795,0.730047345161438,-1,-1,-1
116,3,1314.8235,160.14664,193.41112999999996,124.47046,0.7876980900764465,-1,-1,-1
117,3,1289.1084,158.76204,194.98035000000004,122.30562000000003,0.7804933190345764,-1,-1,-1
118,3,1269.2778,156.79626,195.85924999999997,123.85067999999998,0.7898963689804077,-1,-1,-1
119,3,1242.2032,155.19131,196.35352000000012,125.57702999999998,0.8087109923362732,-1,-1,-1
119,4,952.6351,164.38719,194.94073000000003,131.02077,0.6220652461051941,-1,-1,-1
120,3,1223.0671,151.6856,192.93517999999995,124.54761999999997,0.829818844795227,-1,-1,-1
120,4,957.5818,163.05605,213.14855999999997,137.86266000000003,0.7291899919509888,-1,-1,-1
121,3,1197.039,152.08702,188.52673000000004,124.21445999999997,0.837202787399292,-1,-1,-1
121,4,963.014,163.4569,223.76970999999992,134.95872,0.8068234324455261,-1,-1,-1
122,3,1181.6696,152.49225,175.97632,119.23897999999997,0.6463606357574463,-1,-1,-1
122,4,988.49115,163.58905,216.67144999999994,137.98098999999996,0.7963070273399353,-1,-1,-1
123,4,1017.8159,166.69043,212.63990000000013,137.53345000000002,0.8181076049804688,-1,-1,-1
124,4,1037.8063,164.77348,210.93309999999997,140.04338,0.8115535378456116,-1,-1,-1
125,4,1060.8473,157.3976,205.75793,149.31876999999997,0.8320997357368469,-1,-1,-1
126,4,1065.7488,157.80629,213.5519999999999,155.0272,0.8784289360046387,-1,-1,-1
127,4,1087.1143,162.61732,204.8508300000001,151.23435999999998,0.8615277409553528,-1,-1,-1
128,4,1097.7511,164.21642,207.81054999999992,149.78477,0.86688232421875,-1,-1,-1
129,4,1112.6698,165.70363,204.03906000000006,146.9012,0.8567655086517334,-1,-1,-1
130,4,1127.4366,165.46408,196.89098999999987,151.22086,0.8606594204902649,-1,-1,-1
130,5,949.2371,141.38371,200.11554,117.22962999999999,0.7400599122047424,-1,-1,-1
131,4,1141.1891,164.7402,194.4387200000001,153.41864,0.8637694716453552,-1,-1,-1
131,5,919.5875,140.49333,204.72789999999998,120.70304999999999,0.7067462205886841,-1,-1,-1
132,4,1150.4896,166.93869,192.0084199999999,151.06119,0.8458079099655151,-1,-1,-1
132,5,896.0301,132.62305,201.79230000000007,121.84901399999998,0.6036664247512817,-1,-1,-1
132,6,1617.1097,102.142555,268.0167200000001,129.17224,0.6088555455207825,-1,-1,-1
133,4,1157.0461,166.52422,193.24450000000002,151.77007000000003,0.8671302795410156,-1,-1,-1
133,5,872.69214,139.5922,200.9253,122.24768,0.710684597492218,-1,-1,-1
134,4,1169.5763,168.23386,185.1766399999999,150.25595000000004,0.8598611950874329,-1,-1,-1
135,4,1179.7578,168.49414,178.35095,150.29238999999998,0.8745906352996826,-1,-1,-1
136,4,1184.1287,168.53738,176.60022000000004,150.85367,0.8787896633148193,-1,-1,-1
136,6,1516.6844,103.63925,287.3222700000001,132.1061,0.6422507762908936,-1,-1,-1
137,4,1188.3964,167.7884,176.72460999999998,155.76381,0.8726069331169128,-1,-1,-1
138,4,1193.4026,169.099,176.0142800000001,157.79415999999998,0.8607862591743469,-1,-1,-1
138,6,1445.505,101.921364,279.60913000000005,132.98285000000004,0.6449554562568665,-1,-1,-1
139,4,1196.1179,169.83884,174.78003000000012,160.08474999999999,0.8538877964019775,-1,-1,-1
140,4,1192.2546,173.12466,173.21911999999998,157.3895,0.8431426286697388,-1,-1,-1
141,4,1194.3126,176.2885,173.57665999999995,155.58208000000002,0.8537580370903015,-1,-1,-1
142,4,1187.7543,175.20007,178.15588000000002,158.45581,0.8757164478302002,-1,-1,-1
143,4,1184.9625,177.83398,180.2428,157.97720000000004,0.8825861215591431,-1,-1,-1
144,4,1173.4275,183.61893,186.40588000000002,154.5882,0.8840411305427551,-1,-1,-1
145,4,1168.2799,183.95966,190.36194,157.36013999999997,0.8786797523498535,-1,-1,-1
146,4,1159.5588,183.18613,196.35681,159.2283,0.9164589643478394,-1,-1,-1
147,4,1154.1084,182.01437,199.8669399999999,161.98276,0.8732682466506958,-1,-1,-1
148,4,1141.4277,184.03792,202.5553,162.80370000000002,0.8907033801078796,-1,-1,-1
149,4,1135.4243,183.45067,207.7423100000001,164.11314,0.866542398929596,-1,-1,-1
150,4,1126.4584,185.98256,206.52282999999989,166.21135,0.8893560171127319,-1,-1,-1
151,4,1114.4288,187.27579,215.07886000000008,167.79464999999996,0.8812627792358398,-1,-1,-1
152,4,1104.7101,189.12704,213.3298299999999,168.05898999999997,0.8783461451530457,-1,-1,-1
153,4,1092.105,188.5279,215.37671,173.75546000000003,0.8926026225090027,-1,-1,-1
153,8,947.0298,112.64288,253.39319,125.85631,0.6393336057662964,-1,-1,-1
154,4,1077.0615,189.15117,224.97803,172.69990000000004,0.8825604915618896,-1,-1,-1
154,8,908.6531,110.41322,272.7735600000001,129.8696,0.6877297163009644,-1,-1,-1
155,4,1062.8776,189.34854,224.4084499999999,174.95715,0.8907427191734314,-1,-1,-1
155,8,874.8482,108.14831,273.8199000000001,128.44626,0.685708224773407,-1,-1,-1
156,4,1051.9347,193.75233,228.02258000000006,173.02162,0.8876376152038574,-1,-1,-1
156,8,855.89294,106.22956,279.4692400000001,130.69467000000003,0.6624749898910522,-1,-1,-1
157,4,1040.6313,190.58594,231.06787000000008,179.40542999999997,0.8971601724624634,-1,-1,-1
157,8,849.79736,105.39067,272.0262499999999,133.7389,0.7011916637420654,-1,-1,-1
158,4,1025.3374,193.16801,231.74610000000007,179.98292999999998,0.9136289954185486,-1,-1,-1
158,8,835.4968,103.84942,274.06262000000004,131.30228,0.6881701350212097,-1,-1,-1
159,4,1010.5036,193.56726,238.67571999999996,182.84862999999999,0.8904448747634888,-1,-1,-1
160,4,995.97217,195.73528,238.75440000000003,184.52623,0.8854472041130066,-1,-1,-1
161,4,981.83844,199.03424,243.17694000000006,182.72805999999997,0.895243763923645,-1,-1,-1
162,4,967.4819,197.98975,247.70452999999998,189.13388,0.8974788188934326,-1,-1,-1
163,4,954.3701,201.31842,246.85864000000004,190.06040000000002,0.9029363989830017,-1,-1,-1
164,4,934.45856,202.44168,255.79120000000012,192.50591999999997,0.9034619331359863,-1,-1,-1
165,4,927.80334,203.50435,250.24474999999995,193.77317999999997,0.8938546776771545,-1,-1,-1
166,4,912.508,204.95016,257.33452999999986,195.54605,0.8941957950592041,-1,-1,-1
167,4,898.91626,207.65068,254.94910000000004,196.54866,0.8942691087722778,-1,-1,-1
168,4,883.09607,208.68556,260.62732000000005,199.53049999999996,0.8965952396392822,-1,-1,-1
169,4,871.35803,207.57462,261.2221699999999,206.5458,0.9110575318336487,-1,-1,-1
170,4,862.90015,209.09886,258.1306000000001,207.95139999999998,0.8955312967300415,-1,-1,-1
171,4,850.489,211.36026,261.02135999999996,211.22537000000003,0.8888726830482483,-1,-1,-1
172,4,839.29913,213.7774,260.30364999999995,212.8515,0.9038166403770447,-1,-1,-1
173,4,830.059,212.10631,264.61529999999993,218.61797,0.912402331829071,-1,-1,-1
174,4,818.4903,215.42308,264.45013000000006,219.59505,0.9070848226547241,-1,-1,-1
175,4,809.9471,220.75298,267.8325800000001,220.99638000000002,0.9024322628974915,-1,-1,-1
176,4,803.98035,221.5871,267.00574000000006,227.51248,0.8975251913070679,-1,-1,-1
177,4,794.2081,225.64212,269.9579,230.72620000000003,0.8971952795982361,-1,-1,-1
178,4,786.41187,226.7182,269.38710000000003,238.71997000000002,0.8971595764160156,-1,-1,-1
179,4,778.60583,231.40923,270.5637200000001,240.94252000000003,0.8990933895111084,-1,-1,-1
180,4,774.8676,234.1599,267.7345599999999,245.3037,0.9060181975364685,-1,-1,-1
181,4,766.1642,236.46251,271.06885,252.09053,0.9058874249458313,-1,-1,-1
182,4,759.76556,240.42662,272.80377,255.64006,0.9024404287338257,-1,-1,-1
183,4,754.5506,243.67387,277.32683999999995,258.84040000000005,0.9063077569007874,-1,-1,-1
184,4,752.96216,244.58093,277.9156499999999,262.09103000000005,0.9053192734718323,-1,-1,-1
185,4,751.55426,248.06859,282.16240000000005,267.24603,0.9050272703170776,-1,-1,-1
186,4,748.1419,253.03194,285.63884999999993,271.62402,0.9040970802307129,-1,-1,-1
186,10,1580.0662,399.50018,339.36681999999996,363.69684000000007,0.6877633333206177,-1,-1,-1
187,4,748.4361,258.529,292.70258,271.83685,0.9092153310775757,-1,-1,-1
187,10,1547.5112,376.22562,371.20056,373.07144,0.7419491410255432,-1,-1,-1
188,4,747.6577,261.12485,295.66076999999996,271.51077000000004,0.9053424596786499,-1,-1,-1
189,4,746.7061,266.614,305.92486999999994,277.94915999999995,0.9108964204788208,-1,-1,-1
189,10,1481.9269,374.4548,433.8665799999999,334.9127,0.6355606913566589,-1,-1,-1
190,4,747.75543,268.76025,309.9143700000001,279.74377,0.9117265343666077,-1,-1,-1
191,4,745.3425,271.62378,321.57996,284.68457,0.9106609225273132,-1,-1,-1
191,10,1429.7985,344.86282,441.71069999999986,347.41238000000004,0.6693021655082703,-1,-1,-1
192,4,744.2343,276.6174,331.1223799999999,284.2125500000001,0.9038028120994568,-1,-1,-1
193,4,745.7512,281.319,336.91369999999995,292.13138,0.891136109828949,-1,-1,-1
194,4,745.8802,285.39218,352.97943,294.71494,0.8851233720779419,-1,-1,-1
195,4,742.6635,288.08777,365.32477000000006,297.5708599999999,0.8844078183174133,-1,-1,-1
196,4,750.9369,294.52576,374.8045699999999,300.97209999999995,0.8860913515090942,-1,-1,-1
197,4,752.9991,298.91394,385.28496999999993,311.3380000000001,0.8892741203308105,-1,-1,-1
198,4,759.4569,301.35037,391.3045699999999,320.24167,0.8911463022232056,-1,-1,-1
199,4,771.525,301.8681,409.62316999999996,336.11523,0.906211793422699,-1,-1,-1
200,4,787.9417,304.23367,407.21393,346.90933,0.8874823451042175,-1,-1,-1
201,4,797.3176,307.63727,419.67602999999997,351.8957500000001,0.8965581059455872,-1,-1,-1
202,4,811.5677,315.13968,441.60297,355.28708000000006,0.8901339173316956,-1,-1,-1
203,4,829.27423,320.85416,445.66498,364.1838,0.8600204586982727,-1,-1,-1
204,4,846.0233,322.00494,465.88342,382.4029,0.8807435631752014,-1,-1,-1
205,4,860.309,325.2748,485.51970000000006,414.6038500000001,0.8622283339500427,-1,-1,-1
206,4,880.82104,330.81934,501.0792200000001,433.43494,0.8713907599449158,-1,-1,-1
207,4,899.906,335.3267,526.89185,442.31558,0.8869734406471252,-1,-1,-1
208,4,914.04205,332.02444,533.7301600000001,463.9407,0.8622050285339355,-1,-1,-1
209,4,926.2422,345.74603,557.9946000000001,462.5440699999999,0.863415539264679,-1,-1,-1
210,4,965.86066,335.2511,582.5088499999999,498.70428,0.8504899740219116,-1,-1,-1
211,4,975.403,357.34024,628.2769000000001,504.41959999999995,0.8580443263053894,-1,-1,-1
212,4,1016.65186,372.37527,633.3279000000001,514.9625,0.8741199970245361,-1,-1,-1
213,4,1044.3727,382.98044,674.8241,530.0348999999999,0.8575810194015503,-1,-1,-1
214,4,1071.8187,378.6717,709.3135,567.4881,0.8528443574905396,-1,-1,-1
215,4,1115.9598,397.35016,745.0248999999999,584.8963000000001,0.8460311889648438,-1,-1,-1
215,12,941.10144,176.95758,165.64819999999997,115.28448500000002,0.6133652925491333,-1,-1,-1
216,4,1151.1946,414.4244,768.8054,619.1699,0.8401654958724976,-1,-1,-1
216,12,941.3323,177.57312,180.8830600000001,115.93465999999998,0.7265775203704834,-1,-1,-1
217,4,1189.6366,422.31604,730.3634,631.3114,0.831160843372345,-1,-1,-1
217,12,954.8209,174.83951,187.48645,122.71331999999998,0.8003146052360535,-1,-1,-1
218,4,1242.0876,432.66537,677.9123499999998,647.3346000000001,0.7885604500770569,-1,-1,-1
218,12,970.6997,175.17247,193.6001,124.91047999999998,0.786516547203064,-1,-1,-1
219,12,985.67175,175.22093,187.24181999999996,122.55939999999998,0.7026472091674805,-1,-1,-1
220,12,1005.4078,174.51904,191.95270000000005,122.94147000000001,0.7572855353355408,-1,-1,-1
221,12,1028.843,175.60182,194.77160000000003,127.57027000000002,0.6959787607192993,-1,-1,-1
222,13,1099.6515,236.60355,242.74450000000002,190.13947,0.8364008069038391,-1,-1,-1
224,13,1115.8989,236.23145,238.12220000000002,180.58878000000004,0.7633971571922302,-1,-1,-1
225,13,1140.6573,237.58888,235.26465000000007,177.67707999999996,0.7210944294929504,-1,-1,-1
226,13,1143.3528,234.44492,241.12842,175.75662000000003,0.860485315322876,-1,-1,-1
227,13,1155.4877,231.88171,240.90686000000005,174.23447,0.8364574909210205,-1,-1,-1
228,13,1169.633,232.8701,242.31286999999998,171.60401999999996,0.7194460034370422,-1,-1,-1
229,13,1198.0089,227.45898,228.5709199999999,171.69522,0.8576048612594604,-1,-1,-1
230,13,1210.3447,229.6191,234.15894000000003,166.65746000000001,0.8494184613227844,-1,-1,-1
231,13,1224.8213,228.95003,233.8082300000001,164.11702,0.7805384993553162,-1,-1,-1
232,13,1249.8545,229.78136,227.3982000000001,157.77046,0.8135769963264465,-1,-1,-1
233,13,1272.5222,219.78456,220.90905999999995,166.06360999999998,0.8219846487045288,-1,-1,-1
234,13,1286.949,219.3144,216.13623000000007,163.85225,0.822199285030365,-1,-1,-1
235,13,1306.4061,214.91489,210.1945800000001,166.66989,0.7888451218605042,-1,-1,-1
235,14,1203.6418,182.06487,167.4527599999999,142.81526,0.7079849243164062,-1,-1,-1
236,14,1208.4718,181.5632,166.21191,145.28307999999998,0.8327437043190002,-1,-1,-1
237,14,1210.3431,182.1759,167.22559,147.70215000000002,0.8715988397598267,-1,-1,-1
238,14,1211.9304,184.04243,166.86255000000006,146.45753,0.8686420917510986,-1,-1,-1
239,14,1210.7526,185.57649,168.36987,146.47309999999996,0.8647939562797546,-1,-1,-1
240,14,1208.3981,187.49472,169.09265000000005,147.08471999999998,0.8687087893486023,-1,-1,-1
241,14,1203.62,188.35114,172.6245100000001,147.55246,0.8849432468414307,-1,-1,-1
242,14,1198.7992,189.07153,173.8693800000001,151.11269999999996,0.9092180132865906,-1,-1,-1
243,14,1189.7825,191.01784,177.4840099999999,149.33257,0.8858035206794739,-1,-1,-1
244,14,1180.3019,190.42607,184.89905,154.46901,0.9023423790931702,-1,-1,-1
245,14,1172.6787,191.15283,186.00403000000006,155.11441000000002,0.8825504183769226,-1,-1,-1
246,14,1160.3586,192.22617,195.4076,156.67755000000002,0.8915681838989258,-1,-1,-1
247,14,1151.92,193.30841,195.5908199999999,158.72707999999997,0.8911058902740479,-1,-1,-1
248,14,1138.6339,194.57098,200.59167000000002,161.10162,0.8918471336364746,-1,-1,-1
249,14,1130.906,198.81587,203.16919000000007,156.2599,0.888207733631134,-1,-1,-1
250,14,1112.1013,199.90622,203.53772000000004,159.48404000000002,0.8843878507614136,-1,-1,-1
251,14,1098.8358,201.44092,211.18419999999992,159.59122000000002,0.8958559632301331,-1,-1,-1
252,14,1082.2966,201.50035,214.3775599999999,162.71602,0.8987892866134644,-1,-1,-1
253,14,1070.3228,202.1056,218.42797999999993,162.86454999999998,0.8890965580940247,-1,-1,-1
254,14,1053.1713,202.70671,225.69543,165.98122,0.8948986530303955,-1,-1,-1
255,14,1041.9689,203.1614,220.06628,167.88046,0.9051807522773743,-1,-1,-1
256,14,1026.545,206.43779,218.01769999999988,168.64955000000003,0.8936177492141724,-1,-1,-1
257,14,1011.2873,204.90373,220.5532800000001,172.69579,0.8912614583969116,-1,-1,-1
258,14,993.73645,207.34258,226.93726000000004,173.29200000000003,0.894797146320343,-1,-1,-1
259,14,977.3462,208.22426,229.15599999999995,178.22239999999996,0.8958359956741333,-1,-1,-1
260,14,963.1181,209.46045,230.38373000000013,182.41063999999997,0.9143984317779541,-1,-1,-1
261,14,946.3231,211.9146,239.21033,180.87569000000002,0.9025158882141113,-1,-1,-1
262,14,924.9864,218.94975,248.82367,177.59105,0.8879820108413696,-1,-1,-1
263,14,909.21326,219.10843,246.5983900000001,181.66064,0.8860129117965698,-1,-1,-1
264,14,894.9211,221.99683,249.69146999999998,182.60672,0.8916888236999512,-1,-1,-1
265,14,879.7939,223.15154,247.91583000000003,184.41001999999997,0.8911329507827759,-1,-1,-1
266,14,865.14545,221.31413,246.1192000000001,191.58626,0.8977656960487366,-1,-1,-1
267,14,849.81146,222.12186,247.32146999999998,194.30814,0.9054612517356873,-1,-1,-1
268,14,837.3593,225.12134,248.29607999999996,193.84219999999996,0.8992508053779602,-1,-1,-1
269,14,824.20526,228.58391,249.51800000000003,197.1184,0.8962084650993347,-1,-1,-1
270,14,812.3263,228.25586,253.4266399999999,201.22369999999998,0.9017907381057739,-1,-1,-1
271,14,799.7574,229.99525,249.94499999999994,203.66614999999996,0.9150137305259705,-1,-1,-1
272,14,787.83136,235.40472,251.76006999999993,203.84127999999998,0.8981961011886597,-1,-1,-1
273,14,776.7498,236.18062,256.11346000000003,209.50800999999998,0.8978841304779053,-1,-1,-1
274,14,762.57355,240.62755,254.88855,212.92876000000004,0.8987927436828613,-1,-1,-1
275,14,753.0697,240.89171,256.55224999999996,218.48778,0.9095914363861084,-1,-1,-1
276,14,740.65594,243.12965,260.37964,222.16609000000003,0.9019256830215454,-1,-1,-1
276,15,1360.0671,161.28275,181.84325999999987,125.18185400000002,0.6336488127708435,-1,-1,-1
277,14,732.5689,247.87077,256.98846000000003,222.05858,0.8942034840583801,-1,-1,-1
277,15,1340.95,154.06287,187.61718999999994,131.61276,0.7153304219245911,-1,-1,-1
278,14,726.49,253.39232,256.3913600000001,227.10393000000002,0.9059411883354187,-1,-1,-1
278,15,1322.6703,154.05963,187.92163000000005,130.24435000000003,0.7123379111289978,-1,-1,-1
279,14,720.6913,257.28793,256.21478,231.30106,0.913070797920227,-1,-1,-1
279,15,1302.2334,150.12968,194.12365999999997,133.71263,0.6867590546607971,-1,-1,-1
280,14,716.3366,262.47104,260.9702,232.46994,0.9144800901412964,-1,-1,-1
280,15,1282.283,150.53618,194.12878,131.63628,0.7766481041908264,-1,-1,-1
