61,0,0.0,1154.7937,855.49023,624.1245000000001,0.8010423183441162,-1,-1,-1
62,0,243.17955,1149.2946,738.058,524.1764000000001,0.8381376266479492,-1,-1,-1
63,0,418.5755,1124.6161,678.6292000000001,471.01037999999994,0.8411229252815247,-1,-1,-1
64,0,580.7726,1104.9668,602.12024,420.0869,0.8094621300697327,-1,-1,-1
65,0,726.64307,1091.8822,544.6936,387.78882,0.8324699401855469,-1,-1,-1
66,0,848.5033,1068.8271,490.82263,364.16967999999997,0.8078134059906006,-1,-1,-1
67,0,942.9733,1052.0848,470.13934000000006,335.69336,0.8346355557441711,-1,-1,-1
68,0,1031.0288,1040.2021,418.33582,309.9489699999999,0.80742347240448,-1,-1,-1
69,0,1122.1045,1036.7239,377.7057,284.05224999999996,0.8117070198059082,-1,-1,-1
70,0,1174.2738,1025.2168,363.7119,265.54358,0.8018617630004883,-1,-1,-1
71,0,1251.8315,1017.9933,319.6051,246.17369999999994,0.7897853255271912,-1,-1,-1
72,0,1305.1157,1009.4197,297.35277999999994,237.40783999999996,0.8330789804458618,-1,-1,-1
73,0,1350.7361,999.4685,277.89977999999996,226.36510999999996,0.8447877168655396,-1,-1,-1
74,0,1391.8635,989.5358,263.44055000000003,215.37396,0.774871826171875,-1,-1,-1
75,0,1430.4526,989.8469,248.31908999999996,201.31409000000008,0.8347245454788208,-1,-1,-1
76,0,1455.8301,982.2916,240.95764000000008,199.9620399999999,0.8145911693572998,-1,-1,-1
77,0,1489.2275,979.61273,222.36852999999996,186.27106000000003,0.8462501764297485,-1,-1,-1
78,0,1515.622,976.2488,215.27832000000012,179.84729000000004,0.8349965214729309,-1,-1,-1
79,0,1543.8275,972.25494,204.90294999999992,173.32428000000004,0.8459377288818359,-1,-1,-1
80,0,1570.3265,968.5507,194.36462000000006,166.53790000000004,0.8208420872688293,-1,-1,-1
81,0,1590.8795,963.68896,190.36743,164.11315999999988,0.8323684334754944,-1,-1,-1
82,0,1611.3538,962.1396,184.37743999999998,159.9756500000001,0.8544155359268188,-1,-1,-1
83,0,1628.7927,960.1547,177.40050999999994,154.46173,0.8710953593254089,-1,-1,-1
84,0,1644.5557,955.547,173.22632,152.72191999999995,0.829710841178894,-1,-1,-1
85,0,1658.0618,953.1267,173.99854000000005,146.6090099999999,0.8300749659538269,-1,-1,-1
86,0,1671.2067,952.93365,168.90173000000004,143.05413999999996,0.8040680289268494,-1,-1,-1
87,0,1684.6116,948.72485,167.06835999999998,143.54552999999999,0.8231033682823181,-1,-1,-1
88,0,1698.7405,947.5526,161.4249299999999,138.2817399999999,0.8222832679748535,-1,-1,-1
89,0,1710.8342,949.9582,154.93554999999992,132.78961000000004,0.8226035237312317,-1,-1,-1
90,0,1720.9702,947.406,154.69775000000004,131.43774000000008,0.8004699945449829,-1,-1,-1
91,0,1733.045,946.6102,152.86376999999993,127.62560999999994,0.7737363576889038,-1,-1,-1
92,0,1742.4327,941.34216,150.8614500000001,128.60486000000003,0.8267834186553955,-1,-1,-1
93,0,1756.0895,941.2047,147.96227999999996,126.45080600000006,0.8159338235855103,-1,-1,-1
94,0,1765.6433,941.6668,142.4767999999999,121.0796499999999,0.7912537455558777,-1,-1,-1
95,0,1773.2452,938.3324,143.19702000000007,122.40600599999993,0.7971453666687012,-1,-1,-1
96,0,1785.1235,937.4866,137.10448999999994,121.26367000000005,0.7941307425498962,-1,-1,-1
97,0,1788.585,936.01904,137.18554999999992,120.04455599999994,0.7438910603523254,-1,-1,-1
98,0,1795.1013,932.95526,136.12401999999997,122.7468899999999,0.7060037851333618,-1,-1,-1
99,0,1799.6112,932.1969,133.79271999999992,117.8341099999999,0.674366295337677,-1,-1,-1
100,0,1806.9055,931.5834,134.66650000000004,117.16552999999999,0.6259065866470337,-1,-1,-1
140,1,222.56516,1127.4698,858.6205999999999,517.0226,0.8133774399757385,-1,-1,-1
141,1,446.09482,1113.3014,743.4717,454.87878,0.834776759147644,-1,-1,-1
142,1,620.5995,1096.279,650.7562,405.4602,0.8304153084754944,-1,-1,-1
143,1,784.7694,1069.839,571.8905999999998,382.76123000000007,0.8181207180023193,-1,-1,-1
144,1,912.9005,1053.4546,514.70264,352.09691999999995,0.860853910446167,-1,-1,-1
145,1,1010.7472,1043.2385,465.5328400000001,323.78027,0.8554982542991638,-1,-1,-1
146,1,1092.292,1034.501,422.98865,289.92102,0.8266487717628479,-1,-1,-1
147,1,1164.5771,1024.1978,386.29882999999995,273.54467999999997,0.8046977519989014,-1,-1,-1
148,1,1219.4677,1013.9462,372.80224999999996,259.27704000000006,0.8171054720878601,-1,-1,-1
149,1,1287.7903,1006.39343,337.51586999999995,242.60497999999995,0.8489084839820862,-1,-1,-1
150,1,1339.6831,996.093,315.59473,237.00220000000002,0.8482284545898438,-1,-1,-1
151,1,1384.3948,993.8231,294.98242000000005,219.0371100000001,0.8521563410758972,-1,-1,-1
152,1,1434.0472,985.95123,272.6928700000001,206.56073000000004,0.8552766442298889,-1,-1,-1
153,1,1466.9989,979.42334,255.42907999999989,199.4303,0.8590055108070374,-1,-1,-1
154,1,1500.8108,975.6655,242.18993999999998,186.66649999999993,0.8575771450996399,-1,-1,-1
155,1,1530.1342,970.9729,230.28015000000005,183.08251999999993,0.8646360039710999,-1,-1,-1
156,1,1560.5508,966.80615,213.0866699999999,174.04944000000012,0.866929829120636,-1,-1,-1
157,1,1585.7231,961.9558,205.15746999999988,167.44213999999988,0.8688530921936035,-1,-1,-1
158,1,1607.2455,960.8359,195.09400000000005,161.3156100000001,0.8807690143585205,-1,-1,-1
159,1,1626.4365,959.7828,191.00342,154.64141999999993,0.8858880996704102,-1,-1,-1
160,1,1642.8242,953.99255,186.28052000000002,155.73961999999995,0.8634394407272339,-1,-1,-1
161,1,1656.8826,952.9646,181.60961999999995,150.59789999999998,0.8596611022949219,-1,-1,-1
162,1,1673.353,950.8051,175.18480999999997,145.18109000000004,0.8524256944656372,-1,-1,-1
163,1,1687.6776,947.9286,169.43444999999997,141.5718999999999,0.847769558429718,-1,-1,-1
164,1,1702.1597,947.39136,165.77612,136.81640000000004,0.8501054048538208,-1,-1,-1
165,1,1715.5869,945.5545,162.53296,133.4811400000001,0.8472426533699036,-1,-1,-1
166,1,1727.8179,945.4347,158.06824000000006,129.19249999999988,0.8633676767349243,-1,-1,-1
167,1,1737.364,940.99475,154.45922999999993,128.82568000000003,0.8560577034950256,-1,-1,-1
168,1,1746.7229,941.32825,152.83105,127.75597999999991,0.8643340468406677,-1,-1,-1
169,1,1762.7634,939.99146,147.94092,124.71435500000007,0.8588122725486755,-1,-1,-1
170,1,1772.4016,938.41785,145.67138999999997,120.99596999999994,0.8536139130592346,-1,-1,-1
171,1,1779.4143,935.46265,143.11597000000006,121.63549999999998,0.849651038646698,-1,-1,-1
172,1,1786.6467,933.813,142.72827000000007,121.12243999999998,0.84499591588974,-1,-1,-1
173,1,1795.072,930.49225,140.8624299999999,119.4967650000001,0.7619937062263489,-1,-1,-1
174,1,1801.5687,929.66156,137.92760999999996,118.92547599999989,0.7905154824256897,-1,-1,-1
175,1,1809.0021,928.00653,139.27429000000006,119.99005,0.7887693047523499,-1,-1,-1
176,1,1815.3127,929.11145,137.00316999999995,116.88488999999993,0.7169139385223389,-1,-1,-1
177,1,1821.2543,929.0137,136.8298299999999,115.0169699999999,0.6394590735435486,-1,-1,-1
195,2,551.4908,1058.9778,743.7770399999999,427.62122,0.7418341636657715,-1,-1,-1
196,2,724.8041,1045.6338,649.68665,382.14429999999993,0.7940855026245117,-1,-1,-1
197,2,865.5206,1038.8789,576.3961,346.73926000000006,0.8043211698532104,-1,-1,-1
198,2,985.1665,1028.2928,503.7330300000001,317.31482000000005,0.8076052665710449,-1,-1,-1
199,2,1077.4092,1019.21985,450.69397000000004,288.05078000000003,0.8315145373344421,-1,-1,-1
200,2,1166.3531,1008.0242,402.46252000000004,264.99597000000006,0.8316305875778198,-1,-1,-1
201,2,1217.1962,999.19604,385.23620000000005,254.7799,0.8368895053863525,-1,-1,-1
202,2,1275.8931,994.4529,358.7497599999999,244.17883000000006,0.8643577694892883,-1,-1,-1
203,2,1343.0396,982.5994,329.0912000000001,234.60199,0.8594233393669128,-1,-1,-1
204,2,1383.169,980.5297,309.00389999999993,216.40301999999997,0.8682262897491455,-1,-1,-1
205,2,1439.2161,974.1355,275.54077000000007,207.17577999999992,0.8715214133262634,-1,-1,-1
206,2,1472.4106,968.64044,259.75952000000007,197.53949,0.8637361526489258,-1,-1,-1
207,2,1507.0784,965.7465,245.6072999999999,187.72417999999993,0.8594821691513062,-1,-1,-1
208,2,1539.531,960.10223,228.86597000000006,182.0044600000001,0.8839936256408691,-1,-1,-1
209,2,1571.2128,956.6217,217.58850000000007,173.42249000000004,0.8716947436332703,-1,-1,-1
210,2,1591.1289,955.95105,207.27135999999996,163.53490999999997,0.8980339765548706,-1,-1,-1
211,2,1612.5287,954.21387,200.78430000000003,157.57861000000003,0.8882415294647217,-1,-1,-1
212,2,1636.4167,947.5601,191.52099999999996,155.9085100000001,0.8608925938606262,-1,-1,-1
213,2,1646.979,946.6564,189.18822999999998,151.70727999999997,0.8540593981742859,-1,-1,-1
214,2,1666.7645,946.7095,181.64879999999994,146.71338000000003,0.8351439833641052,-1,-1,-1
215,2,1679.8024,943.5107,179.87096999999994,143.23395000000005,0.8519994616508484,-1,-1,-1
216,2,1698.3301,940.34827,170.74854000000005,141.58800999999994,0.8476383686065674,-1,-1,-1
217,2,1712.0471,940.3508,170.12329,136.98070999999993,0.8403446078300476,-1,-1,-1
218,2,1723.3474,939.22925,168.63646999999992,132.92761000000007,0.8518762588500977,-1,-1,-1
219,2,1735.5088,936.338,158.5232000000001,130.59753,0.8500436544418335,-1,-1,-1
220,2,1748.7395,936.1876,154.18517999999995,125.55675999999994,0.8444215655326843,-1,-1,-1
221,2,1763.3047,936.6513,150.22412000000008,121.61187999999993,0.849310040473938,-1,-1,-1
222,2,1771.4514,934.81555,147.02539000000002,120.1887200000001,0.8384689688682556,-1,-1,-1
223,2,1780.0775,930.464,146.5326,122.14269999999999,0.8399399518966675,-1,-1,-1
224,2,1788.6901,927.7722,140.64635999999996,119.8894039999999,0.7915846705436707,-1,-1,-1
225,2,1797.6914,926.7731,136.0177000000001,118.43445000000008,0.8054037690162659,-1,-1,-1
226,2,1803.4861,924.1925,134.30383000000006,118.36511000000007,0.7720763683319092,-1,-1,-1
227,2,1809.9778,924.559,133.92968999999994,116.31927500000006,0.7604398131370544,-1,-1,-1
228,2,1818.0117,924.50134,135.78125,112.80016999999998,0.7525590658187866,-1,-1,-1
229,2,1824.9746,924.9149,132.03197999999998,111.92883000000006,0.698466956615448,-1,-1,-1
230,2,1830.6415,925.34717,129.94384999999988,108.1917699999999,0.6058172583580017,-1,-1,-1
232,2,1846.4797,925.86597,121.05053999999996,103.5384499999999,0.6236241459846497,-1,-1,-1
233,2,1852.9358,928.1428,115.953125,99.23620599999992,0.6284043788909912,-1,-1,-1
234,2,1859.3679,929.3344,115.05249000000003,96.07928500000003,0.6502381563186646,-1,-1,-1
235,2,1862.8607,926.89526,116.30798000000004,97.28026999999997,0.6023380160331726,-1,-1,-1
249,3,1763.4443,867.6618,128.1656499999999,109.63043000000005,0.7211040258407593,-1,-1,-1
250,3,1756.3906,866.447,132.21996999999988,110.88622999999995,0.7729433178901672,-1,-1,-1
251,3,1749.4343,868.405,134.66101000000003,109.97924999999998,0.7807913422584534,-1,-1,-1
252,3,1742.5027,865.21313,138.66942999999992,113.78052000000002,0.8171992301940918,-1,-1,-1
253,3,1736.0242,863.5322,137.74963000000002,116.70166000000006,0.8136919140815735,-1,-1,-1
254,3,1729.2694,860.0244,139.37378000000012,122.11639400000001,0.8245145082473755,-1,-1,-1
255,3,1722.4158,859.9661,140.44860999999992,123.08838000000003,0.8189634084701538,-1,-1,-1
256,3,1710.8438,862.251,147.65820000000008,122.22564999999997,0.8126810193061829,-1,-1,-1
257,3,1699.5221,858.4685,152.2906499999999,128.19408999999996,0.8254597783088684,-1,-1,-1
258,3,1692.0688,860.85724,152.21849999999995,127.55553999999995,0.8433224558830261,-1,-1,-1
259,3,1673.6389,855.3253,157.51648,133.28735000000006,0.8190897703170776,-1,-1,-1
260,3,1660.8169,854.4769,165.96508999999992,134.82025,0.8210326433181763,-1,-1,-1
261,3,1647.3455,858.237,165.10888999999997,135.42846999999995,0.8211331963539124,-1,-1,-1
262,3,1633.2559,852.1998,174.90112,141.27704000000006,0.813136875629425,-1,-1,-1
263,3,1622.1389,852.5215,173.12572999999998,145.09631000000002,0.8213104605674744,-1,-1,-1
264,3,1606.637,850.7897,177.52466000000004,147.16778999999997,0.850271463394165,-1,-1,-1
265,3,1586.3068,848.0775,184.92858999999999,153.15723000000003,0.8378716707229614,-1,-1,-1
266,3,1568.8422,845.3634,192.60950000000003,158.43548999999996,0.8515488505363464,-1,-1,-1
267,3,1552.5327,850.8365,197.4785199999999,156.2024,0.8615032434463501,-1,-1,-1
268,3,1524.3726,846.5579,205.1648,162.67638999999997,0.8289085030555725,-1,-1,-1
269,3,1507.4938,844.82007,210.28441999999995,166.63147000000004,0.8584729433059692,-1,-1,-1
270,3,1476.81,840.5486,231.52979000000005,175.37560999999994,0.8590760827064514,-1,-1,-1
271,3,1454.4435,840.5899,239.64417000000003,179.65839000000005,0.8655188679695129,-1,-1,-1
272,3,1426.3232,839.63745,251.83167000000003,182.56500000000005,0.8418901562690735,-1,-1,-1
273,3,1388.7549,837.8893,267.16553,186.65185999999994,0.8429664969444275,-1,-1,-1
274,3,1344.2446,836.2091,289.86084000000005,197.8442399999999,0.8578436970710754,-1,-1,-1
275,3,1301.7213,835.1282,313.5327,205.43151999999998,0.864692211151123,-1,-1,-1
276,3,1254.0667,829.5375,336.03772000000004,216.50427000000002,0.8743916153907776,-1,-1,-1
277,3,1208.2505,827.82135,359.61840000000007,224.2037999999999,0.8748587965965271,-1,-1,-1
278,3,1145.7295,824.7023,387.1875,234.45898,0.8655391335487366,-1,-1,-1
279,3,1080.9607,817.06116,419.32312,251.23974999999996,0.8622400164604187,-1,-1,-1
280,3,1002.35626,812.36456,466.15716999999995,269.98810000000003,0.8416313529014587,-1,-1,-1
281,3,915.82275,795.03784,512.1649,298.7599,0.8572474122047424,-1,-1,-1
282,3,815.4475,780.79803,541.2418,327.80280000000005,0.8562502264976501,-1,-1,-1
283,3,713.7796,777.07214,590.6302,346.13318000000004,0.8422917723655701,-1,-1,-1
284,3,597.4203,777.199,638.598,365.05823,0.8441314101219177,-1,-1,-1
285,3,430.617,759.6298,738.58014,396.37725999999986,0.8416446447372437,-1,-1,-1
286,3,245.16365,744.03595,822.5069000000001,439.9474500000001,0.8445802927017212,-1,-1,-1
287,3,49.09645,736.6847,912.65564,486.5121999999999,0.8477659225463867,-1,-1,-1
288,3,5.0704956,765.9198,829.559,484.7393800000001,0.6207067966461182,-1,-1,-1
289,3,0.0,747.7127,673.64526,556.6613,0.6013386249542236,-1,-1,-1
301,4,0.0,1150.3726,972.62585,556.6742999999999,0.8239239454269409,-1,-1,-1
302,4,292.3256,1136.0114,803.8024999999999,474.74119999999994,0.8429843187332153,-1,-1,-1
303,4,499.3139,1110.9568,700.5915999999999,433.17589999999996,0.829129159450531,-1,-1,-1
304,4,633.01465,1086.2006,652.0621299999999,388.1945800000001,0.8363308906555176,-1,-1,-1
305,4,817.2521,1058.0715,535.6789599999998,359.2146,0.8517021536827087,-1,-1,-1
306,4,924.3408,1048.9513,492.3623,327.49963,0.8589439988136292,-1,-1,-1
307,4,1019.9452,1033.657,440.5393,299.56006,0.8242496848106384,-1,-1,-1
308,4,1097.0284,1026.9452,407.28576999999996,274.7478000000001,0.8280532956123352,-1,-1,-1
309,4,1172.2422,1015.1901,368.75415,257.17010000000005,0.8313456773757935,-1,-1,-1
310,4,1231.8179,1004.8927,351.6828599999999,245.11937999999998,0.8567574620246887,-1,-1,-1
311,4,1297.1051,995.2086,316.3733,236.0346699999999,0.8630293607711792,-1,-1,-1
312,4,1348.0768,986.4115,292.16858,226.73291000000006,0.8553902506828308,-1,-1,-1
313,4,1393.0479,981.0646,278.65380000000005,214.24987999999996,0.8523706793785095,-1,-1,-1
314,4,1432.9432,979.19653,261.47803,198.1308600000001,0.8618253469467163,-1,-1,-1
315,4,1462.825,971.81445,250.79834000000005,193.56775000000005,0.8494940996170044,-1,-1,-1
316,4,1494.8074,966.82434,236.30860000000007,188.255,0.8512883186340332,-1,-1,-1
317,4,1530.7251,962.4745,216.75414999999998,181.1063200000001,0.8599427938461304,-1,-1,-1
318,4,1553.4081,958.3771,211.58935999999994,173.99230999999997,0.8833017349243164,-1,-1,-1
319,4,1578.9264,958.11804,201.36962999999992,165.35705999999993,0.8793985843658447,-1,-1,-1
320,4,1602.2607,955.5499,190.5426,160.93262000000004,0.8829680681228638,-1,-1,-1
321,4,1620.0726,954.0675,186.42029000000002,153.59093999999993,0.8752684593200684,-1,-1,-1
322,4,1636.6211,948.70557,182.85277999999994,152.02050999999994,0.8673182129859924,-1,-1,-1
323,4,1653.9634,948.4442,173.77612,147.22229000000004,0.8560205698013306,-1,-1,-1
324,4,1670.7129,947.9892,167.80029999999988,140.70391999999993,0.8541420102119446,-1,-1,-1
325,4,1685.3473,944.89246,165.74097000000006,139.4595999999999,0.8737426996231079,-1,-1,-1
326,4,1696.7041,941.8207,162.22717000000011,137.92724999999996,0.8639663457870483,-1,-1,-1
327,4,1711.0797,941.3013,156.50757,135.1060799999999,0.8573274612426758,-1,-1,-1
328,4,1721.6152,939.97327,153.65917999999988,127.40515000000005,0.832239031791687,-1,-1,-1
329,4,1736.4768,938.23254,144.98253999999997,126.68004999999994,0.8293522000312805,-1,-1,-1
330,4,1745.7886,936.99536,141.19873000000007,123.56103500000006,0.8363423943519592,-1,-1,-1
331,4,1756.7026,939.9358,137.28394000000003,118.85009999999988,0.8477191925048828,-1,-1,-1
332,4,1767.8928,938.0374,134.3349599999999,114.16485599999999,0.8520609140396118,-1,-1,-1
333,4,1778.2899,939.7783,131.29638999999997,109.28234999999995,0.8314682841300964,-1,-1,-1
334,4,1788.2544,935.8819,131.74901999999997,109.7147799999999,0.8339648246765137,-1,-1,-1
335,4,1794.3679,933.0301,129.47998000000007,109.98334,0.8124308586120605,-1,-1,-1
336,4,1802.7542,931.34247,122.98290999999995,108.36700399999995,0.8131265640258789,-1,-1,-1
337,4,1807.6272,930.08905,121.11401000000001,109.34076000000005,0.7838033437728882,-1,-1,-1
338,4,1814.3524,929.63684,122.39416499999993,108.32361000000003,0.7418243885040283,-1,-1,-1
344,5,1716.9805,867.1245,124.16869999999994,108.04956000000004,0.6007220149040222,-1,-1,-1
345,5,1707.3143,867.8972,123.19946000000004,106.84533999999996,0.747211217880249,-1,-1,-1
346,5,1698.0144,865.9337,129.61426000000006,111.16772500000002,0.7868452072143555,-1,-1,-1
347,5,1690.379,866.0141,130.85815000000002,112.38708499999996,0.7914798855781555,-1,-1,-1
348,5,1678.9856,864.031,132.08130000000006,115.47924999999998,0.7839912176132202,-1,-1,-1
349,5,1669.9498,867.776,135.66003,112.90685999999994,0.7627241611480713,-1,-1,-1
350,5,1657.1674,860.72437,138.46863000000008,120.74279999999999,0.790604829788208,-1,-1,-1
351,5,1649.948,857.82056,138.38562000000002,123.61144999999999,0.8106997013092041,-1,-1,-1
352,5,1642.0416,857.3401,138.1567399999999,126.01440400000001,0.8211463689804077,-1,-1,-1
353,5,1634.5132,864.7975,140.93360000000007,120.90332000000001,0.8159929513931274,-1,-1,-1
354,5,1621.895,860.4967,145.76562000000013,125.64801,0.8129288554191589,-1,-1,-1
355,5,1607.4084,858.10724,152.29613999999992,128.92181000000005,0.817605197429657,-1,-1,-1
356,5,1593.446,861.8303,158.10669000000007,128.09875,0.8116380572319031,-1,-1,-1
357,5,1577.6819,859.50806,163.8623,132.89153999999996,0.8048081398010254,-1,-1,-1
358,5,1567.2744,859.7626,160.77368,134.85686999999996,0.8169086575508118,-1,-1,-1
359,5,1555.4479,858.3697,160.35521999999992,139.10564999999997,0.8232397437095642,-1,-1,-1
360,5,1542.0665,860.0647,164.91942999999992,140.92620999999997,0.8291534781455994,-1,-1,-1
361,5,1519.4371,856.47003,174.36670000000004,143.65399000000002,0.8225523233413696,-1,-1,-1
362,5,1504.429,855.9879,178.54565000000002,146.61469,0.8034454584121704,-1,-1,-1
363,5,1482.1853,854.67163,188.4150400000001,150.24567000000002,0.8238883018493652,-1,-1,-1
364,5,1461.0723,856.47473,192.69164999999998,151.46301000000005,0.836992621421814,-1,-1,-1
365,5,1434.0388,856.7819,201.77368,153.89557000000002,0.8373623490333557,-1,-1,-1
366,5,1411.5387,857.64496,209.4928,156.76227000000006,0.8504148721694946,-1,-1,-1
367,5,1384.7778,857.80853,217.5915500000001,161.68499999999995,0.8574173450469971,-1,-1,-1
368,5,1352.8685,855.72363,234.76586999999995,164.05212000000006,0.8512412309646606,-1,-1,-1
369,5,1321.3763,855.15686,241.46973000000003,170.83862,0.8453691005706787,-1,-1,-1
370,5,1291.3402,854.07654,247.65686000000005,181.16454999999996,0.8601523041725159,-1,-1,-1
371,5,1248.8905,850.9802,267.76953000000003,186.3366699999999,0.8504629135131836,-1,-1,-1
372,5,1207.4121,852.2336,278.2086199999999,189.79718000000003,0.8761081695556641,-1,-1,-1
373,5,1166.574,855.0209,300.98950000000013,190.63952999999992,0.84513258934021,-1,-1,-1
374,5,1116.1903,855.76385,317.19409999999993,195.29889000000003,0.8360677361488342,-1,-1,-1
375,5,1054.0472,850.5529,341.88195999999994,211.591,0.8627563714981079,-1,-1,-1
376,5,986.6806,850.17523,370.67230000000006,221.03925000000004,0.8314021229743958,-1,-1,-1
377,5,914.2833,844.3013,403.01904000000013,234.36377000000005,0.8548159599304199,-1,-1,-1
377,6,1767.3838,861.96094,127.36376999999993,107.45421999999996,0.6361683011054993,-1,-1,-1
378,5,844.5537,832.3439,432.2839399999999,254.57067999999992,0.8329238891601562,-1,-1,-1
378,6,1761.9934,857.76794,129.80591000000004,111.24805000000003,0.6712393164634705,-1,-1,-1
379,5,750.36194,827.81,463.81470000000013,274.8742,0.8315823078155518,-1,-1,-1
379,6,1756.9135,858.5714,128.55347000000006,110.83953999999994,0.6841003894805908,-1,-1,-1
380,5,650.12756,814.24365,499.92150000000004,301.90369999999996,0.8304749131202698,-1,-1,-1
380,6,1747.68,857.92834,135.75378,111.70392000000004,0.7582359313964844,-1,-1,-1
381,5,547.7856,815.4365,542.61993,317.25574000000006,0.8279038071632385,-1,-1,-1
381,6,1743.2495,857.60815,132.45849999999996,113.94916,0.744489312171936,-1,-1,-1
382,5,406.66977,808.7146,603.7257,345.37354000000005,0.8347474932670593,-1,-1,-1
382,6,1738.8019,857.29504,132.16735999999992,115.09399399999995,0.7811700701713562,-1,-1,-1
383,5,274.17517,809.93713,647.6593,364.2798,0.8361768126487732,-1,-1,-1
383,6,1732.4863,854.547,133.83349999999996,120.20165999999995,0.8078143000602722,-1,-1,-1
384,5,81.90315,812.5305,742.9382,381.71973000000014,0.8076335191726685,-1,-1,-1
384,6,1727.1667,856.92993,132.5152599999999,118.31799000000001,0.8112013339996338,-1,-1,-1
385,5,2.4111938,807.3169,726.61115,414.54773,0.757363498210907,-1,-1,-1
385,6,1719.2874,857.9426,135.23999000000003,118.36095999999998,0.7881425619125366,-1,-1,-1
386,6,1710.0491,854.94495,139.8982000000001,122.63391000000001,0.8167247772216797,-1,-1,-1
387,6,1696.8044,858.9804,144.23046999999997,120.64484000000004,0.8285115957260132,-1,-1,-1
388,6,1690.6594,857.2629,141.8415500000001,121.89758000000006,0.8313265442848206,-1,-1,-1
389,6,1677.9443,852.79895,150.16235000000006,127.34314000000006,0.8182591795921326,-1,-1,-1
390,6,1661.9757,851.5753,155.37903000000006,130.35022000000004,0.8165402412414551,-1,-1,-1
391,6,1653.4045,852.52246,153.06274000000008,130.69196,0.8209901452064514,-1,-1,-1
392,6,1645.7766,854.36865,150.92407000000003,131.14795000000004,0.8220873475074768,-1,-1,-1
393,6,1631.8292,849.6974,156.29089999999997,137.91748000000007,0.8290602564811707,-1,-1,-1
394,6,1621.9469,846.6283,158.37427000000002,140.82641999999998,0.8396393060684204,-1,-1,-1
395,6,1609.3765,844.3126,164.44983000000002,145.51697000000001,0.8310613036155701,-1,-1,-1
396,6,1596.0688,842.8858,169.84167000000002,148.40381000000002,0.8126542568206787,-1,-1,-1
397,6,1581.3406,847.3524,171.14501999999993,146.2052,0.8217725157737732,-1,-1,-1
398,6,1566.7273,847.66516,177.65625,151.15650000000005,0.8432607650756836,-1,-1,-1
399,6,1552.467,848.0979,174.13635,152.49377000000004,0.8351580500602722,-1,-1,-1
400,6,1536.751,848.002,178.85437000000002,155.75072999999998,0.8519554138183594,-1,-1,-1
401,6,1518.2203,846.2977,188.59229000000005,159.35608000000002,0.8495534658432007,-1,-1,-1
402,6,1492.6881,843.5979,200.6790800000001,163.54931999999997,0.8344396948814392,-1,-1,-1
403,6,1470.6073,842.12463,210.22399999999993,169.50866999999994,0.861270546913147,-1,-1,-1
404,6,1442.0784,843.41095,222.93004999999994,172.31548999999995,0.8392937779426575,-1,-1,-1
405,6,1415.2512,841.9888,227.72020999999995,177.37927000000002,0.848442018032074,-1,-1,-1
406,6,1384.732,841.61194,240.5963099999999,184.91370000000006,0.8623392581939697,-1,-1,-1
407,6,1346.6196,840.2782,263.65563999999995,188.71423000000004,0.8537367582321167,-1,-1,-1
408,6,1312.7485,839.41864,274.30822999999987,195.64789000000007,0.8518475294113159,-1,-1,-1
409,6,1268.6742,834.18713,288.0743400000001,208.4586200000001,0.8607034087181091,-1,-1,-1
410,6,1224.5984,833.66016,301.30554000000006,212.58373999999992,0.8679839372634888,-1,-1,-1
411,6,1174.1445,830.71625,327.3762199999999,222.75519000000008,0.8646100163459778,-1,-1,-1
412,6,1120.3606,830.56934,346.12915,231.77368,0.8852918148040771,-1,-1,-1
413,6,1054.3622,821.1347,379.4662000000001,252.42766999999992,0.858883261680603,-1,-1,-1
414,6,986.41113,814.03796,406.2597700000001,269.03014999999994,0.8661695718765259,-1,-1,-1
415,6,902.78595,811.88995,438.57050000000004,280.31097,0.8551310300827026,-1,-1,-1
416,6,815.3943,801.17035,474.21629999999993,307.5424200000001,0.8381536602973938,-1,-1,-1
417,6,710.93396,802.2775,523.5923000000001,321.85846000000004,0.8370600342750549,-1,-1,-1
418,6,584.7029,788.8919,572.75146,353.82648000000006,0.837653398513794,-1,-1,-1
419,6,458.2434,782.10156,619.9548299999999,385.70544000000007,0.8635162711143494,-1,-1,-1
420,6,295.81537,780.1653,687.3614499999999,408.63367000000005,0.8554680943489075,-1,-1,-1
421,6,82.181625,775.8546,802.3804300000002,446.68457,0.8415976762771606,-1,-1,-1
422,6,0.0,763.4387,745.47455,488.9672999999999,0.7544248104095459,-1,-1,-1
485,7,1723.4082,864.0662,129.50928,114.44823999999994,0.658110499382019,-1,-1,-1
486,7,1714.4968,865.01636,130.86182000000008,112.81066999999996,0.66548091173172,-1,-1,-1
487,7,1709.2844,867.6932,132.30518000000006,112.58392000000003,0.7577347159385681,-1,-1,-1
488,7,1699.1445,870.3293,134.99097000000006,111.46331999999995,0.7748875021934509,-1,-1,-1
489,7,1691.164,870.1051,137.33582,112.532104,0.8092450499534607,-1,-1,-1
490,7,1680.7751,869.20044,139.59778000000006,114.95544400000006,0.8030011057853699,-1,-1,-1
491,7,1668.5618,869.20447,144.2883300000001,116.58325000000002,0.7954100966453552,-1,-1,-1
492,7,1652.5934,866.60767,147.62085000000002,121.86950999999999,0.7749587893486023,-1,-1,-1
493,7,1647.8274,863.308,147.43480999999997,125.44495000000006,0.8246210217475891,-1,-1,-1
494,7,1635.4417,862.2818,150.5959499999999,128.05315999999993,0.8214943408966064,-1,-1,-1
495,7,1619.79,859.57367,157.32909999999993,129.21691999999996,0.8029296398162842,-1,-1,-1
496,7,1610.3602,856.6515,159.4894999999999,135.48486000000003,0.8077993988990784,-1,-1,-1
497,7,1595.471,865.0928,163.00171,126.98089600000003,0.7718240022659302,-1,-1,-1
498,7,1580.3298,862.2313,166.54296999999997,135.16747999999995,0.8202757835388184,-1,-1,-1
499,7,1567.4708,860.8047,171.91382,138.81299,0.8249565958976746,-1,-1,-1
500,7,1552.224,859.17236,171.19652999999994,142.01171999999997,0.8054146766662598,-1,-1,-1
501,7,1534.5127,858.54095,177.32934999999998,145.96283000000005,0.8175656795501709,-1,-1,-1
502,7,1514.1669,860.1962,187.52685999999994,146.02252,0.8317075371742249,-1,-1,-1
503,7,1489.324,859.72565,196.77612,148.70483000000002,0.8219438791275024,-1,-1,-1
503,8,1749.9478,864.04364,130.76294000000007,109.59521499999994,0.6419649720191956,-1,-1,-1
504,7,1469.8969,857.96277,204.1748,153.74267999999995,0.8512944579124451,-1,-1,-1
504,8,1741.8899,863.4955,134.32104000000004,112.21264999999994,0.7082902193069458,-1,-1,-1
505,7,1437.0935,857.27606,217.88085999999998,157.99303999999995,0.8492360711097717,-1,-1,-1
505,8,1739.0326,866.63696,128.87940000000003,109.86084000000005,0.7215744256973267,-1,-1,-1
506,7,1414.9807,859.14856,221.85790999999995,159.25536999999997,0.8566157221794128,-1,-1,-1
506,8,1733.7683,867.59186,127.39013999999997,112.04711999999995,0.7336212992668152,-1,-1,-1
507,7,1389.729,859.5006,226.23046999999997,162.8822,0.8350089192390442,-1,-1,-1
507,8,1727.4591,864.37866,131.63147000000004,114.94568000000004,0.7862444519996643,-1,-1,-1
508,7,1351.1606,857.3091,245.95874000000003,170.59386999999992,0.8444239497184753,-1,-1,-1
508,8,1724.5896,869.181,128.0839800000001,111.31763000000001,0.7619709968566895,-1,-1,-1
509,7,1313.1858,855.5769,261.8144500000001,178.33837999999992,0.8448153138160706,-1,-1,-1
509,8,1714.419,868.10596,132.77648999999997,112.52239999999995,0.7763338088989258,-1,-1,-1
510,7,1270.7408,854.7302,283.2758799999999,184.65515000000005,0.8550105690956116,-1,-1,-1
510,8,1708.1183,871.6555,131.57836999999995,111.42742999999996,0.761337161064148,-1,-1,-1
511,7,1234.1715,854.2187,290.7201,189.55742999999995,0.8476125001907349,-1,-1,-1
511,8,1697.5991,866.3074,136.33130000000006,118.67278999999996,0.800896167755127,-1,-1,-1
512,7,1185.6157,855.8607,310.66003,195.53357000000005,0.8661618828773499,-1,-1,-1
512,8,1690.0795,867.91455,137.87354000000005,118.49401999999998,0.80853271484375,-1,-1,-1
513,7,1127.528,856.1399,332.77063,199.69799999999998,0.8324841260910034,-1,-1,-1
513,8,1675.4962,864.23816,143.63281000000006,121.73546999999996,0.7883176803588867,-1,-1,-1
514,7,1063.1328,854.5508,363.3545999999999,213.77710000000002,0.8748753070831299,-1,-1,-1
514,8,1662.4004,862.27893,147.99072,125.96538999999996,0.7922608852386475,-1,-1,-1
515,7,994.3109,850.8606,392.20984,225.62194999999997,0.8703164458274841,-1,-1,-1
515,8,1656.565,866.1609,146.40563999999995,126.53107,0.7942331433296204,-1,-1,-1
516,7,914.8529,843.4215,433.85217,241.99645999999996,0.8577042818069458,-1,-1,-1
516,8,1643.9033,863.6271,146.55944999999997,127.62256000000002,0.8253322839736938,-1,-1,-1
517,7,828.23395,839.1333,464.77753000000007,256.16845999999987,0.8359384536743164,-1,-1,-1
517,8,1631.7358,858.1141,149.96886999999992,132.29236000000003,0.8243932127952576,-1,-1,-1
518,7,724.35394,831.06714,521.8278,281.74132999999995,0.8254671692848206,-1,-1,-1
518,8,1619.3838,854.50836,157.2216800000001,137.13287000000003,0.8205969333648682,-1,-1,-1
519,7,633.00055,827.62134,547.4912999999999,301.50635,0.8230456709861755,-1,-1,-1
519,8,1606.6589,852.3541,159.83582,139.80176000000006,0.8139673471450806,-1,-1,-1
520,7,487.76788,819.4574,612.1836499999998,327.11120000000005,0.8135374784469604,-1,-1,-1
520,8,1594.6924,862.3114,161.2436499999999,131.9696,0.82096266746521,-1,-1,-1
521,7,328.91632,807.60406,704.4858999999999,358.6192,0.7750818729400635,-1,-1,-1
521,8,1577.9668,863.1367,163.15148999999997,137.01477,0.8300584554672241,-1,-1,-1
522,7,155.35767,810.45337,773.92365,378.41247999999996,0.7754137516021729,-1,-1,-1
522,8,1561.7267,863.01904,165.93444999999997,137.50092000000006,0.8252582550048828,-1,-1,-1
523,7,36.542664,810.15045,771.3842999999999,405.40106000000003,0.7656843662261963,-1,-1,-1
523,8,1546.0028,863.28827,171.28601000000003,140.98022000000003,0.8303166627883911,-1,-1,-1
524,7,1.634903,862.4883,725.27673,377.0337999999999,0.6847202181816101,-1,-1,-1
524,8,1523.8672,861.4417,179.79224,142.94739000000004,0.8421091437339783,-1,-1,-1
525,7,0.0,823.6859,474.39285,444.07506999999987,0.6444037556648254,-1,-1,-1
525,8,1503.1362,858.7137,186.27514999999994,150.96660999999995,0.8543108701705933,-1,-1,-1
526,8,1478.3252,857.9437,196.52954,151.69799999999998,0.8427827954292297,-1,-1,-1
527,8,1452.1597,857.7481,204.92749000000003,155.48461999999995,0.8389285206794739,-1,-1,-1
528,8,1427.9219,857.329,208.34534000000008,159.53856999999994,0.8717913031578064,-1,-1,-1
529,8,1394.0283,859.4809,226.26244999999994,160.45227,0.8654794692993164,-1,-1,-1
530,8,1360.558,859.30176,241.9431199999999,167.39379999999994,0.8606241941452026,-1,-1,-1
531,8,1330.7544,856.6388,243.8332499999999,172.33093000000008,0.853325605392456,-1,-1,-1
532,8,1285.2484,856.8058,267.73254,183.02380000000005,0.8786388635635376,-1,-1,-1
533,8,1247.6343,856.44464,274.34142999999995,187.45258,0.8783583641052246,-1,-1,-1
534,8,1198.1162,853.6163,291.13086,194.07855000000006,0.8412827849388123,-1,-1,-1
535,8,1150.9059,856.6167,312.69263,196.45409999999993,0.845199704170227,-1,-1,-1
536,8,1092.7578,855.0575,335.0156199999999,208.7335200000001,0.8692719340324402,-1,-1,-1
537,8,1019.859,854.9356,369.53650000000005,217.81158000000005,0.8700572848320007,-1,-1,-1
538,8,949.50836,849.21155,399.59590000000003,230.97144000000003,0.8578335642814636,-1,-1,-1
539,8,866.37604,837.1666,436.6083399999999,252.71508999999992,0.8567615747451782,-1,-1,-1
540,8,763.24835,830.17017,496.05779999999993,274.21472000000006,0.8514520525932312,-1,-1,-1
541,8,654.9873,821.026,536.1163300000001,296.89026,0.8480892181396484,-1,-1,-1
542,8,544.3528,816.6614,575.84424,321.99440000000004,0.8294698596000671,-1,-1,-1
543,8,400.15576,812.21423,635.9710700000002,345.74890000000005,0.8173671364784241,-1,-1,-1
544,8,233.68439,807.2143,699.7125,370.63091999999995,0.8388038277626038,-1,-1,-1
545,8,55.79834,805.6935,769.9051,396.09093999999993,0.7978286147117615,-1,-1,-1
546,8,7.526474,833.33936,725.2489,393.9920700000001,0.7824586629867554,-1,-1,-1
