32,0,765.89575,840.2033,421.82787999999994,239.39825000000008,0.78150475025177,-1,-1,-1
33,0,776.2544,807.0497,406.98119999999994,272.9503199999999,0.7342725992202759,-1,-1,-1
34,0,796.8129,772.1983,378.40204000000006,307.8017,0.8610498905181885,-1,-1,-1
35,0,806.2118,739.19525,365.6052199999999,310.77520000000004,0.9067258834838867,-1,-1,-1
36,0,816.25146,713.56885,353.89977999999996,301.78778,0.8904517292976379,-1,-1,-1
37,0,827.8642,681.8536,341.11932,294.57666000000006,0.92024165391922,-1,-1,-1
38,0,836.74493,656.50525,330.9473300000001,284.3824000000001,0.9033442139625549,-1,-1,-1
39,0,842.183,632.0497,322.3082300000001,276.26250000000005,0.9168438911437988,-1,-1,-1
40,0,847.85016,607.5619,313.5078699999999,269.31219999999996,0.9067583084106445,-1,-1,-1
41,0,855.7828,591.3516,303.5457200000001,258.1858,0.9078686237335205,-1,-1,-1
42,0,865.7105,571.7129,294.0856299999999,249.44324000000006,0.9039771556854248,-1,-1,-1
43,0,872.031,551.18646,288.1430700000001,250.56506000000002,0.9125879406929016,-1,-1,-1
44,0,878.27905,537.5714,282.17395,239.52941999999996,0.9062492251396179,-1,-1,-1
45,0,883.8355,520.2256,272.33063000000004,234.24017000000003,0.9024657011032104,-1,-1,-1
46,0,890.4886,508.5437,263.1761,226.01623999999998,0.9098082780838013,-1,-1,-1
47,0,894.80347,489.7619,256.89135999999996,224.26434,0.9065250158309937,-1,-1,-1
48,0,899.34375,478.2754,255.4156499999999,219.20276,0.8993883728981018,-1,-1,-1
49,0,905.65894,467.39185,247.97656000000006,214.38135,0.9016062021255493,-1,-1,-1
50,0,911.16754,453.73465,242.66950000000008,208.24556999999993,0.8995938897132874,-1,-1,-1
51,0,913.596,440.28198,239.88689999999997,207.19366000000002,0.9030646085739136,-1,-1,-1
52,0,915.6336,429.74762,235.43999999999994,200.68584999999996,0.8990760445594788,-1,-1,-1
53,0,918.424,421.97763,229.3684699999999,195.94907,0.9118263125419617,-1,-1,-1
54,0,923.4546,411.91266,221.11401,191.33398000000005,0.8919580578804016,-1,-1,-1
55,0,927.6965,402.1431,219.16643999999997,189.31179999999995,0.9021456837654114,-1,-1,-1
56,0,932.5854,392.79532,214.29815999999994,185.78371999999996,0.9114620089530945,-1,-1,-1
57,0,936.73645,385.50513,207.74084000000005,181.284,0.9033166170120239,-1,-1,-1
58,0,939.67224,377.20258,202.12854000000004,179.76000999999997,0.897532045841217,-1,-1,-1
59,0,939.4167,368.37094,200.40326000000005,177.44852000000003,0.9037652611732483,-1,-1,-1
60,0,942.8114,360.59335,195.73486000000003,174.02615000000003,0.8962634205818176,-1,-1,-1
61,0,943.83154,353.06732,193.12170000000003,172.87878,0.8950241208076477,-1,-1,-1
62,0,947.58954,346.85764,191.06048999999996,169.93685999999997,0.899772047996521,-1,-1,-1
63,0,952.3062,339.32434,187.23395000000005,167.2222,0.8998538851737976,-1,-1,-1
64,0,955.9874,336.0427,184.0307600000001,161.10852,0.8855323195457458,-1,-1,-1
65,0,958.15485,327.75592,179.26263000000006,157.88397000000003,0.8913174867630005,-1,-1,-1
66,0,959.5904,322.7425,175.22832999999991,155.09204,0.899132251739502,-1,-1,-1
67,0,959.015,315.9537,174.9990200000001,154.49054,0.8891446590423584,-1,-1,-1
68,0,962.7664,311.94406,170.47711000000004,149.22385000000003,0.8914627432823181,-1,-1,-1
69,0,966.46655,306.74158,168.88109999999995,147.54019,0.8924198150634766,-1,-1,-1
70,0,969.7068,299.84964,167.8413099999999,147.52261,0.8977159261703491,-1,-1,-1
71,0,973.01654,300.39587,163.1863400000001,140.30810000000002,0.8912889361381531,-1,-1,-1
72,0,970.61664,289.1524,162.3495499999999,144.19394,0.8910354971885681,-1,-1,-1
73,0,971.9645,283.66107,158.91356999999994,140.62419999999997,0.8962385058403015,-1,-1,-1
74,0,972.9302,280.94992,157.76819,137.00018,0.8975000381469727,-1,-1,-1
75,0,974.6184,274.30234,154.70006999999998,138.39694000000003,0.8902496695518494,-1,-1,-1
76,0,976.69147,268.88943,155.33574999999996,138.89727999999997,0.8971350789070129,-1,-1,-1
77,0,979.75244,266.87775,151.5121999999999,134.45447000000001,0.8966008424758911,-1,-1,-1
78,0,980.0319,263.04163,151.10687000000007,132.68063,0.8993111252784729,-1,-1,-1
79,0,980.3282,261.01193,148.71233999999993,128.26886000000002,0.890975296497345,-1,-1,-1
80,0,978.5245,257.00885,147.38933999999995,126.08774,0.8888471722602844,-1,-1,-1
81,0,979.73584,249.78612,147.20667000000003,127.59794600000001,0.8688458800315857,-1,-1,-1
82,0,980.34546,246.39093,146.95263999999997,126.29842999999997,0.8714713454246521,-1,-1,-1
83,0,983.2529,245.50992,145.82287999999994,122.54526000000001,0.8637787699699402,-1,-1,-1
84,0,984.464,238.28572,144.14477999999997,124.68623,0.8760756850242615,-1,-1,-1
85,0,984.8972,237.01451,141.38672000000008,120.50685000000001,0.8847139477729797,-1,-1,-1
86,0,982.8922,232.18521,141.99377000000004,120.30434999999997,0.8813421130180359,-1,-1,-1
87,0,982.2593,230.36005,141.09057999999993,117.85537999999997,0.8755747079849243,-1,-1,-1
88,0,981.38184,225.77821,142.70165999999995,119.01990999999998,0.8773083090782166,-1,-1,-1
89,0,985.94116,224.83028,139.8609600000001,115.91608999999997,0.8733616471290588,-1,-1,-1
90,0,988.2323,223.17926,138.10473999999988,113.91745000000003,0.8736990094184875,-1,-1,-1
91,0,988.39386,217.58342,137.43854,114.66194000000002,0.8740524053573608,-1,-1,-1
92,0,986.98645,214.0246,136.58300999999994,114.97830000000002,0.8761392831802368,-1,-1,-1
93,0,985.1759,212.28993,137.0199,112.18702999999996,0.892879068851471,-1,-1,-1
94,0,986.76215,211.46062,133.38324000000011,108.40397999999999,0.872921884059906,-1,-1,-1
95,0,986.93384,209.2376,133.26868000000002,108.76726000000002,0.8746939301490784,-1,-1,-1
96,0,990.2993,205.33644,131.59839,109.16459999999998,0.8836076855659485,-1,-1,-1
97,0,990.1137,202.98842,132.49054000000012,108.59199500000003,0.8832212090492249,-1,-1,-1
98,0,989.1409,200.35696,130.65167000000008,108.00625599999998,0.8893508315086365,-1,-1,-1
99,0,990.925,198.50893,126.80121000000008,105.686386,0.8844083547592163,-1,-1,-1
100,0,990.0599,197.23325,126.04986600000007,103.64627000000002,0.8918609619140625,-1,-1,-1
101,0,989.9427,197.69318,125.85712000000001,99.04796999999999,0.8577455878257751,-1,-1,-1
102,0,991.15204,192.35394,125.3164700000001,100.31976,0.8901468515396118,-1,-1,-1
103,0,989.5508,189.00151,127.83508000000006,102.93400600000001,0.8935423493385315,-1,-1,-1
104,0,991.9907,187.76329,126.05298000000005,100.14665,0.8763562440872192,-1,-1,-1
105,0,991.8534,183.7866,124.0722659999999,101.03632999999999,0.8857195973396301,-1,-1,-1
106,0,990.78204,183.86618,124.68793000000005,101.11911,0.8869200944900513,-1,-1,-1
107,0,990.95483,180.23135,122.94018599999993,100.52899,0.8818503022193909,-1,-1,-1
108,0,991.86304,179.08043,120.79419000000007,98.95262,0.8923662900924683,-1,-1,-1
108,1,752.07684,844.4724,442.97722999999996,235.26049999999998,0.6045026779174805,-1,-1,-1
109,0,994.1797,177.04646,118.50951999999995,98.10292000000001,0.8868792653083801,-1,-1,-1
110,0,994.26654,176.75441,117.75470000000007,95.76848000000001,0.876196026802063,-1,-1,-1
111,0,994.2273,171.85025,117.46692000000007,98.29513499999999,0.8786073327064514,-1,-1,-1
111,1,786.12134,736.41205,394.27650000000006,323.74615000000006,0.8482806086540222,-1,-1,-1
112,0,994.6613,171.13411,116.20196499999997,97.04414,0.8806394934654236,-1,-1,-1
112,1,800.66846,709.63116,376.0476,312.14697,0.8813819885253906,-1,-1,-1
113,0,994.4796,171.42809,113.69884999999988,93.41579000000002,0.8700178861618042,-1,-1,-1
113,1,810.3005,674.20276,361.9756500000001,306.0575600000001,0.9127269983291626,-1,-1,-1
114,0,996.6154,167.93523,110.79047000000003,92.53886399999999,0.8760517239570618,-1,-1,-1
114,1,821.4081,648.68494,348.7107,291.21698000000004,0.904550313949585,-1,-1,-1
115,0,996.7879,167.87103,111.73968500000001,92.27529999999999,0.8918876051902771,-1,-1,-1
115,1,827.03937,624.2423,340.63507000000004,281.05817,0.9156530499458313,-1,-1,-1
116,0,996.8544,165.13339,112.00427000000002,92.77612000000002,0.8873635530471802,-1,-1,-1
116,1,836.43274,600.17126,330.09717,273.28076,0.9085971713066101,-1,-1,-1
117,0,998.8739,164.67856,111.19397000000004,92.08150999999998,0.8837427496910095,-1,-1,-1
117,1,846.3862,580.56494,318.81958,261.23938,0.914215087890625,-1,-1,-1
118,0,998.29346,162.76721,110.46044999999992,91.5096,0.8812831044197083,-1,-1,-1
118,1,853.95654,560.16425,311.14330000000007,254.43187999999998,0.9070820808410645,-1,-1,-1
119,0,997.13806,160.90544,110.74218999999994,90.40912,0.8729051351547241,-1,-1,-1
119,1,859.26984,540.9916,299.44086000000004,245.95209,0.9082638025283813,-1,-1,-1
120,0,996.45374,159.50525,110.65612999999996,89.081604,0.8731266260147095,-1,-1,-1
120,1,862.722,522.4057,295.3419799999999,240.09154999999998,0.9015340805053711,-1,-1,-1
121,0,997.5164,158.99278,108.56548999999995,85.48717000000002,0.8772356510162354,-1,-1,-1
121,1,870.2997,504.2564,286.13428,238.52094,0.9103862047195435,-1,-1,-1
122,0,999.2651,157.40034,107.69305399999996,85.48685,0.8768677711486816,-1,-1,-1
122,1,876.35004,487.7399,279.10724000000005,229.59732000000002,0.9049639701843262,-1,-1,-1
123,0,1000.6823,156.32108,105.93340999999998,84.61291499999999,0.8574849367141724,-1,-1,-1
123,1,886.46826,477.18713,267.5880000000001,219.52306999999996,0.9005677103996277,-1,-1,-1
124,0,1001.3408,152.99316,105.82665999999995,85.55173000000002,0.8515512943267822,-1,-1,-1
124,1,892.86127,460.99072,260.9716199999999,217.57141000000001,0.9069752097129822,-1,-1,-1
125,0,1002.10297,149.03702,105.54388400000005,87.12976,0.8438823223114014,-1,-1,-1
125,1,898.8729,448.85657,253.80041999999992,209.35662999999994,0.8996887803077698,-1,-1,-1
126,0,999.4041,152.00427,107.2219849999999,84.73085,0.81589275598526,-1,-1,-1
126,1,901.70776,434.03616,247.58483999999999,207.01706000000001,0.9068793654441833,-1,-1,-1
127,0,1001.03546,148.52327,103.24773999999991,83.43118000000001,0.8327686786651611,-1,-1,-1
127,1,905.4303,422.47488,241.74927000000002,201.94199000000003,0.9027965664863586,-1,-1,-1
128,0,1001.62494,147.68854,104.28631600000006,83.12369999999999,0.8065581321716309,-1,-1,-1
128,1,908.6952,413.02664,237.35473999999988,196.25204000000002,0.9149774312973022,-1,-1,-1
129,0,1002.31287,144.5001,103.64551000000006,84.82771,0.7447232604026794,-1,-1,-1
129,1,915.3461,405.40344,229.8726200000001,189.36693999999994,0.911538302898407,-1,-1,-1
130,0,1004.54126,141.53691,102.64574999999991,84.78293,0.7920174598693848,-1,-1,-1
130,1,919.57715,394.35355,225.41784999999993,187.7634,0.9166868925094604,-1,-1,-1
131,0,1003.8265,140.1697,103.19635000000005,85.58324999999999,0.7713534235954285,-1,-1,-1
131,1,922.6439,384.65454,221.25159000000008,182.17962999999997,0.9086273908615112,-1,-1,-1
132,0,1003.5733,141.43849,101.87237499999992,82.81792000000002,0.723714292049408,-1,-1,-1
132,1,924.17035,376.16025,215.61603000000002,180.65231000000006,0.9326404333114624,-1,-1,-1
133,0,1004.3749,138.18987,101.29529000000002,85.08105500000002,0.6929200291633606,-1,-1,-1
133,1,926.4136,365.70908,211.5469999999999,176.68466,0.9087009429931641,-1,-1,-1
134,0,1003.3745,138.15321,103.3918460000001,82.08208000000002,0.6156473159790039,-1,-1,-1
134,1,928.2535,359.0198,208.31220000000008,172.03695999999997,0.9027112722396851,-1,-1,-1
134,2,882.8331,124.391716,101.78589,88.29162,0.686493456363678,-1,-1,-1
135,0,1003.61316,138.46936,101.63684,81.128296,0.6769706010818481,-1,-1,-1
135,1,933.0391,351.191,202.66803000000004,170.25217000000004,0.9122225642204285,-1,-1,-1
135,2,880.8929,122.394066,103.54748500000005,90.23156000000002,0.7235330939292908,-1,-1,-1
136,0,1006.294,137.35046,98.45038000000011,80.73293999999999,0.6827793121337891,-1,-1,-1
136,1,935.0588,343.7884,200.46942000000013,165.75329999999997,0.9084828495979309,-1,-1,-1
136,2,880.1068,123.66305,102.34814500000005,89.42579,0.7309792041778564,-1,-1,-1
137,1,937.5661,335.9605,196.30914000000007,163.99777,0.9087216854095459,-1,-1,-1
137,2,879.1313,121.50718,108.17651000000001,92.34557000000001,0.7932376861572266,-1,-1,-1
138,1,941.4583,328.091,189.78168000000005,161.61519999999996,0.9055577516555786,-1,-1,-1
138,2,879.3065,121.51897,107.11865,91.24849,0.7927254438400269,-1,-1,-1
139,1,942.0977,320.69022,187.90192000000002,158.07058999999998,0.9056406617164612,-1,-1,-1
139,2,877.27344,120.94453,106.68347000000006,91.5792,0.7630837559700012,-1,-1,-1
140,1,942.5353,315.02533,185.07934999999998,155.11115,0.9000053405761719,-1,-1,-1
140,2,875.1537,117.96371,108.46911999999998,94.09840999999999,0.727210521697998,-1,-1,-1
141,1,944.39923,307.36255,182.5222799999999,154.95471000000003,0.9050308465957642,-1,-1,-1
141,2,874.07666,115.6111,109.32519500000001,96.58032,0.8023597598075867,-1,-1,-1
142,1,946.98334,303.59845,179.70197000000007,149.82500999999996,0.9050893783569336,-1,-1,-1
142,2,873.644,115.629265,109.06879000000004,97.62368000000001,0.8001813888549805,-1,-1,-1
143,1,949.20795,296.69324,177.5978399999999,148.9318,0.9020744562149048,-1,-1,-1
143,2,872.83307,116.92359,111.12482,97.41102,0.8207663297653198,-1,-1,-1
144,1,950.3559,289.62906,176.28314,148.31,0.9040051102638245,-1,-1,-1
144,2,870.4326,117.28898,112.80786,98.159676,0.8681071400642395,-1,-1,-1
145,1,951.22144,286.36047,173.0697,144.92615,0.9021447896957397,-1,-1,-1
145,2,869.5273,115.066345,112.48468000000003,100.82516499999998,0.8747004270553589,-1,-1,-1
146,1,952.1113,280.2608,171.3294699999999,142.9241,0.9021086096763611,-1,-1,-1
146,2,865.12134,114.88342,116.13165000000004,102.88738999999998,0.8703022003173828,-1,-1,-1
147,1,953.8444,273.0869,167.64337,141.91290000000004,0.9057411551475525,-1,-1,-1
147,2,864.56274,115.12695,115.83569,104.54616999999999,0.8795807957649231,-1,-1,-1
148,1,956.4146,268.96567,164.59282999999994,139.51135,0.9014383554458618,-1,-1,-1
148,2,864.2376,115.79527,116.58849999999995,105.33877600000001,0.8785457015037537,-1,-1,-1
149,1,958.2953,267.38287,162.14758000000006,135.72271999999998,0.9000501036643982,-1,-1,-1
149,2,864.2891,117.23785,115.66278,106.23177,0.8842476606369019,-1,-1,-1
150,1,959.46893,262.19785,160.32123,133.21862999999996,0.903822124004364,-1,-1,-1
150,2,862.3906,117.508865,118.07727,108.310425,0.8855500221252441,-1,-1,-1
151,1,961.0681,254.84706,158.01184000000012,135.7679,0.9008327126502991,-1,-1,-1
151,2,860.6065,119.11382,118.31682999999998,109.24375,0.8910681009292603,-1,-1,-1
152,1,960.69183,251.0917,157.46564000000012,133.42093,0.9003846049308777,-1,-1,-1
152,2,857.0234,119.51814,120.24853499999995,111.33566,0.8882571458816528,-1,-1,-1
153,1,962.17236,246.64154,154.3686499999999,131.38520000000003,0.9020031094551086,-1,-1,-1
153,2,854.52673,118.68228,122.90612999999996,113.66775499999999,0.891758382320404,-1,-1,-1
154,1,961.2107,243.0755,153.12842000000012,129.62127999999998,0.898903489112854,-1,-1,-1
154,2,854.03534,120.50633,122.44970999999998,114.55317999999998,0.8908301591873169,-1,-1,-1
155,1,963.09076,240.13951,150.27142000000003,126.90180999999998,0.8981916308403015,-1,-1,-1
155,2,853.0836,121.631546,121.73925999999994,116.66312999999998,0.8927898406982422,-1,-1,-1
156,1,966.7341,237.72809,147.36919999999998,122.92969,0.8976854085922241,-1,-1,-1
156,2,852.43005,124.99104,122.49823000000004,114.25546,0.8867213129997253,-1,-1,-1
157,1,967.0401,232.81642,145.58074999999997,123.54622,0.8977711200714111,-1,-1,-1
157,2,850.3361,125.91267,125.34094000000005,117.51348,0.9001122713088989,-1,-1,-1
158,1,967.1305,228.5902,146.29529000000002,123.27186600000002,0.8943871259689331,-1,-1,-1
158,2,848.1297,127.493385,126.30327999999997,118.85578,0.8989241123199463,-1,-1,-1
159,1,967.0584,226.0222,145.32488999999998,120.57762000000002,0.8985221982002258,-1,-1,-1
159,2,846.7521,131.9324,127.96442000000002,117.152954,0.8957586884498596,-1,-1,-1
160,1,967.0035,224.45143,143.9481800000001,117.99564999999998,0.8960915803909302,-1,-1,-1
160,2,842.22534,133.18808,129.33862,120.07909999999998,0.8924245834350586,-1,-1,-1
161,1,967.1985,219.4278,143.78405999999995,119.31903,0.8923978209495544,-1,-1,-1
161,2,842.0728,131.96565,131.10649999999998,123.63475,0.8979985117912292,-1,-1,-1
162,1,971.5999,218.19447,139.37982,115.74180600000003,0.8913819193840027,-1,-1,-1
162,2,841.86615,135.2968,130.1662,122.38257999999999,0.8964275121688843,-1,-1,-1
163,1,973.20514,215.16501,138.9779699999999,113.73068,0.8968002796173096,-1,-1,-1
163,2,839.2449,138.6567,131.81872999999996,120.83272,0.9016000032424927,-1,-1,-1
163,3,754.119,740.8537,419.6266999999999,333.60320000000013,0.8756084442138672,-1,-1,-1
164,1,972.8649,212.6154,139.23541,112.89918500000002,0.8940885663032532,-1,-1,-1
164,2,837.2734,138.9478,132.58483999999999,122.90221,0.898743748664856,-1,-1,-1
164,3,777.3304,709.8445,390.4239,318.6545400000001,0.8941513895988464,-1,-1,-1
165,1,972.8084,208.84474,138.99627999999996,113.34062,0.8854969143867493,-1,-1,-1
165,2,834.1614,140.31065,134.40215999999998,124.02289999999999,0.8979814052581787,-1,-1,-1
165,3,790.7172,676.63947,375.04729999999995,317.5393700000001,0.9145254492759705,-1,-1,-1
166,1,974.3064,203.90108,135.50951999999995,112.75017,0.9024706482887268,-1,-1,-1
166,2,832.4275,141.7948,132.23969,123.45325000000003,0.8864600658416748,-1,-1,-1
166,3,800.4128,646.9951,362.5113,304.97302,0.9025518894195557,-1,-1,-1
167,1,974.76886,202.57529,133.92107999999996,110.40457000000004,0.8925371170043945,-1,-1,-1
167,2,829.7751,144.74567,133.58734000000004,126.24251999999998,0.8794981241226196,-1,-1,-1
167,3,810.0676,623.76843,351.09656000000007,284.77020000000005,0.906884491443634,-1,-1,-1
168,1,974.2143,201.24422,135.33856000000003,108.88276999999997,0.8905166387557983,-1,-1,-1
168,2,828.3472,146.7949,136.48474,126.80012500000001,0.8790751695632935,-1,-1,-1
168,3,820.8785,596.4806,337.61005,280.51135,0.919478178024292,-1,-1,-1
169,1,977.41486,198.88411,132.35736000000009,107.71025,0.8962340950965881,-1,-1,-1
169,2,825.8141,149.20076,137.86510999999996,127.16935999999998,0.8804311752319336,-1,-1,-1
169,3,829.6912,570.72943,329.85259999999994,276.0017,0.9143205881118774,-1,-1,-1
170,1,979.9111,197.47046,130.15618999999992,105.78384399999999,0.8970772624015808,-1,-1,-1
170,2,822.3318,152.66197,139.99188000000004,124.90537999999998,0.88590407371521,-1,-1,-1
170,3,839.94183,552.32825,318.19696,264.93090000000007,0.9194787740707397,-1,-1,-1
171,1,979.7658,193.41151,130.2869300000001,105.18584000000001,0.8969933986663818,-1,-1,-1
171,2,820.91693,154.22887,140.58856000000003,127.25618,0.886381208896637,-1,-1,-1
171,3,845.48645,533.9623,309.51147000000003,253.60699999999997,0.9244529604911804,-1,-1,-1
172,1,981.6358,190.5503,128.30194000000006,104.53445399999998,0.8962043523788452,-1,-1,-1
172,2,817.9458,156.74686,140.31165,127.81149000000002,0.8921363353729248,-1,-1,-1
172,3,849.5305,515.79944,304.79102,248.27454,0.9045127630233765,-1,-1,-1
173,1,982.1539,189.39786,126.77557000000002,103.29049999999998,0.8947712779045105,-1,-1,-1
173,2,815.3248,159.98093,142.11663999999996,129.41675000000004,0.8860771059989929,-1,-1,-1
173,3,857.17944,497.25995,295.16027999999994,241.18042000000003,0.9186288118362427,-1,-1,-1
174,1,982.3302,185.67606,126.58972000000006,102.49991,0.9003936052322388,-1,-1,-1
174,2,812.55585,161.5956,143.70922999999993,130.39531,0.8800694346427917,-1,-1,-1
174,3,861.6897,481.26086,289.67003999999986,234.17773,0.9082629680633545,-1,-1,-1
175,1,984.66907,184.00645,124.55797999999993,101.53139000000002,0.9092570543289185,-1,-1,-1
175,2,810.4335,164.36937,147.15546000000006,130.52738999999997,0.8746570944786072,-1,-1,-1
175,3,871.47675,466.21146,278.85210000000006,225.67746,0.9052808284759521,-1,-1,-1
176,1,985.10406,183.1882,125.16082999999992,100.21332000000001,0.8922918438911438,-1,-1,-1
176,2,808.9907,169.4667,148.08330999999998,129.62633999999997,0.8778685331344604,-1,-1,-1
176,3,876.0129,449.97327,274.3593000000001,220.40911999999997,0.9138087630271912,-1,-1,-1
177,1,985.9639,179.88966,124.41217000000006,100.418655,0.9010499119758606,-1,-1,-1
177,2,805.27936,174.11197,149.38513,129.13753999999997,0.89200758934021,-1,-1,-1
177,3,885.3438,435.97,264.2033,217.14407000000006,0.9137899279594421,-1,-1,-1
178,1,985.9986,178.17969,123.9431800000001,99.53005999999999,0.9000088572502136,-1,-1,-1
178,2,801.722,172.9428,150.50800000000004,132.85331999999997,0.8750712275505066,-1,-1,-1
178,3,889.8116,425.13687,255.83208999999988,208.83463,0.9107042551040649,-1,-1,-1
179,1,985.1776,173.11057,124.84862999999996,102.16028,0.9066306948661804,-1,-1,-1
179,2,797.68304,175.61111,153.31165,137.19427000000002,0.8888523578643799,-1,-1,-1
179,3,895.98236,414.32895,249.36284999999998,202.77785999999998,0.9053828120231628,-1,-1,-1
180,1,987.45795,171.15056,121.6699799999999,102.08919,0.8938738107681274,-1,-1,-1
180,2,794.51953,180.52397,155.78772000000004,137.26728999999997,0.8708143830299377,-1,-1,-1
180,3,900.26715,405.13806,243.2492000000001,194.40233999999998,0.910223126411438,-1,-1,-1
181,1,989.3586,168.79892,118.63628999999992,99.84372000000002,0.8963178396224976,-1,-1,-1
181,2,794.0587,184.14232,155.55200000000002,138.31242,0.8774113655090332,-1,-1,-1
181,3,905.7913,392.77075,237.909,193.71367999999995,0.9103058576583862,-1,-1,-1
182,1,990.69836,170.1028,118.07605000000001,96.77879000000001,0.899787962436676,-1,-1,-1
182,2,791.8899,186.05423,156.14240000000007,140.93976,0.8747943639755249,-1,-1,-1
182,3,911.0642,383.06497,232.0383300000001,188.9606,0.9151322245597839,-1,-1,-1
183,1,991.85297,168.3271,115.69512999999995,96.724075,0.8952426314353943,-1,-1,-1
183,2,785.88416,191.56079,160.06714,141.34771999999998,0.8970348834991455,-1,-1,-1
183,3,916.79504,375.94727,224.28662000000008,181.33197000000007,0.9175361394882202,-1,-1,-1
184,1,992.11664,167.22913,115.11150999999995,95.74860000000001,0.8917742371559143,-1,-1,-1
184,2,782.22296,193.46219,161.46007999999995,142.62210000000002,0.8799155354499817,-1,-1,-1
184,3,920.37476,367.923,219.37024000000008,176.48800000000006,0.9088791012763977,-1,-1,-1
185,1,990.87805,164.70607,116.11877400000003,95.45740999999998,0.888563871383667,-1,-1,-1
185,2,777.6168,194.95839,161.49115000000006,147.24671999999998,0.8754515051841736,-1,-1,-1
185,3,923.7382,358.58508,213.34368999999992,173.42266999999998,0.9074212908744812,-1,-1,-1
186,1,990.1828,162.66365,117.73334,95.81581000000003,0.8842365741729736,-1,-1,-1
186,2,772.8885,198.98706,164.26300000000003,149.91885,0.8775978088378906,-1,-1,-1
186,3,927.59106,350.19873,208.3250700000001,170.04816,0.9149942994117737,-1,-1,-1
187,1,989.08075,159.78586,118.93523999999991,95.96388000000002,0.8823009729385376,-1,-1,-1
187,2,766.9783,202.0323,167.55773999999997,154.19185000000002,0.8954811096191406,-1,-1,-1
187,3,928.9811,341.65045,207.72424,166.21294999999998,0.8973947167396545,-1,-1,-1
188,1,989.0189,157.20126,120.11218000000008,97.9426,0.8992761373519897,-1,-1,-1
188,2,762.7523,206.64241,169.48583999999994,155.02269000000004,0.897990882396698,-1,-1,-1
188,3,931.0707,334.26422,204.96679999999992,163.25081999999998,0.8978918194770813,-1,-1,-1
189,1,990.74176,155.63162,118.81524999999999,96.36781000000002,0.8830210566520691,-1,-1,-1
189,2,761.5619,211.02835,171.62914999999998,156.95855999999998,0.8947582244873047,-1,-1,-1
189,3,937.1693,327.79807,198.84778000000006,157.47128000000004,0.9008285999298096,-1,-1,-1
190,1,992.13336,153.83852,117.99249000000009,96.22657999999998,0.8807418346405029,-1,-1,-1
190,2,757.2131,215.89735,172.12,159.3715,0.8925251364707947,-1,-1,-1
190,3,939.8699,319.0209,195.31909000000007,156.7692,0.8936795592308044,-1,-1,-1
191,1,992.1569,153.36644,117.0913700000001,93.75554,0.8841767907142639,-1,-1,-1
191,2,752.0737,220.02821,174.44824000000006,163.12740000000002,0.9067246913909912,-1,-1,-1
191,3,943.2807,312.06482,191.0518199999999,154.61178999999998,0.9015035033226013,-1,-1,-1
192,1,991.4742,152.12215,116.86541999999997,92.99600000000001,0.8854801058769226,-1,-1,-1
192,2,745.72986,224.04016,179.51715000000002,163.32812000000004,0.8939284086227417,-1,-1,-1
192,3,944.02057,305.73923,188.66498000000013,150.86224000000004,0.8982107043266296,-1,-1,-1
193,1,991.5884,151.3233,113.83386000000007,91.109665,0.8887564539909363,-1,-1,-1
193,2,740.5061,228.51596,180.28710999999998,164.55617999999998,0.9021656513214111,-1,-1,-1
193,3,946.7927,298.03568,183.57287999999994,148.10516,0.9033107757568359,-1,-1,-1
194,1,992.40344,150.13889,113.5482199999999,89.10817,0.883172869682312,-1,-1,-1
194,2,736.19714,234.3121,181.87311,165.83765,0.8900466561317444,-1,-1,-1
194,3,948.47266,291.24164,181.63756999999998,147.02441,0.9018360376358032,-1,-1,-1
195,1,994.7275,148.13188,112.91839600000003,89.9026,0.8795175552368164,-1,-1,-1
195,2,728.7966,235.83554,188.07390999999996,173.71072,0.9078659415245056,-1,-1,-1
195,3,950.72723,285.33328,179.66632000000004,146.74048,0.8996730446815491,-1,-1,-1
196,1,996.3766,143.90538,111.76940999999988,91.351425,0.8759775161743164,-1,-1,-1
196,2,724.59235,243.87117,188.67687999999998,175.04120999999998,0.8881620764732361,-1,-1,-1
196,3,952.0727,278.33847,178.39960000000008,144.43883999999997,0.8920941948890686,-1,-1,-1
197,1,996.7373,142.48643,111.87609999999995,91.85335999999998,0.8742476105690002,-1,-1,-1
197,2,719.5484,251.43066,189.91553,176.98073999999997,0.9062850475311279,-1,-1,-1
197,3,954.6877,275.96075,175.63617,138.53677,0.8917284607887268,-1,-1,-1
198,1,996.2255,141.21356,111.75702000000001,89.474365,0.8780768513679504,-1,-1,-1
198,2,711.9552,254.44946,195.91985999999997,181.01290999999998,0.9125884771347046,-1,-1,-1
198,3,958.50214,270.32092,168.96966999999995,137.61487,0.894736647605896,-1,-1,-1
199,1,994.30304,139.55879,114.77008000000001,90.90671,0.875174880027771,-1,-1,-1
199,2,704.4604,261.87204,198.66985999999997,182.63123000000002,0.8997858166694641,-1,-1,-1
199,3,957.7863,263.6874,169.19426999999996,137.49323000000004,0.9024646282196045,-1,-1,-1
200,1,996.4382,138.13115,111.75726000000009,88.40933000000001,0.8815060257911682,-1,-1,-1
200,2,694.62646,267.9465,207.23145,184.63936999999999,0.9000794291496277,-1,-1,-1
200,3,960.50476,259.052,163.0750700000001,133.95285,0.9091014266014099,-1,-1,-1
201,1,995.223,137.39888,113.12695000000008,88.60884000000001,0.8806242346763611,-1,-1,-1
201,2,687.9582,270.4765,209.39362000000006,191.25549999999998,0.9022991061210632,-1,-1,-1
201,3,959.4542,254.40457,163.44092000000012,131.47417999999996,0.8951277136802673,-1,-1,-1
202,1,994.46014,136.40143,114.15301499999998,87.987335,0.8778626322746277,-1,-1,-1
202,2,680.799,279.6963,215.23541,191.52587999999997,0.9080830812454224,-1,-1,-1
202,3,961.86383,249.27525,161.4106999999999,130.73763,0.8906605243682861,-1,-1,-1
203,1,995.0658,134.72945,113.59082000000001,88.18265,0.8787297606468201,-1,-1,-1
203,2,675.5628,286.64645,216.49469,193.86502000000002,0.9097763299942017,-1,-1,-1
203,3,963.706,245.67047,158.95563000000004,129.78836000000004,0.8945346474647522,-1,-1,-1
204,1,996.20184,134.86902,112.74969499999997,87.58234000000002,0.8757995963096619,-1,-1,-1
204,2,666.6547,293.33112,220.83545000000004,200.69308,0.8969202637672424,-1,-1,-1
204,3,965.2657,240.7296,157.9461,127.94081,0.8933340907096863,-1,-1,-1
205,1,995.3393,133.83209,112.68584999999996,85.44182,0.8693721890449524,-1,-1,-1
205,2,656.8369,296.6397,226.16956000000005,210.69705,0.904293417930603,-1,-1,-1
205,3,965.6792,236.8459,156.0072,124.51262,0.8961043953895569,-1,-1,-1
206,1,993.7482,132.18193,113.91509999999994,87.60145600000001,0.8762266039848328,-1,-1,-1
206,2,642.93097,305.7027,235.37334999999996,214.57953000000003,0.9110469818115234,-1,-1,-1
206,3,964.9973,231.54744,153.18884000000003,123.16933,0.8945546746253967,-1,-1,-1
207,1,993.6694,131.51521,113.96758999999997,87.86389,0.8747756481170654,-1,-1,-1
207,2,633.1907,314.97144,242.25402999999994,214.78821,0.905559241771698,-1,-1,-1
207,3,965.8864,226.76707,150.56146,122.83702,0.8997348546981812,-1,-1,-1
208,1,994.3228,131.91472,113.543274,86.23154,0.8627561926841736,-1,-1,-1
208,2,625.5582,324.23978,244.27264000000002,220.1821,0.9035696983337402,-1,-1,-1
208,3,967.9437,223.03012,149.03820999999994,121.46716000000004,0.8896222710609436,-1,-1,-1
209,1,994.96643,132.86307,113.28735000000006,86.27156,0.8239943981170654,-1,-1,-1
209,2,618.1041,334.20746,245.89233000000002,224.9961,0.9001563191413879,-1,-1,-1
209,3,968.39417,222.16414,148.32690000000002,118.74876400000002,0.8914763331413269,-1,-1,-1
210,1,996.0764,131.81395,112.77782999999988,86.72688,0.8387083411216736,-1,-1,-1
210,2,607.80804,338.27396,252.9538,237.80062999999996,0.8967078924179077,-1,-1,-1
210,3,970.9017,218.2859,144.83867999999995,117.92729,0.88847416639328,-1,-1,-1
211,1,995.9408,131.8945,112.69091999999989,87.10609399999998,0.8295117020606995,-1,-1,-1
211,2,591.2482,349.25253,262.47638000000006,240.94333000000006,0.9032711982727051,-1,-1,-1
211,3,971.73596,215.91635,143.63342000000011,115.77083999999999,0.8961217999458313,-1,-1,-1
212,1,997.526,130.71492,111.53967,87.0777,0.66008061170578,-1,-1,-1
212,2,575.5887,357.2626,272.94568000000004,250.47531000000004,0.9149724245071411,-1,-1,-1
212,3,970.62225,212.80418,145.32317999999998,114.044205,0.8957402110099792,-1,-1,-1
213,1,996.397,130.61542,111.02184999999997,86.57684,0.7376770377159119,-1,-1,-1
213,2,561.0993,372.6343,282.57477000000006,249.82693,0.9089743494987488,-1,-1,-1
213,3,971.06775,209.58057,143.9928000000001,111.00960999999998,0.889811098575592,-1,-1,-1
214,1,996.8485,131.30975,111.01476999999988,85.34917999999999,0.7240208387374878,-1,-1,-1
214,2,548.88525,385.03256,289.49573,256.07454999999993,0.9038312435150146,-1,-1,-1
214,3,970.8503,204.15695,142.93121000000008,112.886505,0.8957926034927368,-1,-1,-1
215,1,997.33527,131.80638,111.78033400000004,85.439224,0.7536781430244446,-1,-1,-1
215,2,532.2408,393.1369,299.10938,271.08239999999995,0.8993688225746155,-1,-1,-1
215,3,971.3818,203.14421,142.65338000000008,110.49538000000001,0.8950756788253784,-1,-1,-1
216,1,999.1767,132.0783,109.87469499999997,85.16342,0.7817902565002441,-1,-1,-1
216,2,517.07874,407.0375,304.03088,277.27816999999993,0.9169560074806213,-1,-1,-1
216,3,972.4655,199.46915,141.62885000000006,110.86175500000002,0.8929932713508606,-1,-1,-1
217,1,999.7304,133.89813,108.54584000000011,84.507675,0.7660298347473145,-1,-1,-1
217,2,498.92484,421.8917,314.05959999999993,288.44547,0.9248144626617432,-1,-1,-1
217,3,974.8429,199.37534,138.46094000000005,106.934845,0.8927549123764038,-1,-1,-1
218,1,999.8356,134.02684,108.44031000000007,84.29903999999999,0.6763105988502502,-1,-1,-1
218,2,479.337,436.79977,326.49520000000007,295.07973999999996,0.9180699586868286,-1,-1,-1
218,3,975.3199,194.73228,138.93658000000005,107.88578999999999,0.8891027569770813,-1,-1,-1
219,2,458.44736,447.6207,339.08316,307.33383,0.9123369455337524,-1,-1,-1
219,3,974.6153,191.4653,138.9644199999999,107.11316,0.9004141688346863,-1,-1,-1
219,5,858.7137,130.83197,106.20574999999997,91.66905,0.6608825325965881,-1,-1,-1
220,2,434.78653,463.6785,355.22757000000007,321.1395600000001,0.9089339971542358,-1,-1,-1
220,3,974.87335,188.88472,139.04302999999993,105.57490499999997,0.8996742963790894,-1,-1,-1
220,5,856.701,131.00435,106.93975999999998,91.54070999999999,0.7069153189659119,-1,-1,-1
221,2,407.01627,484.02344,371.04935000000006,335.2266200000001,0.8875400424003601,-1,-1,-1
221,3,977.0932,186.19954,135.96307000000002,104.75120499999997,0.8932173848152161,-1,-1,-1
221,5,856.20123,130.85342,106.91138000000001,91.85376,0.6147177219390869,-1,-1,-1
222,2,382.1865,501.58203,384.21756000000005,338.19671999999997,0.9048845171928406,-1,-1,-1
222,3,979.2821,184.3847,133.92651000000012,102.62160999999998,0.9103905558586121,-1,-1,-1
222,5,856.41833,133.18701,105.43871999999999,91.44970999999998,0.7963457107543945,-1,-1,-1
223,2,353.76862,523.89734,398.54101999999995,359.42865000000006,0.8853310346603394,-1,-1,-1
223,3,981.53406,180.77629,132.8529000000001,103.78074999999998,0.8824653625488281,-1,-1,-1
223,5,854.7721,134.41832,104.91394000000003,92.34007,0.8646480441093445,-1,-1,-1
224,2,325.0226,546.5606,410.6069,372.93597,0.8809407949447632,-1,-1,-1
224,3,980.7037,177.93222,133.75080000000003,103.75397000000001,0.8856743574142456,-1,-1,-1
224,5,853.13367,134.12566,107.37334999999996,94.39493000000002,0.8193604946136475,-1,-1,-1
225,2,285.35886,567.8598,434.14523,395.8899,0.886646032333374,-1,-1,-1
225,3,981.62067,175.85768,132.34197999999992,102.80983,0.8694398403167725,-1,-1,-1
225,5,851.6984,133.43816,106.23779000000002,95.90927000000002,0.8624939918518066,-1,-1,-1
226,2,249.59814,598.3709,456.08690000000007,423.2636,0.8650906085968018,-1,-1,-1
226,3,980.3576,169.77982,132.4837,106.59198,0.8853926062583923,-1,-1,-1
226,5,849.7646,135.83052,107.32434,95.6149,0.8592584729194641,-1,-1,-1
227,2,205.31563,625.0742,485.86449999999996,453.17346,0.873037576675415,-1,-1,-1
227,3,979.6808,168.44965,132.54320999999993,105.90979000000002,0.892477810382843,-1,-1,-1
227,5,846.7686,138.5549,109.09606999999994,94.71277999999998,0.8484804630279541,-1,-1,-1
228,2,158.69333,669.0363,509.65878000000004,410.48137999999994,0.8808679580688477,-1,-1,-1
228,3,981.9179,166.52829,131.38909999999998,103.25156000000001,0.8839905261993408,-1,-1,-1
228,5,844.4161,139.1596,111.65430000000003,96.5341,0.8512479662895203,-1,-1,-1
229,2,107.7127,703.8624,538.63696,376.13756999999987,0.892382025718689,-1,-1,-1
229,3,985.49963,165.12904,127.35083000000009,100.80357000000001,0.8890438675880432,-1,-1,-1
229,5,844.02344,141.9795,110.43810999999994,94.74544,0.8721437454223633,-1,-1,-1
230,2,25.983122,738.5118,586.45465,341.48821999999996,0.7667775750160217,-1,-1,-1
230,3,987.21533,164.02011,125.79285000000004,100.79910000000001,0.8864551782608032,-1,-1,-1
230,5,843.56055,141.92776,111.61950999999999,98.55555999999999,0.8631365895271301,-1,-1,-1
231,2,0.0,791.3152,593.58466,288.6848,0.6172181963920593,-1,-1,-1
231,3,989.1288,165.15146,121.70361000000003,95.24698000000001,0.8820862770080566,-1,-1,-1
231,5,842.376,142.22166,112.12621999999999,99.2157,0.872220516204834,-1,-1,-1
232,3,988.8601,163.43816,120.7145999999999,95.62546999999998,0.8833498358726501,-1,-1,-1
232,5,839.79736,142.73938,113.52978499999995,102.31644,0.8912009596824646,-1,-1,-1
233,3,988.4274,161.22137,121.16131599999994,94.6911,0.8753156065940857,-1,-1,-1
233,5,836.28656,143.63536,114.13171399999999,102.19081,0.878665030002594,-1,-1,-1
234,3,988.5185,159.90376,121.47332999999992,94.704575,0.8858100771903992,-1,-1,-1
234,5,835.75684,146.10983,115.71185000000003,102.44762,0.8822748064994812,-1,-1,-1
235,3,989.189,155.2548,121.7742300000001,96.44189499999999,0.8707611560821533,-1,-1,-1
235,5,835.42474,148.12622,114.37676999999996,101.30630500000001,0.8826431035995483,-1,-1,-1
236,3,989.3783,154.29642,121.63745000000006,94.61685,0.8691993951797485,-1,-1,-1
236,5,834.2613,150.5681,116.73480000000006,101.74733,0.8817848563194275,-1,-1,-1
237,3,991.0808,154.98466,119.72460999999998,93.26279,0.8783949613571167,-1,-1,-1
237,5,833.1199,152.51651,117.46123999999998,101.77162000000001,0.8851428031921387,-1,-1,-1
238,3,990.319,152.69284,119.48363999999992,91.62408399999998,0.8736582398414612,-1,-1,-1
238,5,832.05927,153.64966,116.15130599999998,102.95434600000002,0.8825120329856873,-1,-1,-1
239,3,990.09265,149.8687,116.95080600000006,90.53349,0.8708845973014832,-1,-1,-1
239,5,830.04407,154.68748,116.38183600000002,104.25657999999999,0.8834514021873474,-1,-1,-1
240,3,989.37683,147.46667,118.45544400000006,92.18793,0.8671898245811462,-1,-1,-1
240,5,826.86554,156.38553,116.401794,104.29156500000002,0.8828374743461609,-1,-1,-1
241,3,990.7042,145.42221,115.55138999999997,90.84949,0.8631804585456848,-1,-1,-1
241,5,825.43835,158.63733,117.04742399999998,104.06070000000003,0.8902339935302734,-1,-1,-1
242,3,991.4277,144.18387,115.89984000000004,89.219864,0.8759962320327759,-1,-1,-1
242,5,824.91046,160.34756,117.80456500000003,104.98825,0.8933002948760986,-1,-1,-1
243,3,993.35486,142.01288,114.9729000000001,89.075714,0.865114688873291,-1,-1,-1
243,5,824.11053,162.85686,118.93799000000001,104.680984,0.892967700958252,-1,-1,-1
244,3,992.7248,140.69269,115.47955000000002,90.03781000000001,0.8673152327537537,-1,-1,-1
244,5,822.68066,165.72229,118.79070999999999,105.09537,0.895736575126648,-1,-1,-1
245,3,991.6844,141.1914,115.8507699999999,86.68504000000001,0.8642016053199768,-1,-1,-1
245,5,821.17017,170.46391,118.66357400000004,101.07085000000001,0.8906021118164062,-1,-1,-1
246,3,991.05005,139.52232,115.73266600000011,88.55602999999999,0.8659825921058655,-1,-1,-1
246,5,819.1976,172.54968,119.24860000000001,102.18555,0.8928189277648926,-1,-1,-1
247,3,991.0409,137.4325,114.47412000000008,87.3064,0.8576696515083313,-1,-1,-1
247,5,817.7449,173.91214,120.10388,103.95034999999999,0.8892425298690796,-1,-1,-1
248,3,991.34015,135.75047,114.15253000000007,88.93362400000001,0.8582805395126343,-1,-1,-1
248,5,813.86725,175.0387,123.90057000000002,106.61203,0.8836457133293152,-1,-1,-1
249,3,992.3428,133.77321,113.76819000000012,88.89398,0.8600013256072998,-1,-1,-1
249,5,814.03467,174.9703,123.86273000000006,108.56277499999999,0.8840855956077576,-1,-1,-1
250,3,992.8185,131.89737,113.22033999999996,89.14058,0.849395751953125,-1,-1,-1
250,5,814.25714,178.41655,123.72760000000005,106.28590399999999,0.882988691329956,-1,-1,-1
251,3,993.0582,131.79527,112.36181999999997,89.221115,0.8364430665969849,-1,-1,-1
251,5,812.5877,180.88794,124.85248000000001,106.1532,0.8878160715103149,-1,-1,-1
252,3,993.2193,131.15408,112.60638399999993,89.96761999999998,0.8210157752037048,-1,-1,-1
252,5,810.85834,182.96303,124.47118999999998,107.5883,0.894822359085083,-1,-1,-1
253,3,993.2986,130.45296,112.15893599999993,88.44878,0.7063150405883789,-1,-1,-1
253,5,807.56445,186.67195,124.73865,106.48188999999999,0.8928263783454895,-1,-1,-1
254,3,993.9247,130.1309,110.65978999999993,87.02607999999998,0.7012400031089783,-1,-1,-1
254,5,808.1847,186.00813,125.43524000000002,109.90947,0.8853763341903687,-1,-1,-1
255,3,994.16504,130.02594,109.80138999999997,87.18452500000001,0.6797925233840942,-1,-1,-1
255,5,805.3785,189.33951,126.70714999999996,108.80199999999999,0.8896979689598083,-1,-1,-1
256,3,994.5577,130.26582,109.53912000000003,87.2679,0.727613091468811,-1,-1,-1
256,5,803.12225,192.02255,128.23266999999998,109.88815000000002,0.8867521286010742,-1,-1,-1
257,3,995.1731,130.57962,109.26208500000007,86.92760000000001,0.724793016910553,-1,-1,-1
257,5,802.0628,192.89287,130.01104999999995,112.06235999999998,0.8824278712272644,-1,-1,-1
257,6,883.61633,132.9299,94.50372000000004,79.90171999999998,0.6824021935462952,-1,-1,-1
258,3,994.8971,130.55894,109.8018800000001,87.34354000000002,0.6527856588363647,-1,-1,-1
258,5,798.63,195.2812,133.11632999999995,114.00545,0.8862690925598145,-1,-1,-1
258,6,881.5332,132.53467,95.92023000000006,81.28183000000001,0.6827618479728699,-1,-1,-1
259,3,994.982,130.98386,107.88092000000006,86.05774,0.6151937246322632,-1,-1,-1
259,5,797.06213,196.28647,132.24218999999994,114.92086999999998,0.8910951018333435,-1,-1,-1
259,6,879.381,130.1081,98.60644500000001,83.01077000000001,0.696788489818573,-1,-1,-1
260,5,794.0891,198.34875,133.58026000000007,115.85064999999997,0.8957656621932983,-1,-1,-1
260,6,879.37634,130.1711,98.32208000000003,82.76871,0.721694827079773,-1,-1,-1
261,5,791.4428,201.19708,134.88623000000007,116.94064,0.8986509442329407,-1,-1,-1
261,6,878.08417,126.959175,98.03167999999994,86.38536999999998,0.7557632923126221,-1,-1,-1
262,5,790.22723,204.0448,134.87653,119.22555499999999,0.8968247175216675,-1,-1,-1
262,6,876.78687,126.42528,101.03876000000002,85.957825,0.7370867729187012,-1,-1,-1
263,3,995.15845,134.70473,106.74182000000008,83.07478,0.6065877079963684,-1,-1,-1
263,5,789.55475,204.96376,135.12951999999996,121.159164,0.8912027478218079,-1,-1,-1
263,6,873.65234,126.10115,103.624146,89.59330999999999,0.8177463412284851,-1,-1,-1
264,5,787.5687,207.56328,138.91858000000002,122.68333400000003,0.9061018824577332,-1,-1,-1
264,6,873.6908,125.16978,103.257385,90.09109000000001,0.8319069743156433,-1,-1,-1
265,5,784.0714,211.88634,139.19495000000006,119.97687999999997,0.8954879641532898,-1,-1,-1
265,6,873.7834,123.29764,102.79351999999994,90.89543,0.8407379984855652,-1,-1,-1
266,5,779.81433,215.27763,140.25158999999996,121.91612000000003,0.8942521214485168,-1,-1,-1
266,6,873.3437,122.47169,102.50402999999994,90.95894999999999,0.8183107972145081,-1,-1,-1
267,5,776.10645,217.32231,143.30999999999995,124.82912000000002,0.9044423699378967,-1,-1,-1
267,6,872.3772,121.61996,102.81841999999995,91.06195999999998,0.8063051104545593,-1,-1,-1
268,5,773.4419,219.53674,144.23743000000002,125.09695399999998,0.8991947174072266,-1,-1,-1
268,6,870.7895,120.622925,103.49163999999996,92.71736,0.8543444871902466,-1,-1,-1
269,5,771.0937,221.6158,145.86572,127.09819000000002,0.8957366943359375,-1,-1,-1
269,6,868.98816,119.61812,105.54052999999999,95.38376,0.8723720908164978,-1,-1,-1
269,7,702.7845,886.6902,471.09393,193.30980999999997,0.715949296951294,-1,-1,-1
270,5,769.4468,224.51775,145.92578000000003,128.92717000000002,0.8930331468582153,-1,-1,-1
270,6,868.08295,119.355255,106.11487,96.30144999999999,0.8751760721206665,-1,-1,-1
270,7,728.0826,842.5196,429.94757000000004,237.48041,0.6488857865333557,-1,-1,-1
271,5,767.3129,228.99876,144.38940000000002,129.05595,0.8921080827713013,-1,-1,-1
271,6,867.03687,120.00577,106.98022500000002,96.83149999999999,0.8645463585853577,-1,-1,-1
272,5,762.31055,232.00087,147.72626000000002,130.7447,0.9065725207328796,-1,-1,-1
272,6,864.0418,118.95718,109.79150400000003,99.95886999999999,0.8649008274078369,-1,-1,-1
272,7,753.3369,770.9154,397.98242000000005,309.0846,0.8645350933074951,-1,-1,-1
273,5,759.0964,236.13927,147.80505000000005,128.66069,0.8978227972984314,-1,-1,-1
273,6,863.8666,118.57121,109.68817000000001,101.99548,0.8743013143539429,-1,-1,-1
273,7,769.22705,730.9906,378.0275999999999,313.01380000000006,0.85430508852005,-1,-1,-1
274,5,754.8162,241.08751,149.11487,130.35242999999997,0.9014618396759033,-1,-1,-1
274,6,860.36194,119.07005,113.17340000000002,103.133224,0.8782724142074585,-1,-1,-1
274,7,784.3473,704.01794,361.46667000000014,310.07935,0.8795714974403381,-1,-1,-1
275,5,751.8334,243.7921,150.65674,132.20349999999996,0.8949705958366394,-1,-1,-1
275,6,858.86816,121.692314,114.11450000000002,103.05260499999999,0.8837856650352478,-1,-1,-1
275,7,794.7036,667.7929,351.9112499999999,305.02650000000006,0.8940139412879944,-1,-1,-1
276,5,748.9535,250.62697,150.82843000000003,130.71892,0.8899939656257629,-1,-1,-1
276,6,856.1224,123.21531,113.57013000000006,103.08104999999999,0.8902724385261536,-1,-1,-1
276,7,807.1655,644.5406,338.0524999999999,287.63922,0.8951337337493896,-1,-1,-1
277,5,746.20325,253.66632,151.92560000000003,132.78194999999997,0.908014178276062,-1,-1,-1
277,6,855.9101,123.989685,113.62884499999996,103.44419999999998,0.8890936374664307,-1,-1,-1
277,7,813.73846,621.9094,331.30962999999997,278.58673,0.8985267281532288,-1,-1,-1
278,5,741.055,256.7368,155.04571999999996,135.17969,0.8976368308067322,-1,-1,-1
278,6,855.025,124.07507,113.6626,105.72626999999999,0.8897975087165833,-1,-1,-1
278,7,822.47705,597.34045,318.00695999999994,271.60857999999996,0.902971088886261,-1,-1,-1
279,5,735.33685,260.52924,156.99609999999996,138.51526,0.9049496054649353,-1,-1,-1
279,6,852.2179,124.54024,115.07458499999996,108.66836499999998,0.8900964260101318,-1,-1,-1
279,7,828.3626,578.56104,310.21637,260.5099,0.8897444605827332,-1,-1,-1
280,5,730.41284,263.14722,159.58807000000002,139.67293999999998,0.9082139134407043,-1,-1,-1
280,6,850.94556,125.37085,114.57342500000004,108.15089400000001,0.8923520445823669,-1,-1,-1
280,7,838.2061,553.1776,297.4709999999999,257.2169200000001,0.9043224453926086,-1,-1,-1
281,5,723.01874,268.84946,163.1875,142.32730000000004,0.8879773020744324,-1,-1,-1
281,6,848.97003,129.11761,113.09258999999997,107.46350000000001,0.8896496295928955,-1,-1,-1
281,7,843.777,537.2945,292.71558000000005,245.97253,0.9029248356819153,-1,-1,-1
282,5,719.62805,272.64316,164.99701000000005,144.72278,0.8916860818862915,-1,-1,-1
282,6,847.00464,130.13464,114.80597,108.47683999999998,0.8952779173851013,-1,-1,-1
282,7,850.01373,521.19635,284.04607999999996,238.92034999999998,0.9035913944244385,-1,-1,-1
283,5,716.3952,278.3034,165.5326,144.61887000000002,0.8997986912727356,-1,-1,-1
283,6,845.81104,132.76717,116.14355499999999,108.38466,0.8914796710014343,-1,-1,-1
283,7,856.9993,501.22726,277.06585999999993,238.71413999999993,0.9076969027519226,-1,-1,-1
284,5,711.3266,282.07333,168.54076999999995,149.49872,0.8946455121040344,-1,-1,-1
284,6,843.88226,134.38455,117.26782000000003,110.04246499999999,0.894650936126709,-1,-1,-1
284,7,863.7793,485.7608,269.755,229.33362,0.9041913151741028,-1,-1,-1
285,5,701.37524,288.43726,174.86632999999995,150.05508000000003,0.9046299457550049,-1,-1,-1
285,6,841.6854,134.96555,118.33556999999996,111.01541,0.8882083892822266,-1,-1,-1
285,7,869.5583,472.46414,263.00176999999996,220.85849000000002,0.8984378576278687,-1,-1,-1
286,5,696.9059,290.6061,175.23572000000001,155.36221,0.8978226780891418,-1,-1,-1
286,6,839.29877,135.29222,120.41107,112.800476,0.8894460201263428,-1,-1,-1
286,7,872.28046,457.80496,256.89606000000003,219.42659999999995,0.9023440480232239,-1,-1,-1
287,5,689.81744,295.3986,179.44708000000003,157.37239999999997,0.899836540222168,-1,-1,-1
287,6,837.41626,135.95134,119.26653999999996,114.41447400000001,0.8892186880111694,-1,-1,-1
287,7,874.76044,444.689,254.0387599999999,212.14632999999998,0.9151062369346619,-1,-1,-1
288,5,686.2332,300.53824,179.20013000000006,160.32439999999997,0.9212726950645447,-1,-1,-1
288,6,835.11365,137.71799,121.31035999999995,115.85377499999998,0.8922809362411499,-1,-1,-1
288,7,882.2922,432.10526,244.24689,208.67819000000003,0.9129142165184021,-1,-1,-1
289,5,676.74426,307.21765,185.79003999999998,161.74701,0.9092006683349609,-1,-1,-1
289,6,834.53033,138.52792,122.61956999999995,117.12286,0.888552188873291,-1,-1,-1
289,7,889.18787,420.5732,238.22741999999994,202.66513000000003,0.9012326598167419,-1,-1,-1
290,5,671.0197,311.9867,187.58856000000003,165.31676999999996,0.9096279144287109,-1,-1,-1
290,6,832.0147,138.95667,124.64562999999998,121.422516,0.8988242149353027,-1,-1,-1
290,7,895.0706,412.98566,229.52936,196.1991,0.9059945344924927,-1,-1,-1
291,5,663.2528,318.58044,192.32506999999998,167.2627,0.8994522094726562,-1,-1,-1
291,6,828.5558,141.48877,127.09569999999997,121.72152999999997,0.9074613451957703,-1,-1,-1
291,7,900.64954,402.4514,223.7196,190.53664999999995,0.92009437084198,-1,-1,-1
292,5,658.1284,323.7023,193.19799999999998,171.15542999999997,0.9083191752433777,-1,-1,-1
292,6,826.64667,144.00174,127.51482999999996,121.70566,0.8929541707038879,-1,-1,-1
292,7,903.0479,392.40604,219.51373000000012,190.19680999999997,0.9229215979576111,-1,-1,-1
293,5,652.2833,331.272,192.6051,171.57254,0.9156894087791443,-1,-1,-1
293,6,824.7489,145.30466,127.61834999999996,123.44607500000001,0.9044419527053833,-1,-1,-1
293,7,908.41296,381.84647,214.1308600000001,185.37845,0.9134541749954224,-1,-1,-1
294,5,640.61414,338.98535,199.42084,172.849,0.9112243056297302,-1,-1,-1
294,6,822.20184,147.09396,127.42309599999999,123.16412,0.8985554575920105,-1,-1,-1
294,7,910.18555,374.39017,209.7211900000001,180.96964000000003,0.9149954915046692,-1,-1,-1
295,5,632.9346,345.16888,203.32439999999997,175.63958999999994,0.9052964448928833,-1,-1,-1
295,6,819.72284,149.61916,129.01660000000004,123.75404,0.9034081101417542,-1,-1,-1
295,7,914.28687,365.3964,205.07030999999995,177.25693000000007,0.910420298576355,-1,-1,-1
296,5,623.6632,352.99567,206.91143999999997,178.13245000000006,0.9014856815338135,-1,-1,-1
296,6,818.63635,150.93875,130.16736000000003,124.34222400000002,0.9050014019012451,-1,-1,-1
296,7,918.02026,356.95517,202.06763,175.32455,0.9152611494064331,-1,-1,-1
297,5,618.1547,360.46603,208.82721000000004,180.18514999999996,0.9148176312446594,-1,-1,-1
297,6,816.00134,152.82187,130.61108000000002,124.99203499999999,0.9059343934059143,-1,-1,-1
297,7,921.3859,347.60922,197.99286000000006,175.15878000000004,0.9151222109794617,-1,-1,-1
298,5,606.8965,368.51324,215.91089,185.48108000000002,0.9114296436309814,-1,-1,-1
298,6,813.8488,156.54907,132.38225999999997,124.44092000000003,0.9043886661529541,-1,-1,-1
298,7,924.22955,342.06943,194.6260400000001,168.62509,0.908335268497467,-1,-1,-1
299,5,597.99164,375.00952,220.58898999999997,187.68005,0.9107609391212463,-1,-1,-1
299,6,810.98987,159.01613,132.8034,125.34479999999999,0.8966426849365234,-1,-1,-1
299,7,926.3845,333.4394,191.29345999999998,167.66269,0.9074533581733704,-1,-1,-1
300,5,586.6973,387.1677,225.37604,190.89865000000003,0.9128108024597168,-1,-1,-1
300,6,808.2855,160.73816,133.01073999999994,125.86160000000001,0.8955146670341492,-1,-1,-1
300,7,929.77716,326.68607,185.09453999999994,163.94266,0.9149709343910217,-1,-1,-1
301,5,573.4277,393.21503,234.65301999999997,196.37714,0.9050328135490417,-1,-1,-1
301,6,805.43353,165.44797,134.16046000000006,126.39587399999999,0.8942643404006958,-1,-1,-1
301,7,934.7172,318.8096,178.25995000000012,160.34918,0.9051218628883362,-1,-1,-1
302,5,567.2044,405.46237,233.76306,195.57242000000002,0.9015374779701233,-1,-1,-1
302,6,800.5776,167.40886,135.85393999999997,126.21843000000001,0.8912110924720764,-1,-1,-1
302,7,935.9546,313.28055,177.71289000000002,158.15947999999997,0.9105605483055115,-1,-1,-1
303,5,559.39655,413.62042,236.21771,200.22490999999997,0.8944950103759766,-1,-1,-1
303,6,798.4826,170.708,137.02448000000004,126.14925000000002,0.8981663584709167,-1,-1,-1
303,7,938.67847,308.7483,176.20421999999996,155.14009999999996,0.9073330760002136,-1,-1,-1
304,5,546.83417,421.9007,245.46087999999997,209.07440000000003,0.8968278169631958,-1,-1,-1
304,6,797.1505,174.34973,137.90679999999998,127.49956999999998,0.8951695561408997,-1,-1,-1
304,7,941.02875,301.34296,173.2097799999999,153.73615,0.9093591570854187,-1,-1,-1
305,5,534.82904,433.63223,248.3899,210.00168000000002,0.9017820954322815,-1,-1,-1
305,6,792.7597,176.96646,140.09075999999993,128.67263999999997,0.9001949429512024,-1,-1,-1
305,7,941.53595,295.32703,172.38482999999997,151.57320999999996,0.9059352278709412,-1,-1,-1
306,5,515.2266,445.79422,260.60437,217.62198,0.9072000980377197,-1,-1,-1
306,6,790.56116,179.2868,140.53656,129.90471999999997,0.8919318318367004,-1,-1,-1
306,7,942.1315,288.3955,171.3843999999999,151.1719,0.9076153635978699,-1,-1,-1
307,5,502.25024,457.16986,263.64647999999994,222.95026000000001,0.9016918540000916,-1,-1,-1
307,6,786.45325,182.47943,141.62823000000003,130.58414000000002,0.8945673108100891,-1,-1,-1
307,7,943.677,282.67365,169.27210000000002,149.26110999999997,0.9059802293777466,-1,-1,-1
308,5,489.92566,466.43814,271.80175999999994,234.29513999999995,0.8977678418159485,-1,-1,-1
308,6,785.7123,185.30177,140.96557999999993,132.21629999999996,0.8928154110908508,-1,-1,-1
308,7,946.42633,278.5077,165.4179099999999,145.12646,0.9080202579498291,-1,-1,-1
309,5,474.76694,481.0859,278.45003999999994,235.74160999999998,0.9002019762992859,-1,-1,-1
309,6,783.3265,187.86427,143.37958000000003,133.94151000000002,0.8904536962509155,-1,-1,-1
309,7,950.22003,273.39996,161.17975,142.78506,0.9064793586730957,-1,-1,-1
