1,0,160.34914,578.17566,224.57341,145.24559999999997,0.8734564185142517,-1,-1,-1
2,0,161.54309,578.55005,222.83056999999997,144.60412999999994,0.8733080625534058,-1,-1,-1
3,0,161.6153,578.43005,222.77612,144.35564999999997,0.8723726272583008,-1,-1,-1
4,0,161.57442,578.3527,222.83,144.39240000000007,0.8724323511123657,-1,-1,-1
5,0,161.54356,578.40234,222.88826,144.39391999999998,0.8736430406570435,-1,-1,-1
6,0,161.36008,578.2464,223.06055,144.89117,0.8747081756591797,-1,-1,-1
7,0,161.15012,578.2461,223.29058999999998,145.02959999999996,0.8744486570358276,-1,-1,-1
8,0,161.41731,578.0552,222.97704,145.26959,0.873750627040863,-1,-1,-1
9,0,161.20448,578.10974,223.2624,145.15247,0.8731150031089783,-1,-1,-1
10,0,161.04942,578.009,223.62965000000003,145.26862000000006,0.8728675246238708,-1,-1,-1
11,0,160.67076,578.00635,223.93364,145.36743,0.8729690909385681,-1,-1,-1
12,0,160.63713,577.96136,223.99732999999998,145.43665,0.8726387023925781,-1,-1,-1
13,0,161.14383,578.12775,223.22414999999998,145.09308,0.8723392486572266,-1,-1,-1
14,0,161.17813,578.0334,223.14929,145.13567999999998,0.8730562925338745,-1,-1,-1
15,0,161.24374,577.9789,223.16367000000002,145.06799999999998,0.8730775117874146,-1,-1,-1
16,0,161.22694,577.9766,223.24208,145.23712,0.872722327709198,-1,-1,-1
17,0,160.98141,577.92035,223.53237999999996,145.38477,0.8725001215934753,-1,-1,-1
18,0,160.9107,578.09357,223.5339,145.16039999999998,0.8730773329734802,-1,-1,-1
19,0,161.00714,578.06573,223.54752000000002,145.24774000000002,0.8729184865951538,-1,-1,-1
20,0,161.01266,578.1096,223.48755000000003,145.21161000000006,0.8732028007507324,-1,-1,-1
21,0,161.00035,578.02637,223.45719999999997,145.30358999999999,0.872948408126831,-1,-1,-1
22,0,160.18536,577.67633,224.83535999999998,146.35924999999997,0.8737701773643494,-1,-1,-1
23,0,160.27693,577.7467,224.64891,146.26355,0.8738932609558105,-1,-1,-1
24,0,160.12648,577.7371,224.84532,146.43328999999994,0.8735166788101196,-1,-1,-1
25,0,161.75319,576.77606,223.77327,146.19849,0.8732783794403076,-1,-1,-1
26,0,161.30977,576.38837,224.31416,146.586,0.8845964074134827,-1,-1,-1
26,1,1136.9907,217.38954,462.8910000000001,271.08136,0.7053672075271606,-1,-1,-1
27,0,161.17491,576.4797,224.22835000000003,146.04949999999997,0.8820164799690247,-1,-1,-1
27,1,1089.8645,245.96419,469.3741499999999,246.78746000000004,0.7950146198272705,-1,-1,-1
28,0,161.2526,576.27783,224.12473000000003,146.29993000000002,0.8827357888221741,-1,-1,-1
28,1,1049.1512,253.48329,410.73890000000006,240.87877000000003,0.7879241704940796,-1,-1,-1
29,0,161.24562,576.17004,223.82841,146.45496000000003,0.8740671873092651,-1,-1,-1
29,1,1018.10944,266.09982,383.15545999999995,231.55838,0.8252068161964417,-1,-1,-1
29,2,471.53653,507.10153,104.62691999999998,91.30404999999996,0.7137485146522522,-1,-1,-1
30,0,160.99759,576.31635,224.29642,147.36694,0.8732827305793762,-1,-1,-1
30,1,966.276,285.6883,365.9045399999999,218.71054000000004,0.8161081075668335,-1,-1,-1
30,2,476.29205,504.5232,104.78021000000001,94.1839,0.7823657989501953,-1,-1,-1
31,0,161.29167,576.0189,224.14384,147.69666000000007,0.8736115097999573,-1,-1,-1
31,1,947.79034,295.50003,311.81989999999996,211.00079999999997,0.8267779350280762,-1,-1,-1
31,2,480.97015,504.5912,107.61334,96.62719999999996,0.7661489844322205,-1,-1,-1
32,0,160.65393,577.2955,224.16906999999998,146.22235,0.875819206237793,-1,-1,-1
32,1,913.75867,304.66193,298.04796999999996,204.4013,0.8170159459114075,-1,-1,-1
32,2,485.39545,506.10587,111.08623999999998,97.43868999999995,0.8085942268371582,-1,-1,-1
33,0,160.58284,577.2152,224.3679,146.49792000000002,0.878437876701355,-1,-1,-1
33,1,883.3193,309.06192,294.22113,201.29174999999998,0.8191204071044922,-1,-1,-1
33,2,489.54953,506.50586,112.40292,98.46594000000005,0.8482380509376526,-1,-1,-1
34,0,160.06902,577.25696,225.30452,146.42327999999998,0.88558030128479,-1,-1,-1
34,1,857.9946,324.18747,270.3369,189.63004000000006,0.848926842212677,-1,-1,-1
34,2,492.64804,503.38507,116.81711000000001,103.05443999999994,0.8248983025550842,-1,-1,-1
35,0,160.27101,577.0801,225.01433000000003,146.48950000000002,0.8850431442260742,-1,-1,-1
35,1,834.16864,334.3038,260.79827999999986,180.17647999999997,0.844344973564148,-1,-1,-1
35,2,494.9444,504.50772,124.00513000000001,104.62277,0.8520170450210571,-1,-1,-1
36,0,160.23802,576.8569,225.05583000000001,147.03699000000006,0.8850677013397217,-1,-1,-1
36,1,811.8717,339.7545,249.62878000000012,177.33230000000003,0.8351407647132874,-1,-1,-1
36,2,502.56244,503.20734,123.45379999999994,108.09508999999997,0.8436436057090759,-1,-1,-1
37,0,160.94177,576.8198,224.40918000000002,148.22540000000004,0.8736293315887451,-1,-1,-1
37,1,791.92487,350.0353,236.36029000000008,169.14517,0.8615337610244751,-1,-1,-1
37,2,507.503,504.5368,127.38617000000005,109.28838999999999,0.8564454317092896,-1,-1,-1
38,0,160.59895,576.3779,224.83747999999997,149.40558,0.8713177442550659,-1,-1,-1
38,1,773.36975,356.00906,220.26715000000002,166.63309000000004,0.8528507947921753,-1,-1,-1
38,2,511.43097,503.34836,133.63782000000003,113.88656599999996,0.8678346872329712,-1,-1,-1
39,0,160.7319,576.45593,224.84625,149.59551999999996,0.8706263899803162,-1,-1,-1
39,1,756.4408,361.32684,207.22076000000004,162.16741999999994,0.8606785535812378,-1,-1,-1
39,2,516.74097,503.8207,134.8841,116.47164999999995,0.8790143728256226,-1,-1,-1
40,0,160.93517,576.6225,224.47719000000004,148.92016999999998,0.8712982535362244,-1,-1,-1
40,1,738.80505,368.44553,202.2373,156.21810999999997,0.8685728311538696,-1,-1,-1
40,2,523.8405,504.6964,137.38995,120.86962999999997,0.8611623048782349,-1,-1,-1
41,0,160.97382,576.37396,224.73203,149.2713,0.8703140616416931,-1,-1,-1
41,1,724.3746,377.13022,193.83276,148.01859000000002,0.856066107749939,-1,-1,-1
41,2,528.5608,504.27533,145.58245999999997,125.80719000000005,0.8723090291023254,-1,-1,-1
42,0,160.2326,576.4774,225.30010999999996,148.37725999999998,0.8703922629356384,-1,-1,-1
42,1,709.5623,380.2,183.56585999999993,147.33648999999997,0.8665400147438049,-1,-1,-1
42,2,536.2298,504.0367,148.72857999999997,127.05953999999997,0.8990951180458069,-1,-1,-1
43,0,160.46898,576.50586,225.03496,148.01160000000004,0.870142936706543,-1,-1,-1
43,1,697.31006,384.61932,178.49596999999994,142.85717999999997,0.8586128354072571,-1,-1,-1
43,2,542.8348,504.72403,151.78374999999994,131.66970999999995,0.8812975883483887,-1,-1,-1
44,0,160.60526,576.61914,224.68918000000002,147.82031000000006,0.8700774312019348,-1,-1,-1
44,1,681.8804,387.46365,178.21942,142.40952,0.8681779503822327,-1,-1,-1
44,2,549.29535,505.15576,156.19317999999998,137.46436000000006,0.8766065239906311,-1,-1,-1
45,0,160.94632,576.7208,224.63864000000004,148.05737,0.8705040812492371,-1,-1,-1
45,1,670.9547,387.96548,169.46869000000004,142.50796999999994,0.8718228340148926,-1,-1,-1
45,2,556.5721,507.2112,164.04815999999994,140.96774,0.8731639385223389,-1,-1,-1
46,0,160.97862,576.4242,225.23808,148.20600000000002,0.8704714775085449,-1,-1,-1
46,1,661.41376,396.3533,167.32561999999996,134.50533999999993,0.8592900037765503,-1,-1,-1
46,2,564.7256,508.52017,171.36743,144.71378000000004,0.8701263666152954,-1,-1,-1
47,0,160.91927,576.32104,225.37846,147.87041999999997,0.869982898235321,-1,-1,-1
47,1,650.91095,402.7441,159.45263999999997,130.38828,0.8459369540214539,-1,-1,-1
47,2,576.6937,509.2351,172.53925000000004,149.63756999999998,0.8734343647956848,-1,-1,-1
48,0,162.08505,576.88837,224.25809,146.11395000000005,0.8703299164772034,-1,-1,-1
48,1,644.437,405.2927,149.60492,124.87984999999998,0.8533278703689575,-1,-1,-1
48,2,582.91223,508.57782,184.09863000000007,158.48468000000003,0.8988741040229797,-1,-1,-1
49,0,162.98907,576.5552,224.34482,145.98595999999998,0.8703898191452026,-1,-1,-1
49,1,631.3402,407.66782,144.25238000000002,128.00693,0.8718051910400391,-1,-1,-1
49,2,592.4262,511.22705,197.63239,164.75835999999998,0.8757081627845764,-1,-1,-1
49,3,471.0355,512.941,96.22170999999997,84.71850600000005,0.6150685548782349,-1,-1,-1
50,0,163.38539,576.584,224.60558,144.16614000000004,0.8876610994338989,-1,-1,-1
50,1,622.92523,410.57407,141.36823000000004,125.40237400000001,0.8724464774131775,-1,-1,-1
50,2,599.37646,511.22495,206.85595999999998,169.11984,0.864902138710022,-1,-1,-1
50,3,475.61206,512.8849,98.99560500000001,86.88555999999994,0.6270809769630432,-1,-1,-1
51,0,164.98424,577.1315,223.82011,141.97424,0.874064564704895,-1,-1,-1
51,1,615.5214,414.06384,134.34528,123.65161,0.8713017106056213,-1,-1,-1
51,2,618.06586,508.40884,213.59863000000007,180.82180999999997,0.8794381618499756,-1,-1,-1
51,3,479.84695,513.5759,101.04916400000002,86.60992399999998,0.6898542046546936,-1,-1,-1
52,0,167.63422,577.61975,222.62839,140.34424,0.8870095610618591,-1,-1,-1
52,1,609.55695,418.70737,130.24682999999993,120.21615600000001,0.8678630590438843,-1,-1,-1
52,2,626.5298,512.04803,233.50524999999993,188.81921,0.8684766292572021,-1,-1,-1
52,3,484.8977,513.99243,103.89654500000006,88.296875,0.8039447069168091,-1,-1,-1
53,0,170.47824,577.22723,222.03622,139.91705000000002,0.8856527805328369,-1,-1,-1
53,1,599.12317,423.12073,130.48754999999994,116.14544999999998,0.8754544258117676,-1,-1,-1
53,2,643.1839,512.18555,248.23792000000003,200.30237,0.8725468516349792,-1,-1,-1
53,3,490.1391,514.1788,105.70428500000003,90.24883999999997,0.8340007662773132,-1,-1,-1
54,0,170.35074,575.94507,225.91968,140.29218000000003,0.8692530393600464,-1,-1,-1
54,1,593.61505,426.1322,126.800476,113.51282000000003,0.8573575019836426,-1,-1,-1
54,2,657.9771,514.11536,267.0534,210.38684,0.8939012289047241,-1,-1,-1
54,3,494.00778,513.4624,108.89328,92.25072999999998,0.8411773443222046,-1,-1,-1
55,0,177.2152,575.9084,222.54973000000004,138.08794999999998,0.8649390339851379,-1,-1,-1
55,1,584.96313,424.12204,126.87170400000002,117.16031000000004,0.8440127968788147,-1,-1,-1
55,2,675.4147,516.2531,289.20972000000006,226.35321,0.8733331561088562,-1,-1,-1
55,3,499.3086,515.1183,112.70788599999997,93.00384499999996,0.8250804543495178,-1,-1,-1
56,0,182.60765,574.8146,219.00096,137.39513999999997,0.8707405924797058,-1,-1,-1
56,1,579.9236,425.79852,122.61572000000001,115.81250000000006,0.846733808517456,-1,-1,-1
56,2,697.50336,519.0784,311.03815,243.71074999999996,0.8847557306289673,-1,-1,-1
56,3,505.01562,515.1222,117.82232999999997,96.69219999999996,0.8463948369026184,-1,-1,-1
57,0,180.84277,573.9185,225.4718,138.06439,0.8609728217124939,-1,-1,-1
57,1,575.4425,429.29553,120.01935000000003,112.18853999999999,0.8436533212661743,-1,-1,-1
57,2,723.7222,519.81494,339.4833399999999,261.174,0.8753549456596375,-1,-1,-1
57,3,510.58188,516.2794,123.76308999999998,98.47095000000002,0.8630409836769104,-1,-1,-1
58,0,184.32974,572.97046,225.45107999999996,137.30926999999997,0.863754391670227,-1,-1,-1
58,1,565.7893,431.0317,122.09131000000002,109.65146000000004,0.8085792064666748,-1,-1,-1
58,2,754.0843,523.44904,361.14716,285.73723999999993,0.8572953343391418,-1,-1,-1
58,3,517.62646,515.53595,129.00189,101.92126499999995,0.8659730553627014,-1,-1,-1
59,0,182.17044,572.7163,231.50026999999997,137.72564999999997,0.8906728625297546,-1,-1,-1
59,1,559.6859,433.41388,120.40563999999995,108.14325000000002,0.8012680411338806,-1,-1,-1
59,2,786.6385,529.4956,396.89215000000013,308.68817,0.8446856737136841,-1,-1,-1
59,3,525.6026,514.9548,132.07952999999998,105.44452000000001,0.8709151148796082,-1,-1,-1
60,0,192.16476,569.1783,228.44495,140.12921000000006,0.8841413855552673,-1,-1,-1
60,1,554.65393,434.85583,118.49023399999999,107.64734000000004,0.8088710308074951,-1,-1,-1
60,2,832.22406,534.51984,437.73235999999997,338.13995,0.8333314657211304,-1,-1,-1
60,3,534.00385,516.21234,137.44525,106.34350600000005,0.8464146852493286,-1,-1,-1
61,0,204.62074,566.7257,223.99712,142.50098000000003,0.8742203712463379,-1,-1,-1
61,1,546.5031,438.07736,119.00292999999999,104.90053999999998,0.7943681478500366,-1,-1,-1
61,2,883.04596,538.776,521.7487,369.4089399999999,0.8252423405647278,-1,-1,-1
61,3,545.3195,516.2094,139.78832999999997,109.68097,0.8871018290519714,-1,-1,-1
62,0,221.49535,564.37225,216.66441,143.97088999999994,0.8780892491340637,-1,-1,-1
62,1,540.6494,439.8473,117.61767599999996,103.82587000000001,0.7439906001091003,-1,-1,-1
62,2,943.9589,533.4417,581.1779,419.78314,0.7972396016120911,-1,-1,-1
62,3,555.1771,513.9352,148.70978000000002,115.21875,0.8658953309059143,-1,-1,-1
63,0,222.686,562.25446,222.82314999999997,146.93182000000002,0.8698724508285522,-1,-1,-1
63,1,538.4425,439.79407,116.20989999999995,105.626465,0.7207707166671753,-1,-1,-1
63,2,1026.0126,555.08716,573.9874,470.80542000000014,0.7426615953445435,-1,-1,-1
63,3,567.019,510.9125,156.60938,123.87618999999995,0.8651766180992126,-1,-1,-1
64,0,223.96407,561.6831,226.95409,145.64184999999998,0.8737578392028809,-1,-1,-1
64,1,534.5325,442.3483,112.80780000000004,102.68746999999996,0.7105928063392639,-1,-1,-1
64,3,578.1718,511.38333,165.08582,128.17978000000005,0.8731822967529297,-1,-1,-1
65,0,234.73969,559.6507,223.74915,146.48334,0.8805271983146667,-1,-1,-1
65,1,532.86694,444.8166,109.60253999999998,100.70952999999997,0.7212694883346558,-1,-1,-1
65,3,590.9397,510.57596,175.96245999999996,133.60348999999997,0.8767349720001221,-1,-1,-1
66,0,237.02536,557.917,231.26678,145.11176,0.8787736296653748,-1,-1,-1
66,1,529.2618,446.2163,106.88860999999997,100.31487999999996,0.7314922213554382,-1,-1,-1
66,3,607.7577,509.87234,185.78125,137.09659,0.8817874193191528,-1,-1,-1
67,0,249.16277,553.3817,226.32704000000004,147.84186,0.8653275966644287,-1,-1,-1
67,1,523.45154,448.13614,107.62347399999999,98.66635000000002,0.7431316375732422,-1,-1,-1
67,3,626.87415,509.55286,194.97156000000007,142.12761999999998,0.8862257599830627,-1,-1,-1
68,0,265.48795,550.3708,220.54062,147.89477999999997,0.8758674263954163,-1,-1,-1
68,1,519.2892,448.78787,106.16228999999998,99.15665000000001,0.6863477230072021,-1,-1,-1
68,3,644.1065,507.97214,212.70910000000003,150.29257,0.8707243204116821,-1,-1,-1
69,0,270.179,550.093,228.97100999999998,146.10004000000004,0.8712372779846191,-1,-1,-1
69,1,516.5265,449.80316,104.09509000000003,98.62786999999997,0.710443913936615,-1,-1,-1
69,3,664.69305,506.80017,225.29815999999994,156.54266000000007,0.8659740090370178,-1,-1,-1
70,0,286.7003,547.1285,220.50034,147.21735,0.87257319688797,-1,-1,-1
70,1,510.25427,451.40015,107.28539999999998,97.73003999999997,0.7243804335594177,-1,-1,-1
70,3,689.862,506.43073,239.04767000000004,162.16351000000003,0.8771061301231384,-1,-1,-1
71,0,296.49182,542.4013,221.11309999999997,150.72540000000004,0.8733659386634827,-1,-1,-1
71,3,716.6294,506.51865,264.50842,170.24783000000002,0.8829833269119263,-1,-1,-1
72,0,307.9083,538.6375,225.91726999999997,152.20294,0.8759618401527405,-1,-1,-1
72,3,749.2777,504.7366,285.38306,176.59035999999998,0.8690385818481445,-1,-1,-1
73,0,316.2076,536.80756,230.11588,154.06341999999995,0.8693299293518066,-1,-1,-1
73,3,787.9498,501.85776,307.3441200000001,188.84011999999996,0.8587207198143005,-1,-1,-1
74,0,332.68176,531.76544,223.67517000000004,155.91089,0.8589298725128174,-1,-1,-1
74,3,824.68774,501.92642,349.0803199999999,196.99765000000002,0.8589401841163635,-1,-1,-1
75,0,342.8206,528.4812,226.92307000000005,155.06744000000003,0.8803591728210449,-1,-1,-1
75,3,879.37854,497.0542,397.92395,216.36743000000007,0.8412286639213562,-1,-1,-1
76,0,363.76862,524.57623,219.78033,159.14813000000004,0.8634004592895508,-1,-1,-1
76,3,931.8794,489.0525,459.50353999999993,238.54540999999995,0.7800226807594299,-1,-1,-1
77,0,376.36594,521.8553,218.20443999999998,158.83087,0.8423919677734375,-1,-1,-1
77,3,955.64594,482.32852,547.7049000000001,260.2475999999999,0.6864771842956543,-1,-1,-1
78,0,387.80444,518.2884,221.70654000000002,158.65375000000006,0.8386468887329102,-1,-1,-1
79,0,399.768,513.2363,223.00177000000002,162.13171,0.8693277835845947,-1,-1,-1
80,0,412.67758,508.72635,228.56923999999998,165.24856999999997,0.8605449199676514,-1,-1,-1
81,0,427.3119,504.945,224.17969,167.09070000000003,0.8614025115966797,-1,-1,-1
82,0,442.73206,499.42703,224.46985,170.97550000000007,0.8739509582519531,-1,-1,-1
83,0,450.66037,497.07202,235.51852000000002,171.15442000000002,0.8738625049591064,-1,-1,-1
84,0,465.01007,493.89926,236.43627999999995,175.60604999999998,0.8606690168380737,-1,-1,-1
85,0,480.35382,487.80795,235.4563,178.55318999999997,0.8770265579223633,-1,-1,-1
86,0,491.65393,482.75595,245.31800000000004,185.21651999999995,0.892749011516571,-1,-1,-1
87,0,511.3573,482.532,244.84082,185.74313,0.8650798201560974,-1,-1,-1
88,0,517.8133,478.70474,257.25153,189.28061000000002,0.8727173209190369,-1,-1,-1
89,0,542.01715,474.11853,254.60570999999993,193.94580000000002,0.8895986080169678,-1,-1,-1
90,0,552.8742,472.8614,267.87762,198.55804,0.8761870861053467,-1,-1,-1
91,0,567.77496,467.0908,281.86114999999995,206.01523000000003,0.8828853368759155,-1,-1,-1
92,0,585.71704,462.2076,295.14959999999996,213.89272999999997,0.8863800764083862,-1,-1,-1
93,0,603.4444,459.89505,311.43872,219.48587000000003,0.878227710723877,-1,-1,-1
94,0,625.53845,455.4185,324.7008000000001,227.91025000000002,0.8773265480995178,-1,-1,-1
95,0,647.76874,449.99423,346.68964000000005,237.22208,0.8836022019386292,-1,-1,-1
95,4,1263.2571,296.20132,335.94274999999993,186.27872000000002,0.6661570072174072,-1,-1,-1
96,0,669.90674,447.83514,366.42089999999996,243.87920999999994,0.8752081990242004,-1,-1,-1
96,4,1209.5596,307.607,373.85339999999997,177.82085999999998,0.6776361465454102,-1,-1,-1
97,0,697.6427,439.01318,389.7562300000001,263.8321,0.8720528483390808,-1,-1,-1
97,4,1144.9196,326.10446,301.39392,162.75385,0.7735586762428284,-1,-1,-1
98,0,729.34753,432.04523,412.65392999999995,281.68915,0.8517794609069824,-1,-1,-1
98,4,1099.0852,338.1904,296.23839999999996,153.76608,0.7553674578666687,-1,-1,-1
99,0,760.80237,422.71024,446.85155999999995,300.37479999999994,0.8771321177482605,-1,-1,-1
100,0,802.9602,410.4994,472.95996000000014,315.85388000000006,0.8517005443572998,-1,-1,-1
101,0,855.0146,396.82373,506.91534,338.49895999999995,0.8510850071907043,-1,-1,-1
102,0,901.3302,395.60794,547.2301000000001,353.17123000000004,0.786344051361084,-1,-1,-1
103,0,970.2782,363.4524,629.7218,422.46349999999995,0.7071155905723572,-1,-1,-1
104,0,1033.5068,345.03015,565.9682600000001,450.83844000000005,0.6740918755531311,-1,-1,-1
104,5,906.71796,382.2006,192.8972799999999,128.22384999999997,0.8171182870864868,-1,-1,-1
105,5,881.98926,387.2633,190.30457000000013,125.13263,0.8398023843765259,-1,-1,-1
106,5,858.26196,391.32968,180.96471999999994,123.42654399999998,0.839686393737793,-1,-1,-1
107,5,832.6068,393.57925,180.61406999999997,122.87540000000001,0.8388657569885254,-1,-1,-1
108,5,815.8371,396.37683,170.18164000000002,121.15857,0.836420476436615,-1,-1,-1
109,5,798.99744,401.2156,163.47204999999997,117.50381500000003,0.8432872295379639,-1,-1,-1
110,5,780.9041,406.53497,155.46893,114.10589599999997,0.8376083374023438,-1,-1,-1
111,5,766.71234,409.87683,151.00635,113.19916000000006,0.8442534804344177,-1,-1,-1
112,5,750.6137,416.24026,150.23804000000007,106.97232000000002,0.8391790390014648,-1,-1,-1
113,5,734.2004,416.87317,145.37103000000002,108.04779000000002,0.8321430683135986,-1,-1,-1
114,5,724.12683,420.73712,142.42016999999998,103.85686999999996,0.8461242914199829,-1,-1,-1
115,5,707.4159,422.20526,141.59546,104.21503000000001,0.8769245743751526,-1,-1,-1
116,5,696.46356,424.15256,135.25573999999995,104.42220999999995,0.8575862646102905,-1,-1,-1
117,5,687.7242,427.50293,129.27075000000002,100.652466,0.8565515279769897,-1,-1,-1
118,5,675.7573,430.82867,129.05212000000006,99.49054000000001,0.8175301551818848,-1,-1,-1
119,5,666.11536,432.7551,124.78052000000002,99.11819499999996,0.8382210731506348,-1,-1,-1
120,5,655.9513,435.71405,123.07683999999995,96.48858999999999,0.8048090934753418,-1,-1,-1
121,5,648.6271,437.17184,121.15326000000005,96.49190999999996,0.8121253252029419,-1,-1,-1
122,5,638.68677,440.28076,119.03435999999999,93.87884499999996,0.7933807373046875,-1,-1,-1
123,5,630.79785,443.8963,114.62671,90.90630999999996,0.7701506018638611,-1,-1,-1
124,5,624.2821,443.23492,111.98650999999995,92.41674999999998,0.7411746978759766,-1,-1,-1
125,5,615.97186,444.54965,110.62012000000004,91.39974999999998,0.7907279133796692,-1,-1,-1
126,5,609.6239,447.18753,106.22100999999998,88.35616999999996,0.69012451171875,-1,-1,-1
127,5,600.9381,453.4171,105.21545400000002,83.50848399999995,0.6162475347518921,-1,-1,-1
130,6,463.47598,508.44025,101.73587000000003,87.20788600000003,0.6556089520454407,-1,-1,-1
131,6,465.56577,508.50974,101.54513500000002,89.17581000000001,0.7321819067001343,-1,-1,-1
132,6,468.46713,508.2712,104.11471600000004,91.0181,0.8036777377128601,-1,-1,-1
133,6,471.70782,507.9528,106.72949,93.12533600000006,0.8422707319259644,-1,-1,-1
134,6,475.88458,508.4363,105.19617000000005,94.11240000000004,0.8324321508407593,-1,-1,-1
135,6,478.58743,508.42743,107.53635000000003,96.06914999999998,0.8414212465286255,-1,-1,-1
136,6,479.44003,507.71085,112.22323600000004,99.37868999999995,0.8385586738586426,-1,-1,-1
137,6,482.40643,508.1854,115.99310000000003,102.94742000000002,0.8558382987976074,-1,-1,-1
138,6,485.6122,510.43292,117.56496999999996,103.10363999999998,0.854753851890564,-1,-1,-1
139,6,488.3545,510.5489,120.46014399999996,107.38879399999996,0.8670132160186768,-1,-1,-1
140,6,493.008,512.4786,120.81451399999997,108.19701999999995,0.8719834685325623,-1,-1,-1
141,6,496.63297,514.20795,126.81710999999996,111.55736999999999,0.8607689142227173,-1,-1,-1
142,6,502.12726,517.76514,127.43413999999996,113.38977,0.8953222632408142,-1,-1,-1
143,6,505.62106,517.4791,129.34665,116.18975999999998,0.8673095703125,-1,-1,-1
144,6,509.4652,517.6856,134.83483999999999,120.15417500000001,0.8683028817176819,-1,-1,-1
145,6,513.2868,515.2264,137.55970000000002,126.68493999999998,0.8617082834243774,-1,-1,-1
146,6,514.64044,516.6677,149.09344,131.34937000000002,0.8776262402534485,-1,-1,-1
147,6,523.4921,517.0202,148.45715000000007,136.18732,0.8745545148849487,-1,-1,-1
148,6,532.2289,518.73157,151.55713000000003,140.99419999999998,0.8913722634315491,-1,-1,-1
149,6,536.3559,522.8178,157.91832999999997,141.94823999999994,0.8701091408729553,-1,-1,-1
150,6,542.39124,521.9839,165.38824,150.38092000000006,0.8834769129753113,-1,-1,-1
151,6,545.4238,523.3229,175.44843000000003,156.11284999999998,0.8786185383796692,-1,-1,-1
152,6,556.36206,528.38556,181.13116000000002,156.94550000000004,0.8881593346595764,-1,-1,-1
153,6,562.5136,527.28186,194.89160000000004,166.29431,0.8735702037811279,-1,-1,-1
154,6,577.0343,532.3524,203.18346999999994,173.45288000000005,0.8848116993904114,-1,-1,-1
155,6,582.61224,535.23206,221.17804,182.62445000000002,0.8733813762664795,-1,-1,-1
156,6,592.9359,535.28253,240.68364999999994,192.47320000000002,0.8855440020561218,-1,-1,-1
157,6,601.9497,537.74097,261.00977,204.78864,0.8682706952095032,-1,-1,-1
158,6,616.8591,542.8415,280.17822,221.88281000000006,0.8830506801605225,-1,-1,-1
159,6,640.36444,546.7533,302.96917999999994,235.40936,0.8940945863723755,-1,-1,-1
160,6,655.9721,550.2575,331.99119999999994,256.07280000000003,0.8679232001304626,-1,-1,-1
161,6,684.7529,555.7799,355.61462000000006,276.14282000000003,0.871181845664978,-1,-1,-1
162,6,717.6019,552.56537,376.5377199999999,310.33556999999996,0.8590678572654724,-1,-1,-1
163,6,758.674,559.7892,425.64398000000006,332.94714,0.8418676853179932,-1,-1,-1
164,6,806.0215,575.34485,485.97826999999995,368.53600000000006,0.8191171884536743,-1,-1,-1
165,6,856.4572,579.49744,575.9064299999999,417.65325999999993,0.8172402381896973,-1,-1,-1
166,6,911.85474,588.60706,682.1357399999999,478.61267,0.7644770741462708,-1,-1,-1
187,7,1334.5707,309.97516,265.42931999999996,165.45369999999997,0.6196311116218567,-1,-1,-1
188,7,1292.5638,319.24896,306.3964799999999,159.95052999999996,0.7331189513206482,-1,-1,-1
189,7,1239.694,330.94577,328.4012499999999,150.24480999999997,0.6638381481170654,-1,-1,-1
190,7,1146.0505,346.49118,297.41577000000007,140.90859999999998,0.6333181262016296,-1,-1,-1
191,7,1098.0588,357.1366,282.6873800000001,134.32464999999996,0.7449971437454224,-1,-1,-1
192,7,1054.5654,365.04956,268.63293,131.56223,0.7410966157913208,-1,-1,-1
193,7,1014.0937,372.66177,244.6090700000001,128.89166,0.7948718070983887,-1,-1,-1
194,7,974.8579,378.83185,232.56872999999996,125.31796000000003,0.8002299666404724,-1,-1,-1
195,7,953.9408,389.0578,199.35144000000003,116.39425999999997,0.8050053119659424,-1,-1,-1
196,7,919.9669,394.41238,190.58667000000003,113.24747000000002,0.7961405515670776,-1,-1,-1
197,7,895.61273,399.62567,180.01092999999992,110.53705000000002,0.8012441396713257,-1,-1,-1
198,7,864.2889,403.08484,177.77863000000002,110.6449,0.7954683303833008,-1,-1,-1
199,7,843.5242,408.25958,171.25549999999998,107.828125,0.79612135887146,-1,-1,-1
200,7,821.14923,410.94064,163.03026999999997,106.79433999999998,0.7939460277557373,-1,-1,-1
201,7,801.49976,415.09058,155.24292000000003,103.08837999999997,0.813030481338501,-1,-1,-1
202,7,782.4213,418.622,150.48577999999998,101.16088999999994,0.8024154305458069,-1,-1,-1
203,7,764.8566,422.19348,147.06322999999998,100.54760999999996,0.7829889059066772,-1,-1,-1
204,7,746.7707,427.65164,142.26111000000003,96.64785999999998,0.8430797457695007,-1,-1,-1
205,7,734.56396,428.98935,135.95470999999998,95.77249,0.8178585767745972,-1,-1,-1
206,7,713.797,435.56595,142.17151,94.13144000000005,0.8002023696899414,-1,-1,-1
207,7,701.76935,436.31277,131.84302000000002,92.78774999999996,0.8048797249794006,-1,-1,-1
208,7,689.00586,438.8321,136.21521000000007,90.83710000000002,0.7798247337341309,-1,-1,-1
209,7,677.2849,441.1025,128.43951000000004,90.74600000000004,0.7690547704696655,-1,-1,-1
210,7,664.7286,442.58194,125.68457000000001,90.71634,0.8033573627471924,-1,-1,-1
211,7,655.85583,445.97662,117.27966000000004,88.39282000000003,0.7732033133506775,-1,-1,-1
212,7,645.81354,447.9702,115.54370000000006,86.45952999999997,0.7908543348312378,-1,-1,-1
213,7,638.09717,450.76675,112.90961000000004,85.15341000000001,0.7457740306854248,-1,-1,-1
214,7,627.8609,454.4304,110.31933600000002,82.25290000000001,0.7025670409202576,-1,-1,-1
243,8,1261.1229,368.56985,338.28918,202.54453,0.6788957118988037,-1,-1,-1
244,8,1201.7456,376.34363,398.25440000000003,194.91785,0.8025069236755371,-1,-1,-1
245,8,1141.327,386.03806,438.8743999999999,184.06313999999998,0.7314494848251343,-1,-1,-1
246,8,1076.0911,396.00214,359.6156000000001,166.49908,0.7021965980529785,-1,-1,-1
247,8,1029.9419,402.33868,346.15527,158.41437000000002,0.7016841173171997,-1,-1,-1
247,9,461.0933,498.1967,108.84177,96.80312999999995,0.7034884095191956,-1,-1,-1
248,8,995.51697,407.5754,316.73205999999993,153.5469,0.6718232035636902,-1,-1,-1
248,9,464.2723,502.0135,109.20583999999997,94.68841599999996,0.8048185110092163,-1,-1,-1
249,8,965.5329,409.38907,298.5492599999999,153.99111999999997,0.7559603452682495,-1,-1,-1
249,9,468.58978,498.72903,110.85168499999997,98.21701000000002,0.849911093711853,-1,-1,-1
250,8,937.3608,410.74408,277.49627999999996,152.04961999999995,0.8192912340164185,-1,-1,-1
250,9,472.92844,499.3432,113.54007000000001,99.56439,0.8729947209358215,-1,-1,-1
251,8,910.70575,414.8368,275.02704000000006,146.94591999999994,0.8403019905090332,-1,-1,-1
251,9,478.04004,498.94418,116.88043000000005,103.02450600000003,0.8587415218353271,-1,-1,-1
252,8,881.41406,418.46982,257.6193999999999,143.74448000000007,0.8640254735946655,-1,-1,-1
252,9,481.18954,497.57663,120.93374999999997,105.73825,0.8605986833572388,-1,-1,-1
253,8,862.4166,420.30536,241.35937999999987,142.21740000000005,0.8529366254806519,-1,-1,-1
253,9,488.19357,498.2237,123.33261000000005,106.54455600000006,0.8738980889320374,-1,-1,-1
254,8,841.89703,425.86096,226.50360000000012,137.87689,0.8525330424308777,-1,-1,-1
254,9,491.41812,498.57364,129.51381999999995,109.25551999999999,0.8710482716560364,-1,-1,-1
255,8,819.23883,428.6961,222.86736999999994,133.47046,0.8401281237602234,-1,-1,-1
255,9,497.3701,499.88422,131.42318999999998,109.81768999999997,0.8752039074897766,-1,-1,-1
256,8,802.45056,435.15802,204.36212,127.06725999999998,0.8389664888381958,-1,-1,-1
256,9,500.51135,500.25473,138.95532000000003,114.15274,0.8823674321174622,-1,-1,-1
257,8,780.9125,438.13754,200.65252999999996,122.41836499999994,0.8694771528244019,-1,-1,-1
257,9,509.43317,500.56705,140.71398999999997,117.84402499999999,0.8760005831718445,-1,-1,-1
258,8,765.7305,440.14188,188.20416,120.74710000000005,0.8713948726654053,-1,-1,-1
258,9,514.08167,500.63983,146.91656,121.21570000000003,0.8883987069129944,-1,-1,-1
259,8,748.6401,443.21622,183.54358000000002,117.95101999999997,0.8396956324577332,-1,-1,-1
259,9,521.8791,500.21753,154.16089,125.32403599999998,0.8639757037162781,-1,-1,-1
260,8,732.81415,445.80945,175.65856999999994,115.36926,0.8429621458053589,-1,-1,-1
260,9,531.52216,501.5124,158.27557000000002,129.67017000000004,0.8892813920974731,-1,-1,-1
261,8,712.95197,449.80103,172.06934,113.76562500000006,0.8475913405418396,-1,-1,-1
261,9,539.4023,500.29465,164.01709000000005,138.59683,0.8872934579849243,-1,-1,-1
262,8,701.3234,453.31268,164.88245000000006,109.36279000000002,0.8440813422203064,-1,-1,-1
262,9,546.0642,500.5106,174.78943000000004,145.20437999999996,0.8736463189125061,-1,-1,-1
263,8,697.906,455.05334,150.06444999999997,105.64239500000002,0.7891976833343506,-1,-1,-1
263,9,556.5701,503.899,186.39313000000004,147.76062000000002,0.8739637136459351,-1,-1,-1
264,9,565.7075,505.45892,195.51329999999996,154.29113999999998,0.8638842701911926,-1,-1,-1
265,9,580.3498,505.19315,202.99036,161.74466,0.8825862407684326,-1,-1,-1
266,9,589.752,502.10468,220.46849999999995,175.38947000000002,0.8878208994865417,-1,-1,-1
267,9,607.5384,498.46286,236.5014,191.27493000000004,0.8738310933113098,-1,-1,-1
267,10,1367.3939,311.8308,232.41577000000007,157.41873000000004,0.6159526705741882,-1,-1,-1
268,9,625.1423,503.4891,251.10675000000003,197.79818999999998,0.8682588338851929,-1,-1,-1
268,10,1306.9987,318.32742,292.27063,153.09729,0.7014224529266357,-1,-1,-1
269,9,645.0639,504.49313,277.88464,213.31985000000003,0.8803070783615112,-1,-1,-1
269,10,1268.2482,322.80112,330.04565,152.48827999999997,0.770926296710968,-1,-1,-1
269,11,575.2728,481.11523,156.94696,102.83526600000005,0.653035581111908,-1,-1,-1
270,9,664.4977,507.91263,305.26275999999996,223.31980000000004,0.8622159957885742,-1,-1,-1
270,10,1224.8708,330.7896,344.7048299999999,144.60650000000004,0.7822955250740051,-1,-1,-1
270,11,556.8585,485.86444,155.59911999999997,103.50475999999998,0.7871115803718567,-1,-1,-1
271,9,688.47864,508.0617,338.2972400000001,242.11615000000006,0.8649415373802185,-1,-1,-1
271,10,1176.9233,338.51813,317.2428,140.89659999999998,0.7067862749099731,-1,-1,-1
271,11,537.60913,491.68082,158.04498,100.45125999999999,0.8026260137557983,-1,-1,-1
272,9,714.9602,509.1575,388.92016999999987,272.85300000000007,0.8675275444984436,-1,-1,-1
272,10,1129.0718,348.95715,303.46143000000006,136.022,0.7527511715888977,-1,-1,-1
272,11,517.4878,497.32782,156.43835,100.49615500000004,0.792073130607605,-1,-1,-1
273,9,750.74365,508.33817,428.76184,304.2123,0.8762621283531189,-1,-1,-1
273,10,1088.9098,359.22855,290.4781499999999,131.16968000000003,0.791431188583374,-1,-1,-1
273,11,497.13702,502.6885,155.72766000000001,100.79953,0.8346518278121948,-1,-1,-1
274,9,798.7594,510.9309,487.2105700000001,326.84343999999993,0.8223247528076172,-1,-1,-1
274,10,1050.4564,365.96283,281.9535000000001,127.98644999999999,0.7985448241233826,-1,-1,-1
274,11,478.31863,506.4149,154.74313000000006,101.08090000000004,0.7781203985214233,-1,-1,-1
275,9,847.2315,518.0115,585.2966,358.06157999999994,0.8141245245933533,-1,-1,-1
275,10,1022.2429,372.18582,248.42603000000008,125.32709,0.8146906495094299,-1,-1,-1
275,11,457.3535,514.0327,152.71701000000002,100.13415499999996,0.7999536395072937,-1,-1,-1
276,9,923.79456,506.1429,674.4251999999999,429.06052000000005,0.744935154914856,-1,-1,-1
276,10,988.21295,376.3269,251.1375099999999,123.786835,0.8081209063529968,-1,-1,-1
276,11,436.00348,522.6639,151.79962000000006,98.97173999999995,0.7858623266220093,-1,-1,-1
277,10,961.2678,382.03757,230.16089,120.02084000000002,0.8668996095657349,-1,-1,-1
277,11,407.32928,527.95465,157.85138,102.07348999999999,0.7965610027313232,-1,-1,-1
278,10,940.1157,388.14636,215.66626000000008,116.85647599999999,0.8372126817703247,-1,-1,-1
278,11,392.6424,536.3346,147.95000999999996,98.00207499999999,0.7782014012336731,-1,-1,-1
279,10,916.7017,393.9283,196.82123000000013,111.504974,0.8494985699653625,-1,-1,-1
279,11,368.17896,547.8853,152.50079999999997,94.20129399999996,0.6437302231788635,-1,-1,-1
280,10,893.465,397.02014,195.14655000000005,109.81826999999998,0.8200339674949646,-1,-1,-1
280,11,350.20456,556.3051,146.18597,92.15734999999995,0.7336788177490234,-1,-1,-1
281,10,868.93384,401.39456,188.11803999999995,110.06963999999999,0.8043133616447449,-1,-1,-1
281,11,324.02792,561.6527,148.1141,93.51720999999998,0.7811604738235474,-1,-1,-1
282,10,852.99664,406.01215,181.23590000000002,105.35964999999999,0.7913167476654053,-1,-1,-1
282,11,302.501,567.8496,145.11624,94.35601999999994,0.7826145887374878,-1,-1,-1
283,10,833.2714,407.56952,173.26581,107.85748000000001,0.8103169798851013,-1,-1,-1
283,11,277.69867,575.5729,144.96758999999997,92.40319999999997,0.7838705778121948,-1,-1,-1
284,10,817.2311,410.65732,167.85393999999997,104.83877600000005,0.8055856227874756,-1,-1,-1
284,11,252.6321,582.90796,146.5782,92.46880999999996,0.8379066586494446,-1,-1,-1
285,10,801.003,413.0638,165.31640000000004,103.07979999999998,0.8157599568367004,-1,-1,-1
285,11,236.43651,588.88367,139.85249999999996,91.12305000000003,0.7809975743293762,-1,-1,-1
286,10,784.91833,415.6088,159.66992000000005,103.71798999999999,0.8003964424133301,-1,-1,-1
286,11,210.53917,593.5827,145.65193,97.12292500000001,0.8248710632324219,-1,-1,-1
287,10,772.62195,420.88812,151.60345000000007,99.51440399999996,0.8168370723724365,-1,-1,-1
287,11,188.0064,602.7837,143.73009,95.60448999999994,0.7911055684089661,-1,-1,-1
288,10,758.8208,425.40387,148.47827000000007,96.21087999999997,0.8087329864501953,-1,-1,-1
288,11,170.26036,611.7059,137.58058,90.85442999999998,0.7926456928253174,-1,-1,-1
289,10,739.32135,427.09613,146.81029999999998,96.54436999999996,0.8579838275909424,-1,-1,-1
289,11,140.70181,618.2471,147.78864000000002,94.13989000000004,0.7873780727386475,-1,-1,-1
290,10,725.724,429.90552,146.56133999999997,97.05908,0.8357412219047546,-1,-1,-1
290,11,117.171814,630.7583,146.56808,87.30200000000002,0.7984505891799927,-1,-1,-1
291,10,712.97723,432.95477,144.28918,94.63141000000002,0.8167276382446289,-1,-1,-1
291,11,93.49851,635.2007,146.90778,88.57556,0.7752314209938049,-1,-1,-1
292,10,701.77747,435.77594,138.38213999999994,93.15575999999999,0.8284417986869812,-1,-1,-1
292,11,70.366844,639.9197,148.29015999999996,90.15404999999998,0.7824280261993408,-1,-1,-1
293,10,691.33453,437.87653,134.80090000000007,92.365906,0.8229764699935913,-1,-1,-1
293,11,41.09403,645.16327,155.17883,93.11388999999997,0.7616420388221741,-1,-1,-1
294,10,682.63074,439.63998,134.76702999999998,90.37697999999995,0.7798410058021545,-1,-1,-1
294,11,16.35344,650.92566,154.32387,96.22589000000005,0.6626537442207336,-1,-1,-1
295,10,673.8444,442.0371,124.68072499999994,90.74285999999995,0.8088786005973816,-1,-1,-1
296,10,662.3612,443.30817,125.29912999999999,88.80902000000003,0.7966681122779846,-1,-1,-1
297,10,652.5387,445.91614,118.22815000000003,88.73229999999995,0.791373610496521,-1,-1,-1
298,10,644.74744,450.91373,116.87683000000004,84.20865000000003,0.7951660752296448,-1,-1,-1
299,10,636.22455,451.17456,115.28094499999997,86.07922000000002,0.7478649616241455,-1,-1,-1
300,10,628.4748,453.6376,113.87652600000001,84.00954999999999,0.7110399603843689,-1,-1,-1
301,10,622.18884,453.9278,107.64056400000004,83.38281,0.6323387026786804,-1,-1,-1
305,12,487.44278,512.5164,102.48012999999997,84.54205000000002,0.6462184190750122,-1,-1,-1
306,12,492.48218,512.48706,103.76874000000004,87.36986999999999,0.8021301627159119,-1,-1,-1
307,12,495.71228,512.0248,106.55749499999996,89.20611599999995,0.7909817099571228,-1,-1,-1
308,12,502.98184,512.84607,109.32333,89.24048000000005,0.7734488844871521,-1,-1,-1
309,12,507.8566,512.9966,112.89321999999999,91.68340999999998,0.8337830901145935,-1,-1,-1
310,12,513.77423,513.9757,117.55846999999994,93.27117999999996,0.847786545753479,-1,-1,-1
311,12,519.87946,513.0225,124.67029000000002,95.88098000000002,0.839680552482605,-1,-1,-1
312,12,528.7989,513.6875,124.73675500000002,97.32970999999998,0.8471868634223938,-1,-1,-1
313,12,536.6591,512.7948,132.15508999999997,100.24414000000002,0.8508985638618469,-1,-1,-1
314,12,546.4915,512.68835,134.63067999999998,102.55127000000005,0.862184464931488,-1,-1,-1
315,12,556.02246,510.91174,140.63959,109.655396,0.8586976528167725,-1,-1,-1
316,12,566.5426,510.67227,143.62816999999995,112.95761000000005,0.8676803708076477,-1,-1,-1
317,12,578.5656,508.90637,151.83478000000002,117.14343000000002,0.8737499713897705,-1,-1,-1
318,12,590.72723,508.5394,156.54125999999997,122.31844999999998,0.8772567510604858,-1,-1,-1
319,12,603.5392,506.8919,164.35645,126.06573499999996,0.8945342898368835,-1,-1,-1
320,12,620.00024,506.14395,172.34735,132.36935000000005,0.8804161548614502,-1,-1,-1
321,12,634.71967,505.5149,182.84222,137.66899999999998,0.8831217288970947,-1,-1,-1
322,12,653.90814,505.28592,194.06635000000006,141.91733000000005,0.8840112090110779,-1,-1,-1
323,12,669.70215,503.84808,209.52863000000002,147.74816999999996,0.871484100818634,-1,-1,-1
324,12,696.0172,504.55438,218.71074999999996,154.51727,0.8616796135902405,-1,-1,-1
325,12,718.354,503.0041,242.84058000000005,161.08300999999994,0.8646784424781799,-1,-1,-1
326,12,750.59656,502.3074,258.77117999999996,171.68234,0.8616748452186584,-1,-1,-1
327,12,782.9517,501.65454,284.66876000000013,180.32714999999996,0.8647693991661072,-1,-1,-1
328,12,820.28754,499.78036,310.61736999999994,193.04445999999996,0.8584297299385071,-1,-1,-1
329,12,864.8404,497.86655,347.6093000000001,202.36606,0.86405348777771,-1,-1,-1
330,12,920.03766,491.79114,396.81744000000003,227.62299000000002,0.8486951589584351,-1,-1,-1
331,12,973.22064,486.38586,448.3227999999999,248.17809999999997,0.8004533052444458,-1,-1,-1
332,12,1017.2506,484.80396,544.0700700000001,272.85565,0.7425274848937988,-1,-1,-1
333,12,1105.11,488.74954,493.1213399999999,291.2352599999999,0.6720966696739197,-1,-1,-1
337,13,1361.5154,354.13397,238.48461999999995,208.57641999999998,0.6005007028579712,-1,-1,-1
338,13,1284.4873,357.07578,314.77892999999995,204.81595000000004,0.7608395218849182,-1,-1,-1
339,13,1232.7417,359.22583,367.25829999999996,205.18707000000006,0.8126540780067444,-1,-1,-1
340,13,1173.3589,369.51868,417.7727,193.13622999999995,0.7754479050636292,-1,-1,-1
341,13,1123.261,377.79703,409.40930000000003,184.97970000000004,0.7684107422828674,-1,-1,-1
342,13,1071.9523,381.37158,378.80286,175.93200000000002,0.7886644601821899,-1,-1,-1
343,13,1041.6221,385.33932,343.4475,170.61636000000004,0.7942319512367249,-1,-1,-1
343,14,1300.6493,259.4615,299.35069999999996,216.05856,0.6712788343429565,-1,-1,-1
344,13,1009.6777,393.37567,314.6400799999999,165.02202999999997,0.8064042329788208,-1,-1,-1
344,14,1250.8475,289.03345,348.02549999999997,188.0115,0.8388717174530029,-1,-1,-1
345,13,978.70776,398.3338,298.85815,161.1336,0.8277044296264648,-1,-1,-1
345,14,1200.4022,302.5866,347.6642999999999,177.03894000000003,0.7853870987892151,-1,-1,-1
346,13,954.949,405.23196,281.68286,154.66213999999997,0.846985936164856,-1,-1,-1
346,14,1147.2385,312.71414,325.8683000000001,169.78665,0.6394925713539124,-1,-1,-1
347,13,927.8875,410.27527,275.72173999999995,149.70312,0.830794095993042,-1,-1,-1
348,13,909.12836,412.37537,255.0778200000001,147.3913,0.853999137878418,-1,-1,-1
349,13,885.6974,412.16534,254.40442000000007,148.34064,0.842810869216919,-1,-1,-1
350,13,873.00415,419.4023,233.46289000000002,141.82108,0.8549066185951233,-1,-1,-1
350,15,0.0,680.13776,137.76651,95.37079000000006,0.7600899338722229,-1,-1,-1
351,13,856.7595,424.1482,225.4526400000001,136.64331000000004,0.8517337441444397,-1,-1,-1
351,15,4.596615,677.90717,145.52881000000002,93.92760999999996,0.8327319025993347,-1,-1,-1
352,13,837.19293,428.50342,215.85686999999996,133.65441999999996,0.8556088209152222,-1,-1,-1
352,15,9.559429,673.7435,151.2095,95.91321000000005,0.863273561000824,-1,-1,-1
353,13,825.8436,432.07913,206.47582999999997,128.06747000000001,0.8291785717010498,-1,-1,-1
353,15,16.882885,669.69727,158.88322,97.89612,0.8729836344718933,-1,-1,-1
354,13,807.2464,435.4785,206.97784000000001,127.18527,0.838157594203949,-1,-1,-1
354,15,32.205463,666.8126,152.82863,97.40485000000001,0.8525344133377075,-1,-1,-1
355,13,794.5819,436.2409,196.06103999999993,125.52544999999998,0.856617271900177,-1,-1,-1
355,15,41.285587,663.34106,154.01123,98.83227499999998,0.8538191318511963,-1,-1,-1
356,13,781.1845,437.66776,192.09136999999998,124.41653400000001,0.8520051836967468,-1,-1,-1
356,15,51.248886,660.5572,155.80525,98.83037999999999,0.8388254046440125,-1,-1,-1
357,13,769.6395,438.33905,190.08148000000006,123.63568000000004,0.840804398059845,-1,-1,-1
357,15,61.24253,656.88,158.58151000000004,98.98089600000003,0.8677583932876587,-1,-1,-1
358,13,757.6835,444.81793,182.97882000000004,118.02594000000005,0.8606357574462891,-1,-1,-1
358,15,70.04695,653.692,160.34177,98.87408400000004,0.8862566351890564,-1,-1,-1
359,13,749.4459,444.66296,180.59020999999996,118.69353999999998,0.8571155667304993,-1,-1,-1
359,15,82.499985,648.73425,158.76292,101.09717,0.8605918884277344,-1,-1,-1
360,13,741.2542,441.1627,176.59380999999996,121.42142000000001,0.8625580072402954,-1,-1,-1
360,15,89.3678,645.93945,156.77242,100.0,0.8618704080581665,-1,-1,-1
360,16,488.536,510.42844,105.12218999999999,90.06759999999997,0.7194679975509644,-1,-1,-1
361,13,731.83875,443.22504,175.10193000000004,119.03375,0.8530150651931763,-1,-1,-1
361,15,98.66865,646.2371,151.22208,97.66296399999999,0.8394035696983337,-1,-1,-1
361,16,493.18057,510.98505,109.14822400000003,92.14142000000004,0.7511582374572754,-1,-1,-1
362,13,719.7435,444.493,175.40399000000002,120.30617999999998,0.84995037317276,-1,-1,-1
362,15,108.3317,643.0598,144.81991999999997,98.86285399999997,0.8345932960510254,-1,-1,-1
362,16,495.48892,508.66226,112.48935000000006,94.89383000000004,0.7715749740600586,-1,-1,-1
363,13,710.2419,445.86514,170.71038999999996,118.638824,0.8504405617713928,-1,-1,-1
363,15,117.91477,640.4703,139.20775999999998,98.66272000000004,0.8112715482711792,-1,-1,-1
363,16,500.2628,508.407,116.45669600000002,97.14010999999999,0.8057895302772522,-1,-1,-1
364,13,707.5034,447.52826,167.60810000000004,116.17528999999996,0.8465893268585205,-1,-1,-1
364,15,121.05913,639.74036,147.84193,98.11487,0.7895662784576416,-1,-1,-1
364,16,506.1159,509.11627,119.70807000000002,99.52868999999998,0.8409964442253113,-1,-1,-1
365,13,698.9878,447.08218,168.42278999999996,117.05868499999997,0.8604087233543396,-1,-1,-1
365,15,130.37598,636.52905,144.9945,100.25213999999994,0.7801079154014587,-1,-1,-1
365,16,510.60477,511.30267,125.25479000000001,101.03418000000005,0.8461635112762451,-1,-1,-1
366,13,697.3658,453.18527,163.40679999999998,109.56174000000004,0.8672705292701721,-1,-1,-1
366,15,136.52133,634.6993,146.89764,99.99230999999997,0.8040123581886292,-1,-1,-1
366,16,516.14124,511.16333,130.63067999999998,103.55322000000001,0.8544689416885376,-1,-1,-1
367,13,690.132,451.74957,161.32061999999996,112.70360999999997,0.8512392044067383,-1,-1,-1
367,15,143.3001,632.2547,151.34629999999999,99.39593500000001,0.8091675639152527,-1,-1,-1
367,16,523.4634,511.24048,131.43158000000005,104.33368000000002,0.8563164472579956,-1,-1,-1
368,13,686.2025,453.98975,157.1753,109.79864500000002,0.8573876619338989,-1,-1,-1
368,15,146.49086,628.4293,164.29811,101.69317999999998,0.8311082124710083,-1,-1,-1
368,16,531.6786,511.1828,133.84149000000002,106.63086000000004,0.8596035242080688,-1,-1,-1
368,17,1348.3479,318.13712,251.34655999999995,158.23226999999997,0.6477333307266235,-1,-1,-1
369,13,679.7982,454.38843,158.64324999999997,111.04601999999994,0.8594168424606323,-1,-1,-1
369,15,153.51898,623.34955,165.6286,103.71587999999997,0.8503898978233337,-1,-1,-1
369,16,542.36163,512.8644,138.45654000000002,108.42956500000003,0.8659462332725525,-1,-1,-1
369,17,1292.5896,326.14966,307.35619999999994,150.67852999999997,0.7986499071121216,-1,-1,-1
370,13,676.3107,455.4925,155.15363000000002,109.84820599999995,0.8469676375389099,-1,-1,-1
370,15,157.56001,620.7994,169.26427000000004,102.62012000000004,0.8684828281402588,-1,-1,-1
370,16,550.4099,510.75,146.06360000000006,113.37108999999998,0.8661258220672607,-1,-1,-1
370,17,1239.7097,332.72513,332.14293999999995,148.44687,0.7082493901252747,-1,-1,-1
371,13,674.7754,455.669,151.76757999999995,109.10204999999996,0.830101728439331,-1,-1,-1
371,15,164.16054,619.0925,167.87859,101.69586000000004,0.8594681620597839,-1,-1,-1
371,16,560.8406,512.8465,152.46654999999998,114.39337,0.9114884734153748,-1,-1,-1
371,17,1202.4448,338.59085,303.29016,144.98940999999996,0.6594666242599487,-1,-1,-1
372,13,674.9775,459.15274,143.05327999999997,104.44729600000005,0.8091272115707397,-1,-1,-1
372,15,168.06561,617.67615,169.65778,99.52997000000005,0.8368540406227112,-1,-1,-1
372,16,572.2995,514.48785,160.21276999999998,117.77075000000002,0.8682708740234375,-1,-1,-1
372,17,1146.8594,354.08633,278.9928,134.03927999999996,0.718078076839447,-1,-1,-1
373,13,674.7755,460.92798,135.61859000000004,100.58050499999996,0.7271987795829773,-1,-1,-1
373,15,173.00533,615.2028,172.28203,99.34960999999998,0.8313528299331665,-1,-1,-1
373,16,586.63245,514.52875,162.95221000000004,122.06268,0.8765515685081482,-1,-1,-1
373,17,1105.9712,360.9632,275.73926000000006,130.53809,0.7325170040130615,-1,-1,-1
374,13,672.93024,458.37778,133.40723000000003,97.56473,0.6478846073150635,-1,-1,-1
374,15,177.89935,613.8652,171.30661,97.26049999999998,0.8347382545471191,-1,-1,-1
374,16,597.29956,514.2174,174.77855999999997,125.40777600000001,0.8720855116844177,-1,-1,-1
374,17,1079.3851,366.02353,259.66235000000006,132.26461999999998,0.8096804022789001,-1,-1,-1
375,15,186.25874,612.14764,167.95100000000002,95.80133000000001,0.8408547043800354,-1,-1,-1
375,16,612.9939,512.8068,184.62932999999998,131.56915000000004,0.8755673170089722,-1,-1,-1
375,17,1031.9346,372.57324,247.77929999999992,127.79519999999997,0.7955669164657593,-1,-1,-1
376,15,193.4838,610.9829,165.5221,95.98546999999996,0.8353526592254639,-1,-1,-1
376,16,633.18585,513.8512,191.32727,134.25194999999997,0.8807237148284912,-1,-1,-1
376,17,991.411,378.9242,228.51024999999993,123.25286999999997,0.8227969408035278,-1,-1,-1
377,15,199.35443,608.9206,163.13443000000004,96.10602000000006,0.833350419998169,-1,-1,-1
377,16,652.51605,512.78784,203.02184999999997,141.12096999999994,0.8788397312164307,-1,-1,-1
377,17,963.38684,386.79095,214.1964099999999,118.37988000000001,0.8278970718383789,-1,-1,-1
378,15,204.3605,608.4724,163.01482999999996,95.77515000000005,0.8356438875198364,-1,-1,-1
378,16,672.30566,511.1964,216.18175999999994,147.42816,0.8536196351051331,-1,-1,-1
378,17,941.30725,393.2733,189.4168699999999,110.86005,0.8670570850372314,-1,-1,-1
379,13,655.6654,461.30972,155.47198000000003,103.25277999999997,0.6281359195709229,-1,-1,-1
379,15,206.08,607.9624,163.10367999999997,96.43921,0.8415064811706543,-1,-1,-1
379,16,700.4347,507.74258,230.33429,158.13693,0.8487017750740051,-1,-1,-1
379,17,913.8891,398.31506,181.8039,109.566956,0.8534421324729919,-1,-1,-1
380,13,655.6351,463.27563,150.38909999999998,99.51398000000006,0.8088807463645935,-1,-1,-1
380,15,210.67911,608.2074,160.78509999999997,96.00951999999995,0.8410117626190186,-1,-1,-1
380,16,724.55255,510.35294,252.42291,163.19705,0.8699817657470703,-1,-1,-1
380,17,887.37933,404.1438,182.71624999999995,105.15253000000001,0.8201914429664612,-1,-1,-1
381,13,650.7726,463.8337,148.24047999999993,102.69888000000003,0.8377745151519775,-1,-1,-1
381,15,211.1112,607.8108,161.69800000000004,96.99707000000001,0.8409793972969055,-1,-1,-1
381,16,754.6014,510.94455,282.08636,170.98600000000005,0.893257200717926,-1,-1,-1
381,17,867.35345,408.94617,170.7378500000001,102.86989999999997,0.8088779449462891,-1,-1,-1
382,13,645.61707,464.65503,143.30511,102.50262499999997,0.8567835092544556,-1,-1,-1
382,15,211.02695,607.207,163.3175,97.642334,0.8441416025161743,-1,-1,-1
382,16,793.3501,505.12872,304.61145,186.82452000000006,0.8679115176200867,-1,-1,-1
382,17,846.75366,411.25516,162.4325,102.54421999999994,0.8001811504364014,-1,-1,-1
383,13,642.1273,464.3147,144.69641000000001,103.31475999999998,0.8690757155418396,-1,-1,-1
383,15,215.26251,606.7891,161.81601000000003,97.92309599999999,0.8443684577941895,-1,-1,-1
383,16,831.2856,503.73764,340.37262,201.90047999999996,0.8732395172119141,-1,-1,-1
383,17,826.4118,414.0749,155.47753999999998,102.04413000000005,0.8120378851890564,-1,-1,-1
384,13,641.4811,464.67957,144.96686,103.14904999999999,0.8723677396774292,-1,-1,-1
384,15,217.7875,606.18726,161.40883999999997,98.55517599999996,0.8496485948562622,-1,-1,-1
384,16,887.2191,498.39563,384.8116499999999,217.57758,0.8509554862976074,-1,-1,-1
384,17,807.50055,418.077,153.72046,100.45834000000002,0.8167931437492371,-1,-1,-1
385,13,643.3077,464.96048,145.19597999999996,102.78817999999995,0.8653141260147095,-1,-1,-1
385,15,220.41913,605.4737,159.84285999999997,98.91406000000006,0.8473110198974609,-1,-1,-1
385,16,933.01465,489.6884,450.8520500000001,240.28719999999998,0.8092105984687805,-1,-1,-1
385,17,784.18286,420.25537,151.83105,101.45122999999995,0.8139380216598511,-1,-1,-1
386,13,641.20123,465.63052,146.21331999999995,102.45333999999997,0.8634936809539795,-1,-1,-1
386,15,222.03387,605.06116,160.0022,99.24084500000004,0.8747989535331726,-1,-1,-1
386,16,939.97314,482.16638,573.21265,268.92987000000005,0.7248791456222534,-1,-1,-1
386,17,773.15906,423.7653,142.25464,99.21987999999999,0.8164645433425903,-1,-1,-1
387,13,640.539,465.4273,145.39660000000003,102.81427000000002,0.8643271923065186,-1,-1,-1
387,15,222.50882,605.39014,159.64181999999997,98.69768999999997,0.8805898427963257,-1,-1,-1
387,16,1051.3491,484.88998,548.6509000000001,289.6602500000001,0.7486474514007568,-1,-1,-1
387,17,758.34814,426.8503,136.19909999999993,98.83901999999995,0.8411782383918762,-1,-1,-1
388,13,639.75543,466.37143,143.68744000000004,101.89743000000004,0.8623762726783752,-1,-1,-1
388,15,222.83125,605.1977,160.77573999999998,98.99658,0.8711210489273071,-1,-1,-1
388,16,1103.4417,501.80188,496.55835,289.73938,0.6130284070968628,-1,-1,-1
388,17,745.28485,428.9361,130.60857999999996,97.076416,0.7935025095939636,-1,-1,-1
389,13,637.6531,465.93655,144.68195000000003,103.09371999999996,0.8714013695716858,-1,-1,-1
389,15,224.97678,605.05206,159.73635999999996,99.15430000000003,0.8603834509849548,-1,-1,-1
389,16,1230.1182,487.30698,369.88184,330.1671999999999,0.7312330007553101,-1,-1,-1
389,17,732.58856,432.47748,130.08263999999997,94.77892999999995,0.7865922451019287,-1,-1,-1
390,13,635.2716,466.2836,145.02600000000007,102.92380000000003,0.8708926439285278,-1,-1,-1
390,15,227.89574,604.0873,159.93718,99.94646999999998,0.8615079522132874,-1,-1,-1
391,13,634.24146,465.1425,144.01037999999994,104.42172,0.8622391819953918,-1,-1,-1
391,15,229.81424,604.2784,159.08383,99.07721000000004,0.8600302934646606,-1,-1,-1
392,13,634.1711,466.03046,142.79633,103.3363,0.8651779294013977,-1,-1,-1
392,15,230.34889,604.8353,159.18495,98.91308600000002,0.861268162727356,-1,-1,-1
393,13,634.30774,463.84363,143.72827000000007,105.16815000000003,0.8624029159545898,-1,-1,-1
393,15,230.19696,604.6495,159.65479,99.41747999999995,0.8613497018814087,-1,-1,-1
394,13,635.3438,460.09555,145.64580999999998,108.55111999999997,0.8671236634254456,-1,-1,-1
394,15,230.81364,604.39246,159.47734,99.71387000000004,0.8616548180580139,-1,-1,-1
395,13,635.83936,459.43872,145.4361,108.99694999999997,0.8763329982757568,-1,-1,-1
395,15,230.70683,604.5263,159.38731000000004,99.56537000000003,0.8616752028465271,-1,-1,-1
396,13,632.4109,459.8279,144.25261999999998,108.70987000000002,0.8678412437438965,-1,-1,-1
396,15,230.33336,604.5256,159.70634000000004,99.45812999999998,0.8612579703330994,-1,-1,-1
397,13,628.87115,461.765,143.93157999999994,106.76080000000002,0.8686234951019287,-1,-1,-1
397,15,230.47333,604.8242,158.85162,99.03747599999997,0.8598794937133789,-1,-1,-1
398,13,626.72217,460.66302,145.25757,106.98107999999996,0.873091459274292,-1,-1,-1
398,15,230.5903,604.8172,158.8403,99.13769500000001,0.8602553606033325,-1,-1,-1
399,13,622.4417,462.08267,150.60289999999998,105.25644,0.8729161620140076,-1,-1,-1
399,15,230.5594,604.76227,158.99983,99.20159999999998,0.8608367443084717,-1,-1,-1
400,13,623.70825,463.1551,149.51495,104.54675000000003,0.8669798970222473,-1,-1,-1
400,15,230.60818,604.67194,159.0863,99.33337400000005,0.8610325455665588,-1,-1,-1
401,13,631.44916,466.56384,142.78021,101.72369400000002,0.8577979803085327,-1,-1,-1
401,15,231.27174,605.0374,158.00508,98.52599999999995,0.8599959015846252,-1,-1,-1
401,18,1324.3711,252.23503,275.4555700000001,222.36568,0.7014233469963074,-1,-1,-1
402,13,633.17505,466.67166,142.81011999999998,102.12685999999997,0.868150532245636,-1,-1,-1
402,15,231.25258,604.9752,158.06272999999996,98.69134499999996,0.8596952557563782,-1,-1,-1
402,18,1270.4401,284.76382,325.79369999999994,193.05251999999996,0.8474291563034058,-1,-1,-1
403,13,634.7497,465.9813,142.59680000000003,102.8082,0.867779016494751,-1,-1,-1
403,15,231.24242,604.91864,158.15376,98.82696499999997,0.8599658012390137,-1,-1,-1
403,18,1221.5007,299.76187,323.02612,178.91091999999998,0.8208004236221313,-1,-1,-1
404,13,635.5386,465.4725,142.38793999999996,103.59499999999997,0.8696112036705017,-1,-1,-1
404,15,231.32481,604.96027,158.25403999999997,98.88800000000003,0.8597501516342163,-1,-1,-1
404,18,1181.9272,310.2967,290.88024999999993,171.2645,0.8193853497505188,-1,-1,-1
405,13,634.73865,465.28574,143.29736000000003,103.59506000000005,0.8701390027999878,-1,-1,-1
405,15,231.22893,604.895,158.3972,98.90307600000006,0.8599615693092346,-1,-1,-1
405,18,1143.3176,320.82986,271.32373000000007,163.37691999999998,0.8308672904968262,-1,-1,-1
406,13,634.2683,465.82364,143.42467999999997,103.00503499999996,0.8753724098205566,-1,-1,-1
406,15,231.20898,604.3482,159.33258,99.03973399999995,0.8599759340286255,-1,-1,-1
406,18,1099.6792,330.19058,260.5327,157.3797,0.8403285145759583,-1,-1,-1
407,13,633.5834,466.18005,143.52710000000002,102.69756999999998,0.8777317404747009,-1,-1,-1
407,15,231.13156,604.97797,158.28247000000002,98.70209,0.8592346906661987,-1,-1,-1
407,18,1066.1869,336.2215,238.90686000000005,153.75034,0.843992292881012,-1,-1,-1
408,13,633.9693,466.21036,143.35059,102.61648599999995,0.8762353658676147,-1,-1,-1
408,15,231.14743,604.5085,159.15102999999996,98.85809000000006,0.8588958382606506,-1,-1,-1
408,18,1032.0054,341.05646,225.35742000000005,150.38126,0.8402872681617737,-1,-1,-1
409,13,634.1105,465.40347,142.96471999999994,103.39383000000004,0.8743529915809631,-1,-1,-1
409,15,231.49867,604.0007,159.3958,99.31890999999996,0.8608116507530212,-1,-1,-1
409,18,1006.1039,350.4941,202.0789799999999,143.00745,0.8488253951072693,-1,-1,-1
410,13,633.35724,465.1952,143.64184999999998,103.72009000000003,0.8718665242195129,-1,-1,-1
410,15,231.48528,603.92456,159.35843999999997,99.44170999999994,0.8598445057868958,-1,-1,-1
410,18,980.7252,354.96878,196.86926000000005,140.59515,0.8347015380859375,-1,-1,-1
411,13,632.19604,465.21024,143.23064999999997,103.09433000000001,0.8691805005073547,-1,-1,-1
411,15,231.04948,604.8837,159.05708,98.86303999999996,0.8627049326896667,-1,-1,-1
411,18,957.3696,362.3218,182.90784000000008,133.87195000000003,0.8296888470649719,-1,-1,-1
412,13,631.76855,465.01016,143.70781999999997,103.56045499999999,0.8687710165977478,-1,-1,-1
412,15,231.43405,604.918,158.8822,98.84717,0.863372266292572,-1,-1,-1
412,18,939.2849,363.62656,174.97400000000005,133.95540999999997,0.7314518094062805,-1,-1,-1
413,13,631.7788,464.97058,143.56268,103.52069,0.8675543069839478,-1,-1,-1
413,15,231.46977,605.0068,158.64534,98.90655500000003,0.8640214204788208,-1,-1,-1
413,18,903.9358,371.16956,182.32556,130.60179999999997,0.7973291277885437,-1,-1,-1
413,19,0.0,684.97784,141.43237,94.66302500000006,0.7398589253425598,-1,-1,-1
414,13,631.6043,464.985,143.74347,103.55260999999996,0.8687190413475037,-1,-1,-1
414,15,231.30069,604.73737,158.83926,99.30176000000006,0.8641339540481567,-1,-1,-1
414,18,889.09436,373.41818,173.29296999999997,130.66634999999997,0.8025583028793335,-1,-1,-1
414,19,0.0,682.55035,147.56168,94.74663999999996,0.7990562915802002,-1,-1,-1
415,13,632.1225,464.96326,144.00458000000003,103.44885,0.86980140209198,-1,-1,-1
415,15,231.31328,604.7629,158.88355999999996,99.19708000000003,0.8638709783554077,-1,-1,-1
415,18,865.6582,385.71576,161.45508000000007,119.74042000000003,0.8320110440254211,-1,-1,-1
415,19,1.1351466,680.0183,153.38188,94.65961000000004,0.8115890026092529,-1,-1,-1
416,13,632.473,465.0075,143.75305000000003,103.63061499999998,0.8721536993980408,-1,-1,-1
416,15,231.13156,604.71484,159.15703999999997,99.32903999999996,0.863838255405426,-1,-1,-1
416,18,841.94104,386.7206,163.60077,122.37051400000001,0.8486304879188538,-1,-1,-1
416,19,4.9136043,678.10004,157.70956,95.09295999999995,0.8219773769378662,-1,-1,-1
417,13,632.8225,465.10114,143.62128000000007,103.49792500000001,0.8734182715415955,-1,-1,-1
417,15,231.14726,604.6149,159.32536000000002,99.45904500000006,0.8636776208877563,-1,-1,-1
417,18,821.9416,392.85992,158.48846000000003,118.62621999999999,0.8355687260627747,-1,-1,-1
417,19,8.273149,675.2406,165.79988,97.00806,0.8551958799362183,-1,-1,-1
418,13,633.5176,464.69852,144.58136000000002,103.72885000000002,0.8725758194923401,-1,-1,-1
418,15,231.20222,604.6227,159.2163,99.50482,0.8636581301689148,-1,-1,-1
418,18,809.0815,397.42026,154.31017999999995,115.61301000000003,0.829785168170929,-1,-1,-1
418,19,14.106798,672.4386,165.6576,98.50970499999994,0.8572994470596313,-1,-1,-1
419,13,633.9176,464.68744,145.96900000000005,103.52338000000003,0.8721448183059692,-1,-1,-1
419,15,231.47871,604.63727,158.75768000000002,99.41138000000001,0.8636816143989563,-1,-1,-1
419,18,786.7705,402.4758,152.52936,114.05850000000004,0.7649099230766296,-1,-1,-1
419,19,20.384275,670.02155,164.16592,99.19946000000004,0.8536059856414795,-1,-1,-1
420,13,634.36554,465.03864,145.20972000000006,102.81915000000004,0.8679508566856384,-1,-1,-1
420,15,231.71133,604.6865,158.62017999999998,99.31073000000004,0.8641068935394287,-1,-1,-1
420,18,773.2776,405.21094,144.74883999999997,113.01812999999999,0.8315110802650452,-1,-1,-1
420,19,26.065683,667.808,166.48569,99.90575999999999,0.8445815443992615,-1,-1,-1
421,13,637.4243,466.02783,145.17926,102.28631599999994,0.8589404225349426,-1,-1,-1
421,15,231.2665,603.8854,159.10404999999997,99.97997999999995,0.8651919364929199,-1,-1,-1
421,18,760.9576,409.76276,143.55731000000003,108.80395500000003,0.8483403921127319,-1,-1,-1
421,19,30.249262,665.75635,167.89627000000002,100.98877000000005,0.8611271977424622,-1,-1,-1
422,13,637.26624,465.05338,144.86603000000002,103.22152999999997,0.8637059926986694,-1,-1,-1
422,15,231.33444,603.8569,159.10085999999998,100.00127999999995,0.8655521869659424,-1,-1,-1
422,18,747.245,408.53265,136.98120000000006,113.23254399999996,0.8372843861579895,-1,-1,-1
422,19,35.824944,665.1429,166.84652999999997,101.10608000000002,0.8625656366348267,-1,-1,-1
423,13,637.7035,464.78137,143.92322000000001,103.42559999999997,0.8592222929000854,-1,-1,-1
423,15,231.29971,603.9437,159.08632999999998,99.93877999999995,0.8660950064659119,-1,-1,-1
423,18,739.6763,410.53534,129.40960000000007,109.66223000000002,0.8121933937072754,-1,-1,-1
423,19,39.349724,663.58356,166.79453,99.33703600000001,0.8604544997215271,-1,-1,-1
424,13,636.074,465.38663,144.53563999999994,103.30093400000004,0.8673360347747803,-1,-1,-1
424,15,231.71771,604.05884,158.55713000000003,99.59698500000002,0.8660519123077393,-1,-1,-1
424,18,723.7462,413.66315,132.7273,109.28223000000003,0.6279168725013733,-1,-1,-1
424,19,46.692513,662.14703,166.72717,99.40111999999999,0.8482601046562195,-1,-1,-1
425,13,635.3746,464.977,144.15703999999994,104.04931999999997,0.8737006783485413,-1,-1,-1
425,15,231.59709,604.063,158.70381,99.61005,0.8657245635986328,-1,-1,-1
425,19,51.75335,660.1944,167.74527,100.94854999999995,0.8446364402770996,-1,-1,-1
426,13,635.3977,465.0282,143.32965000000002,103.56909000000002,0.8636212348937988,-1,-1,-1
426,15,231.66928,604.0257,158.72565,99.71216000000004,0.8660734295845032,-1,-1,-1
426,19,53.805374,658.23224,167.56342,102.10906999999997,0.8576182126998901,-1,-1,-1
427,13,633.98395,466.92505,141.76397999999995,101.81042499999995,0.8665671348571777,-1,-1,-1
427,15,232.10258,604.07697,158.26301999999998,99.41913,0.865344226360321,-1,-1,-1
427,19,57.552624,657.88776,169.6782,101.72540000000004,0.8576932549476624,-1,-1,-1
428,13,634.1695,465.94907,141.45812999999998,102.63498000000004,0.8623070120811462,-1,-1,-1
428,15,232.522,604.1372,157.98541,99.21094000000005,0.8638991713523865,-1,-1,-1
428,19,60.49815,657.155,169.72565,102.10724000000005,0.8552900552749634,-1,-1,-1
429,13,635.33295,464.42657,141.81842000000006,103.62079,0.860579252243042,-1,-1,-1
429,15,232.7661,604.177,157.7405,99.12432999999999,0.863774836063385,-1,-1,-1
429,19,63.46414,656.03314,167.73708,101.844604,0.8653313517570496,-1,-1,-1
430,13,636.5572,461.64365,143.75250000000005,106.19381999999996,0.8571558594703674,-1,-1,-1
430,15,232.94435,604.15326,157.666,99.09875499999998,0.864316999912262,-1,-1,-1
430,19,65.38012,655.10895,169.5712,102.26898000000006,0.8626885414123535,-1,-1,-1
431,13,636.6732,461.5681,143.02184999999997,106.48443600000002,0.8582536578178406,-1,-1,-1
431,15,233.13399,603.5326,158.15757999999997,99.47491500000001,0.8646134734153748,-1,-1,-1
431,19,67.52601,653.23956,168.71475000000004,103.839966,0.8646827936172485,-1,-1,-1
432,13,635.6577,460.78967,143.66167999999993,107.09514999999999,0.858206033706665,-1,-1,-1
432,15,233.43683,603.66,157.74505999999997,99.19854999999995,0.8639416098594666,-1,-1,-1
432,19,69.483376,653.3147,170.40062999999998,102.59033,0.8615090250968933,-1,-1,-1
433,13,635.22784,462.21255,143.83776999999998,105.71725499999997,0.8620902299880981,-1,-1,-1
433,15,233.70404,603.34656,157.43222,99.34558000000004,0.8650048971176147,-1,-1,-1
433,19,72.441956,651.24286,170.26337,102.98157000000003,0.8718248605728149,-1,-1,-1
434,13,634.9294,463.37372,142.68701,104.46966600000002,0.862962543964386,-1,-1,-1
434,15,233.63885,603.40234,157.39362,99.23113999999998,0.866506814956665,-1,-1,-1
434,19,73.21592,650.9097,171.39648,103.58141999999998,0.8694925904273987,-1,-1,-1
435,13,633.67395,464.86353,142.39635999999996,103.83684999999997,0.8640705943107605,-1,-1,-1
435,15,233.58789,603.3191,157.49207000000004,99.38098000000002,0.8669497966766357,-1,-1,-1
435,19,74.43552,650.4274,169.4912,103.55035399999997,0.8760891556739807,-1,-1,-1
436,13,634.6609,464.98297,141.18633999999997,103.71612500000003,0.8601366281509399,-1,-1,-1
436,15,233.66632,603.3352,157.41891,99.35712000000001,0.8677018284797668,-1,-1,-1
436,19,73.99814,650.62836,169.04115,102.67926,0.8784471154212952,-1,-1,-1
437,13,633.7074,465.91855,140.20990000000006,103.32497999999998,0.8545920252799988,-1,-1,-1
437,15,233.67271,603.44354,157.35017,99.23212000000001,0.8668872714042664,-1,-1,-1
437,19,74.33577,650.6226,168.90767,102.91254000000004,0.8783382177352905,-1,-1,-1
437,20,451.38306,502.68002,102.88793999999996,92.72134400000004,0.67137211561203,-1,-1,-1
438,13,631.3202,465.7275,139.98468000000003,103.31076000000002,0.8468999862670898,-1,-1,-1
438,15,234.03854,603.5044,157.04242,99.05504999999994,0.8685364127159119,-1,-1,-1
438,19,74.59767,650.7558,169.2321,102.97815000000003,0.8746345043182373,-1,-1,-1
438,20,454.62827,503.36017,104.50020999999998,94.16344999999995,0.7384832501411438,-1,-1,-1
439,13,631.1777,465.38525,140.08434999999997,103.69635,0.8491184711456299,-1,-1,-1
439,15,234.75328,603.38116,157.12037999999998,99.15039000000002,0.8681614398956299,-1,-1,-1
439,19,74.862785,650.832,168.99362,102.92493000000002,0.8754886388778687,-1,-1,-1
439,20,456.83365,504.67493,105.87215999999995,93.91614000000004,0.7094956040382385,-1,-1,-1
440,13,631.59283,465.12262,139.86188000000004,103.56402600000001,0.8512385487556458,-1,-1,-1
440,15,234.5038,603.1082,157.80147,99.63324,0.8670740127563477,-1,-1,-1
440,19,74.89767,650.7775,169.10724,103.07056,0.8730068802833557,-1,-1,-1
440,20,457.05615,502.6202,108.12097000000006,96.91562000000005,0.8240236043930054,-1,-1,-1
441,13,631.04877,465.87616,140.53356999999994,102.29021999999998,0.8515244126319885,-1,-1,-1
441,15,234.08904,603.3963,158.73119000000003,99.32250999999997,0.8634936809539795,-1,-1,-1
441,19,75.307014,651.5729,170.94916,101.38207999999997,0.879345715045929,-1,-1,-1
441,20,460.1616,504.70227,111.259186,96.71709999999996,0.8365533947944641,-1,-1,-1
442,13,629.996,467.4797,137.83820000000003,100.78641000000005,0.858056366443634,-1,-1,-1
442,15,233.8632,603.05493,159.45769,99.55096400000002,0.8647573590278625,-1,-1,-1
442,19,75.58046,651.6049,170.64824,100.97546399999999,0.8827067613601685,-1,-1,-1
442,20,462.90265,506.94284,112.50225999999998,95.14371,0.8410872220993042,-1,-1,-1
443,13,628.55084,466.6291,138.72411999999997,101.61932000000002,0.848236083984375,-1,-1,-1
443,15,234.92877,602.3427,159.15637000000004,99.86510999999996,0.8724299073219299,-1,-1,-1
443,19,76.24442,651.3243,170.39703000000003,100.82568000000003,0.8832767009735107,-1,-1,-1
443,20,465.98798,508.00925,113.86023,95.55624400000005,0.8419113755226135,-1,-1,-1
444,13,628.28796,467.14114,138.39721999999995,100.78049000000004,0.8473669290542603,-1,-1,-1
444,15,236.93114,602.2523,157.88834999999997,99.61712999999997,0.8703644871711731,-1,-1,-1
444,19,76.813034,651.1522,170.79573,100.67480499999999,0.8604322671890259,-1,-1,-1
444,20,467.1708,508.15158,115.74954000000002,96.24251999999996,0.8432173728942871,-1,-1,-1
445,13,628.3054,466.7362,139.58398,100.84075999999999,0.8417396545410156,-1,-1,-1
445,15,239.43982,601.44244,157.24908,100.17089999999996,0.8658574819564819,-1,-1,-1
445,19,79.753044,650.24347,171.05270000000002,101.15033000000005,0.8563535213470459,-1,-1,-1
445,20,470.00836,507.42322,118.02654999999999,98.22826999999995,0.8373417854309082,-1,-1,-1
446,13,627.11304,466.28552,138.29236000000003,100.91321000000005,0.866471529006958,-1,-1,-1
446,15,242.76213,600.2142,156.15855,101.47362999999996,0.8780102133750916,-1,-1,-1
446,19,80.72246,649.9483,170.86915999999997,101.44385,0.8596414923667908,-1,-1,-1
446,20,474.61816,505.34717,121.20892000000003,101.99218999999994,0.8612040281295776,-1,-1,-1
447,13,625.0576,467.5799,138.73095999999998,99.70557000000002,0.8470844030380249,-1,-1,-1
447,15,243.70175,599.7403,156.9491,102.03985599999999,0.8814600110054016,-1,-1,-1
447,19,81.49271,649.9708,170.72227000000004,100.74707000000001,0.8582288026809692,-1,-1,-1
447,20,478.97568,507.43976,122.20572000000004,101.60204999999996,0.8638400435447693,-1,-1,-1
448,13,622.72675,468.02637,137.09589000000005,99.35412600000001,0.8582183718681335,-1,-1,-1
448,15,242.99846,599.1028,159.89665,102.74181999999996,0.8891194462776184,-1,-1,-1
448,19,80.72123,649.86273,169.95444000000003,101.03979500000003,0.8583410382270813,-1,-1,-1
448,20,484.87158,508.87238,123.40887499999997,101.08642599999996,0.8709301948547363,-1,-1,-1
449,13,620.6719,467.87024,135.64350000000002,99.64392000000004,0.8593287467956543,-1,-1,-1
449,15,244.96812,598.5738,160.48163999999997,103.28656000000001,0.8941173553466797,-1,-1,-1
449,19,81.832245,649.70544,169.81323,100.98620600000004,0.8582626581192017,-1,-1,-1
449,20,487.77295,507.64713,129.77887000000004,104.343414,0.8521283268928528,-1,-1,-1
450,13,618.4408,467.79822,137.5177,99.84839,0.8512248396873474,-1,-1,-1
450,15,247.50842,597.1729,166.44394,104.04852000000005,0.8867648839950562,-1,-1,-1
450,19,84.50875,649.6045,168.16003,99.351135,0.8454537987709045,-1,-1,-1
450,20,489.42108,504.32816,134.99677000000003,109.50021000000004,0.856993556022644,-1,-1,-1
451,13,616.2101,468.64386,137.10956,99.04705999999999,0.8426791429519653,-1,-1,-1
451,15,249.42303,596.5283,168.80191,103.97833000000003,0.9055684804916382,-1,-1,-1
451,19,82.53949,649.1622,168.33453,101.04485999999997,0.8468149304389954,-1,-1,-1
451,20,492.07367,500.73853,143.13336000000004,117.51354999999995,0.8665124177932739,-1,-1,-1
452,13,612.9468,468.56232,136.89520000000005,98.86339999999996,0.8155728578567505,-1,-1,-1
452,15,257.6521,594.6214,168.1406,104.44823999999994,0.859015166759491,-1,-1,-1
452,19,84.74147,648.4928,166.27002,101.20165999999995,0.8389833569526672,-1,-1,-1
452,20,495.75153,504.06763,148.96002,116.60193000000004,0.8672247529029846,-1,-1,-1
453,13,613.587,470.32098,130.46783000000005,94.91919000000001,0.7996982932090759,-1,-1,-1
453,15,264.16754,592.2945,171.59259000000003,105.74779999999998,0.8482358455657959,-1,-1,-1
453,19,87.35809,648.25946,163.93272,101.39995999999996,0.8554513454437256,-1,-1,-1
453,20,501.62802,506.49625,150.91116,115.51168999999999,0.8620209693908691,-1,-1,-1
454,13,617.14624,471.18225,123.88738999999998,92.95275999999996,0.6079942584037781,-1,-1,-1
454,15,271.85226,588.10913,182.32193,104.77856399999996,0.8200706243515015,-1,-1,-1
454,19,89.55405,647.1971,162.84827,102.49023399999999,0.8636474013328552,-1,-1,-1
454,20,507.49292,505.51328,154.74933,118.87801999999999,0.8734521865844727,-1,-1,-1
455,15,273.27484,586.56366,183.11111,105.27826000000005,0.8266873359680176,-1,-1,-1
455,19,91.95228,645.97565,161.85132,103.84002999999996,0.8661195039749146,-1,-1,-1
455,20,512.49817,502.02448,163.25896999999998,123.02776999999998,0.8642858266830444,-1,-1,-1
456,15,279.13354,585.6333,177.41788000000003,106.44768999999997,0.8470693230628967,-1,-1,-1
456,19,96.85825,645.04285,159.00943,103.57543999999996,0.8611198663711548,-1,-1,-1
456,20,518.5298,500.06323,170.75940000000003,128.96862999999996,0.8771798014640808,-1,-1,-1
457,15,288.10745,586.0946,176.36001999999996,104.115906,0.8535140752792358,-1,-1,-1
457,19,98.569466,644.75,157.47983000000002,102.92913999999996,0.8542261719703674,-1,-1,-1
457,20,528.36255,502.28873,174.05151,129.23734000000002,0.8622643947601318,-1,-1,-1
458,15,293.1284,584.73376,173.16995000000003,104.53723000000002,0.8629579544067383,-1,-1,-1
458,19,102.67665,644.4302,152.87585,103.37939500000005,0.8554939031600952,-1,-1,-1
458,20,537.67035,497.2126,179.49066000000005,136.66248000000002,0.87143474817276,-1,-1,-1
458,21,1347.9318,353.19928,251.94164999999998,200.92718999999994,0.6569794416427612,-1,-1,-1
459,15,304.88986,583.52826,168.57686999999999,103.45819000000006,0.8616326451301575,-1,-1,-1
459,19,103.94643,643.30225,154.82569999999998,103.68078600000001,0.8386911153793335,-1,-1,-1
459,20,545.4849,495.35733,186.79712000000006,141.08828999999997,0.8772860169410706,-1,-1,-1
459,21,1302.043,359.49103,297.3446000000001,196.30609000000004,0.6932017803192139,-1,-1,-1
460,15,314.3009,579.5895,175.27438,104.93133499999999,0.8546180725097656,-1,-1,-1
460,19,106.31485,642.66156,153.5094,103.21924000000001,0.8180139064788818,-1,-1,-1
460,20,548.1852,491.98514,203.47192000000007,147.98117000000002,0.8711187839508057,-1,-1,-1
460,21,1250.3387,362.6184,349.1587999999999,195.53228999999993,0.7924929857254028,-1,-1,-1
461,15,321.16663,577.3905,174.87018,103.68097,0.8722624182701111,-1,-1,-1
461,19,110.67422,640.72144,163.35144000000003,102.982666,0.7849148511886597,-1,-1,-1
461,20,550.4279,489.66122,219.14202999999998,151.44594999999998,0.8583327531814575,-1,-1,-1
461,21,1204.6461,369.742,391.8985600000001,187.78375,0.8061400651931763,-1,-1,-1
462,15,334.1542,574.95844,171.23874,103.18622000000005,0.8764536380767822,-1,-1,-1
462,19,114.84079,639.5653,170.23400999999998,102.82892000000004,0.7914754152297974,-1,-1,-1
462,20,575.42865,489.38562,218.06615999999997,153.39239999999995,0.8593551516532898,-1,-1,-1
462,21,1165.5375,375.94388,390.87096999999994,179.55148000000003,0.7929530143737793,-1,-1,-1
463,15,343.86188,570.93536,170.33417000000003,104.37048000000004,0.8724991083145142,-1,-1,-1
463,19,118.50917,638.4459,174.39046000000002,103.66479500000003,0.769561767578125,-1,-1,-1
463,20,591.46136,488.15012,220.97266000000002,157.99843999999996,0.8738313317298889,-1,-1,-1
463,21,1124.811,382.766,355.85364000000004,167.86034999999998,0.803154468536377,-1,-1,-1
464,15,359.98843,568.93823,166.62863000000004,102.77733999999998,0.8724671602249146,-1,-1,-1
464,19,119.96805,635.791,183.95602000000002,106.31122000000005,0.8043925762176514,-1,-1,-1
464,20,601.33325,488.62518,240.16168000000005,162.32128999999998,0.8642649054527283,-1,-1,-1
464,21,1092.2393,386.89526,331.43823,163.44415000000004,0.8148467540740967,-1,-1,-1
465,15,366.10507,564.74274,172.42757999999998,104.44530999999995,0.8743254542350769,-1,-1,-1
465,19,126.70599,634.2062,179.10107,107.20581000000004,0.8189069628715515,-1,-1,-1
465,20,612.3085,484.86252,252.13214000000005,168.32297000000005,0.8693668842315674,-1,-1,-1
465,21,1057.9973,392.34055,316.81494,158.68300999999997,0.8334969878196716,-1,-1,-1
465,22,515.3631,492.18283,147.38513,97.03256000000005,0.7027332782745361,-1,-1,-1
466,15,375.8423,564.1546,170.31177000000002,101.82855000000006,0.8324459791183472,-1,-1,-1
466,19,132.65297,632.623,176.91838000000004,107.69848999999999,0.8289465308189392,-1,-1,-1
466,20,628.6201,483.70023,269.11224000000004,175.75095000000005,0.8808962106704712,-1,-1,-1
466,21,1023.3641,399.09814,305.06635000000006,155.30719000000005,0.8196103572845459,-1,-1,-1
466,22,502.80032,494.94897,150.03145999999998,97.92010499999998,0.8044033646583557,-1,-1,-1
467,15,387.40802,560.6719,170.31220000000002,102.46490500000004,0.8587959408760071,-1,-1,-1
467,19,139.09097,629.43134,176.23369999999997,109.34466599999996,0.842633843421936,-1,-1,-1
467,20,649.5243,483.819,274.79498,181.12668000000002,0.8857555389404297,-1,-1,-1
467,21,1007.4415,401.73526,289.6575999999999,151.82924999999994,0.8394647836685181,-1,-1,-1
467,22,500.9001,497.64786,139.86902000000003,93.70621,0.7702020406723022,-1,-1,-1
468,15,399.11395,559.08234,168.83887,102.65215999999998,0.8185727000236511,-1,-1,-1
468,19,141.5828,626.8857,177.48257000000004,110.10437000000002,0.8551017642021179,-1,-1,-1
468,20,668.184,479.66165,298.06537000000003,190.99081,0.8827396035194397,-1,-1,-1
468,21,982.7053,404.71725,272.8657199999999,150.28609999999998,0.8415248394012451,-1,-1,-1
468,22,488.8937,500.66174,137.14883000000003,93.99145499999997,0.6480759382247925,-1,-1,-1
469,15,411.23456,552.24274,171.04877,107.14837999999997,0.8135151863098145,-1,-1,-1
469,19,148.88162,623.3227,174.88509999999997,110.96917999999994,0.8832399249076843,-1,-1,-1
469,20,686.7109,476.24835,319.3234299999999,198.84778,0.8898817896842957,-1,-1,-1
469,21,960.2083,407.68018,262.12114999999994,147.27594000000005,0.8460443019866943,-1,-1,-1
470,15,422.23297,543.0678,171.49316,113.60229500000003,0.8534598350524902,-1,-1,-1
470,19,152.36954,621.7762,173.64905000000002,108.93060000000003,0.8717333674430847,-1,-1,-1
470,20,711.9081,473.88486,343.3537600000001,204.21713,0.8843398094177246,-1,-1,-1
470,21,963.0125,411.9802,231.68451000000005,137.79507000000007,0.7058428525924683,-1,-1,-1
471,15,427.35208,539.0964,173.66953,117.12207000000001,0.893730103969574,-1,-1,-1
471,19,158.6736,618.60846,178.23195,109.13299600000005,0.8589589595794678,-1,-1,-1
471,20,746.16473,473.89825,361.2891199999999,212.26770000000005,0.8811882138252258,-1,-1,-1
472,15,443.66455,541.26013,170.97607,110.91711399999997,0.8785347938537598,-1,-1,-1
472,19,162.87692,613.7765,184.45895,109.45110999999997,0.8402807116508484,-1,-1,-1
472,20,770.97876,472.19757,388.13318000000004,222.31982,0.869166374206543,-1,-1,-1
473,15,457.1803,542.3297,165.34833000000003,108.8089,0.8704196214675903,-1,-1,-1
473,19,173.49835,613.9751,177.58984,102.51044000000002,0.8391994833946228,-1,-1,-1
473,20,799.7444,461.6561,430.7224000000001,241.66622999999998,0.8669376373291016,-1,-1,-1
474,15,469.55975,534.28577,172.13196000000005,115.82312000000002,0.8425540328025818,-1,-1,-1
474,19,187.27748,612.4178,170.76588,97.97344999999996,0.8328760862350464,-1,-1,-1
474,20,838.7541,458.4755,466.8170799999999,254.37716999999998,0.8560820817947388,-1,-1,-1
475,15,480.97345,532.73987,170.81793,115.43511999999998,0.8552674055099487,-1,-1,-1
475,19,194.81425,611.45593,167.68047000000004,97.70618000000002,0.8541975617408752,-1,-1,-1
475,20,890.2031,447.5381,496.5027,278.59668,0.8364247679710388,-1,-1,-1
476,15,490.4429,530.6139,168.72482000000002,116.54052999999999,0.8636783361434937,-1,-1,-1
476,19,202.62532,611.0858,165.92473,94.73559599999999,0.8212417364120483,-1,-1,-1
476,20,941.6782,438.82074,542.76624,297.93035999999995,0.8061376810073853,-1,-1,-1
476,23,852.55566,427.49658,198.31860000000006,122.80431999999996,0.722073495388031,-1,-1,-1
476,24,362.21896,549.66345,149.89279000000005,93.03417999999999,0.6330230832099915,-1,-1,-1
477,15,500.14087,529.42487,167.51269999999994,116.607666,0.8648828864097595,-1,-1,-1
477,19,209.46658,610.04047,163.93436,93.93194600000004,0.8276293873786926,-1,-1,-1
477,20,993.9155,423.46677,585.7262,332.69003,0.8086816072463989,-1,-1,-1
477,23,830.98987,430.88693,196.0354000000001,122.05355999999995,0.8176693320274353,-1,-1,-1
477,24,351.2359,554.9896,141.488,90.16570999999999,0.7685765027999878,-1,-1,-1
478,15,510.70728,524.7886,167.5061,119.96814000000006,0.865720272064209,-1,-1,-1
478,19,214.77696,608.6949,164.09772999999998,96.02301,0.8357309103012085,-1,-1,-1
478,20,1043.1013,406.3612,555.5107399999999,381.1034,0.765478253364563,-1,-1,-1
478,23,816.1562,431.67905,191.95745999999997,121.42794999999995,0.853090763092041,-1,-1,-1
478,24,345.88174,558.28656,131.78195,88.21776999999997,0.6602968573570251,-1,-1,-1
479,15,519.036,521.3438,174.24689,122.00220000000002,0.86922687292099,-1,-1,-1
479,19,220.13116,605.63245,169.20462,98.63818000000003,0.8457173705101013,-1,-1,-1
479,20,1077.7114,404.41248,520.1007,389.896,0.666476845741272,-1,-1,-1
479,23,803.2959,435.45932,189.1159,118.71450999999996,0.839493453502655,-1,-1,-1
480,15,530.65936,522.85187,171.36969,121.41473399999995,0.8616617321968079,-1,-1,-1
480,19,230.24579,601.37726,172.0976,101.52331500000003,0.8354632258415222,-1,-1,-1
480,23,789.35443,438.15182,184.78601000000003,114.74612399999995,0.8283112645149231,-1,-1,-1
481,15,541.04114,521.53143,174.23383,122.82488999999998,0.8703721165657043,-1,-1,-1
481,19,238.89418,594.1783,168.06966,109.22607400000004,0.8809921145439148,-1,-1,-1
481,23,774.87384,439.04724,178.961,115.89697000000001,0.8166102766990662,-1,-1,-1
482,15,549.359,520.9379,177.51581,123.17980999999997,0.8705345988273621,-1,-1,-1
482,19,247.62263,591.7292,167.41457,111.26324499999998,0.8954318761825562,-1,-1,-1
482,23,761.9327,442.49844,175.29913,112.12790000000001,0.8668626546859741,-1,-1,-1
483,15,561.19214,517.29266,185.50585999999998,128.95032000000003,0.8812822699546814,-1,-1,-1
483,19,248.0505,590.77026,173.94036999999997,111.20819000000006,0.8844088912010193,-1,-1,-1
483,23,749.7355,443.6532,170.07501000000002,110.75037000000003,0.8521884083747864,-1,-1,-1
484,15,572.3695,516.8593,188.50891000000001,129.64539000000002,0.8704177141189575,-1,-1,-1
484,19,249.30315,592.45605,182.49474,107.88220000000001,0.8600995540618896,-1,-1,-1
484,23,741.174,447.19104,162.37072999999998,108.82129000000003,0.8427553176879883,-1,-1,-1
485,15,583.05597,515.9937,195.42009999999993,132.04882999999995,0.8761457204818726,-1,-1,-1
485,19,263.7975,591.2976,178.87023999999997,106.14349000000004,0.8488697409629822,-1,-1,-1
485,23,726.74524,447.41238,162.96497,110.93533000000002,0.829486608505249,-1,-1,-1
486,15,594.14197,514.9831,205.81091000000004,133.87305000000003,0.8749065399169922,-1,-1,-1
486,19,274.86438,590.6423,176.09118999999998,105.16717500000004,0.8621421456336975,-1,-1,-1
486,23,721.5334,451.53998,154.85352,104.8587,0.7966838479042053,-1,-1,-1
486,25,1323.0665,310.86978,276.5300299999999,161.59863,0.6889979839324951,-1,-1,-1
487,15,608.8298,517.12036,204.31804999999997,134.82837000000006,0.8724626302719116,-1,-1,-1
487,19,286.55402,589.63684,166.45562999999999,105.74103000000002,0.8776040077209473,-1,-1,-1
487,23,711.06146,454.86322,147.24663999999996,100.11322000000001,0.7330192923545837,-1,-1,-1
487,25,1264.9481,318.56094,333.1574700000001,157.46799,0.8154893517494202,-1,-1,-1
487,26,188.40907,603.4462,137.44557,96.10424999999998,0.7027839422225952,-1,-1,-1
488,15,625.9509,516.11707,210.31341999999995,135.95087,0.8702805638313293,-1,-1,-1
488,19,296.15485,587.8713,165.85897999999997,106.56830000000002,0.8809164762496948,-1,-1,-1
488,23,690.6086,454.51602,152.37609999999995,99.57736,0.641484797000885,-1,-1,-1
488,25,1219.4393,324.6929,338.00731999999994,154.68142999999998,0.7471646666526794,-1,-1,-1
488,26,175.55948,609.913,141.80475,92.39661000000001,0.7761583924293518,-1,-1,-1
489,15,641.20166,515.5453,215.03906000000006,139.60950000000003,0.8672049641609192,-1,-1,-1
489,19,307.62067,586.4256,161.09888,105.35724000000005,0.8757432699203491,-1,-1,-1
489,25,1166.4167,336.68918,307.0797,146.65613000000002,0.7258870005607605,-1,-1,-1
489,26,163.23933,616.9779,135.35132999999996,90.27075000000002,0.7962721586227417,-1,-1,-1
490,15,658.2677,510.1277,223.44037000000003,147.01617,0.8482504487037659,-1,-1,-1
490,19,314.01852,584.3069,162.55634000000003,107.48272999999995,0.8752092719078064,-1,-1,-1
490,25,1119.8771,347.6644,291.38159999999993,140.73077,0.784513533115387,-1,-1,-1
490,26,144.75249,621.16345,139.62157,89.49890000000005,0.7670552134513855,-1,-1,-1
491,15,676.7205,509.25876,233.37067000000002,150.67154,0.8510711193084717,-1,-1,-1
491,19,322.79712,583.5457,162.25011999999998,105.51598999999999,0.8592296838760376,-1,-1,-1
491,25,1078.0834,358.11063,276.9497000000001,134.35126000000002,0.8105835318565369,-1,-1,-1
491,26,122.08421,626.5693,148.28273000000002,87.82556,0.7718421220779419,-1,-1,-1
492,15,696.5535,509.11816,248.0299,153.63513,0.8660134673118591,-1,-1,-1
492,19,334.21396,582.8608,158.17697000000004,105.94348000000002,0.8696004748344421,-1,-1,-1
492,25,1040.8824,364.70953,265.01586999999995,131.16269,0.8208081722259521,-1,-1,-1
492,26,108.27615,633.589,139.31232,87.12060499999995,0.8003613948822021,-1,-1,-1
492,27,634.69543,467.4234,157.18346999999994,102.09881600000006,0.6908418536186218,-1,-1,-1
493,15,715.0193,505.63965,257.22345000000007,160.58751999999998,0.873803973197937,-1,-1,-1
493,19,339.519,580.4789,162.62874999999997,108.19872999999995,0.8668277859687805,-1,-1,-1
493,25,1008.0193,371.62247,241.40466000000004,126.76706000000001,0.8450512290000916,-1,-1,-1
493,26,92.71035,636.41565,143.28888,87.06055000000003,0.7758971452713013,-1,-1,-1
493,27,618.6605,472.0042,157.30267000000003,98.65325999999999,0.7718226909637451,-1,-1,-1
494,15,736.8178,503.02734,272.5156999999999,169.34051999999997,0.8676205277442932,-1,-1,-1
494,19,348.5383,580.435,161.7174,109.13122599999997,0.8641074299812317,-1,-1,-1
494,25,973.82574,378.17508,223.6391000000001,123.37637000000001,0.8653139472007751,-1,-1,-1
494,26,74.07155,640.25867,144.6237,87.87408400000004,0.7873155474662781,-1,-1,-1
494,27,608.3969,473.4745,155.87238000000002,99.02954000000005,0.7894769906997681,-1,-1,-1
495,15,760.2615,503.2104,287.8712200000001,174.19427000000002,0.8896487355232239,-1,-1,-1
495,19,358.65036,578.5598,157.30618000000004,111.66754000000003,0.8776286244392395,-1,-1,-1
495,25,946.5227,387.8413,205.16687000000002,117.05093399999998,0.8371869325637817,-1,-1,-1
495,26,54.012226,644.70636,145.80252,91.25116000000003,0.8002364039421082,-1,-1,-1
495,27,596.6604,476.96133,149.35974,96.16891499999997,0.8106499314308167,-1,-1,-1
496,15,792.0019,501.31226,305.09490000000005,182.44878999999997,0.8687158823013306,-1,-1,-1
496,19,366.80222,578.15094,156.6655,112.41949499999998,0.8684165477752686,-1,-1,-1
496,25,915.6301,393.68597,199.24547999999993,113.41879,0.8065890669822693,-1,-1,-1
496,26,29.30842,653.2215,155.93108,88.31848000000002,0.7723005414009094,-1,-1,-1
496,27,580.05475,481.53177,150.50482,96.77756000000005,0.8203123211860657,-1,-1,-1
497,15,819.93884,498.14578,316.01025000000004,190.15414000000004,0.8608118295669556,-1,-1,-1
497,19,371.97183,577.30963,157.39839999999998,114.45092999999997,0.8677732944488525,-1,-1,-1
497,25,893.78625,397.3395,188.33191,113.04648000000003,0.8285734057426453,-1,-1,-1
497,26,17.162788,654.3746,150.97412,92.80724999999995,0.7325262427330017,-1,-1,-1
497,27,567.53235,486.8886,147.40868999999998,95.34424000000001,0.829811692237854,-1,-1,-1
498,15,851.93994,493.25772,341.09655999999995,200.04452999999995,0.8683406114578247,-1,-1,-1
498,19,380.479,577.49817,154.60998999999998,114.58813499999997,0.8729612827301025,-1,-1,-1
498,25,871.07086,400.44556,189.4199799999999,111.14044000000001,0.8013232946395874,-1,-1,-1
498,27,555.66394,488.24387,145.63684,96.49112000000002,0.851948082447052,-1,-1,-1
499,15,889.35156,493.51358,373.1151000000001,211.27450000000005,0.8457030653953552,-1,-1,-1
499,19,385.66306,578.2541,156.04190000000006,114.62085000000002,0.8708280324935913,-1,-1,-1
499,25,848.38574,405.2783,175.53290000000004,107.29024999999996,0.8080777525901794,-1,-1,-1
499,26,0.24631023,644.98804,138.09547,115.82506999999998,0.614521861076355,-1,-1,-1
499,27,539.78345,491.2096,148.19029999999998,97.09551999999996,0.8274253010749817,-1,-1,-1
500,15,921.0989,480.26257,422.84094000000005,233.16443000000004,0.8400653600692749,-1,-1,-1
500,19,392.17142,578.4465,155.31741,114.98376499999995,0.8673579096794128,-1,-1,-1
500,25,824.2071,408.07086,176.14331000000004,107.81647000000004,0.7957906126976013,-1,-1,-1
500,26,0.46999454,655.64343,123.97986,104.88109999999995,0.6375263333320618,-1,-1,-1
500,27,524.9605,495.2442,146.14697,96.69232,0.8134171962738037,-1,-1,-1
501,15,960.6179,473.42047,469.92163000000005,253.79143999999997,0.7973243594169617,-1,-1,-1
501,19,397.68857,577.9878,155.42220999999995,117.67596400000002,0.8623854517936707,-1,-1,-1
501,25,804.6137,411.97238,165.98736999999994,106.562164,0.8225910067558289,-1,-1,-1
501,27,511.82175,500.8173,144.48330000000004,96.59499999999997,0.8004456758499146,-1,-1,-1
502,15,1006.1735,462.37317,523.0556,276.59015000000005,0.8139361143112183,-1,-1,-1
502,19,404.70428,578.74243,157.38910000000004,119.63402999999994,0.8844046592712402,-1,-1,-1
502,25,783.43805,413.9987,158.32947000000001,107.36159999999995,0.8169218897819519,-1,-1,-1
502,27,502.20117,502.29016,141.26874000000004,96.97857999999997,0.8056886792182922,-1,-1,-1
503,15,1053.9463,462.0056,541.3597399999999,295.00293000000005,0.7673383951187134,-1,-1,-1
503,19,411.10974,580.7344,155.22533999999996,120.74334999999996,0.8818145990371704,-1,-1,-1
503,25,767.0819,415.948,150.17682000000002,106.30877999999996,0.8288935422897339,-1,-1,-1
503,27,486.25232,507.62805,141.39978000000002,96.17914000000002,0.808377206325531,-1,-1,-1
504,15,1097.2253,464.68402,502.12805000000003,309.60242,0.7173681855201721,-1,-1,-1
504,19,420.45883,581.6666,153.34818,120.32190000000003,0.9028247594833374,-1,-1,-1
504,25,756.14154,421.17282,143.01300000000003,102.91421500000001,0.8263684511184692,-1,-1,-1
504,27,477.00452,514.59283,136.60509999999994,90.60095000000001,0.7428338527679443,-1,-1,-1
505,19,426.0113,582.63806,159.22484999999995,123.10479999999995,0.8691694140434265,-1,-1,-1
505,25,736.573,427.58917,143.00464,97.753174,0.8486121296882629,-1,-1,-1
505,27,462.56512,517.5368,134.9928,91.60388,0.6727563738822937,-1,-1,-1
506,15,1311.0737,460.9435,288.92626999999993,367.15976,0.6155321002006531,-1,-1,-1
506,19,432.9421,584.34875,159.79483000000005,126.56939999999997,0.8845358490943909,-1,-1,-1
506,25,722.3649,428.69595,140.41028000000006,97.88998399999997,0.8265266418457031,-1,-1,-1
507,19,438.87576,582.84753,165.34518000000003,132.39508,0.8657474517822266,-1,-1,-1
507,25,710.4208,431.86246,133.99432000000002,95.06570400000004,0.8178251385688782,-1,-1,-1
507,27,430.1502,527.64197,133.75817999999998,95.14580999999998,0.6560882329940796,-1,-1,-1
508,19,448.48804,582.15936,164.77722,138.46887000000004,0.8767731785774231,-1,-1,-1
508,25,697.01917,435.15805,131.68243000000007,95.62704499999995,0.7945826649665833,-1,-1,-1
509,19,455.4881,584.1704,166.3164,139.05725000000007,0.8879637718200684,-1,-1,-1
509,25,690.8063,436.93304,126.80706999999995,90.74017000000003,0.790332019329071,-1,-1,-1
510,19,458.07306,583.66785,174.95251000000002,144.36743,0.8835740685462952,-1,-1,-1
510,25,675.87683,440.3911,126.39606000000003,91.82880000000006,0.8060899376869202,-1,-1,-1
511,19,464.49576,586.02924,178.16354,147.87445000000002,0.8881589770317078,-1,-1,-1
511,25,661.6257,442.2292,122.31444999999997,92.36084000000005,0.804560124874115,-1,-1,-1
511,28,357.88913,553.2937,142.16994999999997,91.07836999999995,0.7047677040100098,-1,-1,-1
512,19,470.38403,588.054,183.82758000000007,153.13640999999996,0.8842954635620117,-1,-1,-1
512,25,653.3451,445.35626,120.85913000000005,89.34325999999999,0.7985644340515137,-1,-1,-1
512,28,344.12122,558.23944,140.18442,89.72369400000002,0.7387202382087708,-1,-1,-1
513,19,479.48608,589.2663,190.17522999999994,157.88573999999994,0.8757624626159668,-1,-1,-1
513,25,644.6186,447.37805,119.51256999999998,87.75786999999997,0.8060527443885803,-1,-1,-1
513,28,325.2527,562.1302,142.16852,92.65874999999994,0.7906537055969238,-1,-1,-1
514,19,486.43637,590.8927,196.68349999999998,160.05840999999998,0.8910669684410095,-1,-1,-1
514,25,635.7114,452.0167,115.33404499999995,85.38436999999999,0.7701165080070496,-1,-1,-1
514,28,305.38477,569.3209,145.67215,91.82354999999995,0.8030868172645569,-1,-1,-1
515,19,494.27985,592.21594,208.39226999999994,170.07885999999996,0.8816735744476318,-1,-1,-1
515,25,624.1735,454.15448,114.50896999999998,83.51001000000002,0.7763761878013611,-1,-1,-1
515,28,288.9366,571.81537,146.88858,93.01360999999997,0.7706608772277832,-1,-1,-1
516,19,504.83636,593.8733,217.33025999999995,175.88281000000006,0.8788897395133972,-1,-1,-1
516,25,618.5694,455.14325,109.29449499999998,82.48047000000003,0.758478581905365,-1,-1,-1
516,28,271.40103,579.85046,141.76025000000004,89.73498499999994,0.8112900257110596,-1,-1,-1
517,19,513.26874,596.15295,229.46808,183.87085000000002,0.8618729114532471,-1,-1,-1
517,25,608.3868,458.43317,107.867615,79.84447999999998,0.7220961451530457,-1,-1,-1
517,28,255.21503,586.20013,140.57932,87.13074000000006,0.828386127948761,-1,-1,-1
518,19,526.22955,601.91815,233.75207999999998,184.40014999999994,0.8796456456184387,-1,-1,-1
518,25,603.17334,458.27808,104.54474000000005,80.17901599999999,0.6822711825370789,-1,-1,-1
518,28,243.16049,586.2452,138.4791,89.39568999999995,0.7895026206970215,-1,-1,-1
519,19,538.49316,604.4656,244.4339,196.73969,0.8860564827919006,-1,-1,-1
519,28,229.19756,590.7449,138.33800000000002,89.00225999999998,0.7878825068473816,-1,-1,-1
520,19,550.6385,605.4065,268.6222,210.33611999999994,0.8836776614189148,-1,-1,-1
520,28,208.23819,597.28143,139.58917,93.99682600000006,0.8406423926353455,-1,-1,-1
521,19,568.19037,609.8904,280.86902,223.49225,0.8734484910964966,-1,-1,-1
521,28,190.629,602.89075,140.98439999999997,92.91839600000003,0.8124634623527527,-1,-1,-1
522,19,582.9714,615.4865,309.6800999999999,239.24572999999998,0.8712894320487976,-1,-1,-1
522,28,176.50616,608.5459,141.06589,90.56793000000005,0.7911154627799988,-1,-1,-1
523,19,599.17786,619.5358,338.77283,256.57550000000003,0.8725759387016296,-1,-1,-1
523,28,164.44182,616.6935,129.03575,88.88513,0.7865481972694397,-1,-1,-1
524,19,624.7169,622.7412,355.20556999999997,275.36181999999997,0.8593893647193909,-1,-1,-1
524,28,145.38696,621.5987,138.03540000000004,88.70874000000003,0.7238363027572632,-1,-1,-1
525,19,653.9137,634.8176,390.7077599999999,292.32605,0.8532435894012451,-1,-1,-1
525,28,125.64559,626.5579,145.24438,87.21569999999997,0.7630079388618469,-1,-1,-1
526,19,683.9853,641.06213,429.62189999999987,310.41376,0.8439725637435913,-1,-1,-1
526,28,110.27899,633.6513,136.3556,85.93091000000004,0.7659174799919128,-1,-1,-1
527,19,726.1373,650.1019,470.2870999999999,339.78418,0.8391156196594238,-1,-1,-1
527,28,91.475006,635.10895,142.97060999999997,87.34228499999995,0.7654125690460205,-1,-1,-1
528,19,773.5985,663.57587,533.1156,372.2439599999999,0.833389937877655,-1,-1,-1
528,28,74.49472,640.3464,144.68103,87.06377999999995,0.7907682061195374,-1,-1,-1
529,19,844.35175,676.30597,614.1205400000001,420.25128000000007,0.8198239803314209,-1,-1,-1
529,28,59.416344,642.0993,141.84875,91.84112500000003,0.7378703951835632,-1,-1,-1
530,19,890.9159,693.93494,681.7638,465.2351,0.7472407817840576,-1,-1,-1
530,28,41.87839,649.6901,142.79166,88.69079599999998,0.7045308947563171,-1,-1,-1
531,19,1004.9873,717.38794,594.68994,476.9348000000001,0.7081542015075684,-1,-1,-1
531,28,22.987007,654.61304,147.84848,90.72552500000006,0.7204458713531494,-1,-1,-1
615,29,1331.8506,303.081,267.82654,164.05205999999998,0.6542752385139465,-1,-1,-1
616,29,1291.9932,307.8444,307.1089999999999,162.29922,0.7148938775062561,-1,-1,-1
617,29,1254.3701,310.7654,344.17993,163.02364999999998,0.7692807912826538,-1,-1,-1
618,29,1236.5912,315.2655,341.3417999999999,159.48715000000004,0.7361782193183899,-1,-1,-1
619,29,1181.8248,324.377,319.79639999999995,153.27081000000004,0.6823962330818176,-1,-1,-1
620,29,1129.9751,339.94977,301.15515000000005,141.26114,0.7440089583396912,-1,-1,-1
621,29,1096.5321,346.69885,294.4324999999999,137.64963,0.7850095629692078,-1,-1,-1
622,29,1069.3611,354.6706,279.9881599999999,132.01468,0.7925556302070618,-1,-1,-1
623,29,1041.6222,360.55927,274.91028000000006,128.15285999999998,0.7914946675300598,-1,-1,-1
624,29,1020.8367,364.6729,243.21557999999993,126.29150400000003,0.8037719130516052,-1,-1,-1
625,29,992.9499,368.38177,225.91241000000002,125.25864000000001,0.8298047184944153,-1,-1,-1
626,29,969.98846,373.06726,225.82866999999987,122.91052000000002,0.8412449955940247,-1,-1,-1
627,29,955.69305,380.48523,200.76337,117.62582399999997,0.836726725101471,-1,-1,-1
628,29,934.33923,385.87424,192.45714999999996,112.43899499999998,0.8135871887207031,-1,-1,-1
629,29,911.3369,390.41687,191.37987999999996,111.49844000000002,0.8220517039299011,-1,-1,-1
630,29,893.0646,392.7124,187.36035000000004,109.578125,0.8581627011299133,-1,-1,-1
631,29,871.2879,393.1302,189.7949799999999,112.41915999999998,0.8639256954193115,-1,-1,-1
