1,0,1207.1814,257.03687,278.00451999999996,183.7457,0.8825844526290894,-1,-1,-1
2,0,1178.6638,258.00473,272.40686000000005,175.95364,0.8913279175758362,-1,-1,-1
3,0,1157.4856,252.96042,273.8910000000001,174.45193,0.8869163990020752,-1,-1,-1
4,0,1138.0725,248.29752,266.4678999999999,172.37999999999997,0.881961464881897,-1,-1,-1
5,0,1122.7104,244.83408,251.11768000000006,171.28104,0.8865399956703186,-1,-1,-1
6,0,1106.0698,241.01799,244.6804199999999,167.75813,0.8817392587661743,-1,-1,-1
7,0,1082.4905,229.22566,241.08264000000008,174.90508,0.8924983143806458,-1,-1,-1
8,0,1065.4991,231.63277,238.26184000000012,166.11464,0.8785003423690796,-1,-1,-1
9,0,1050.1699,223.66385,231.7917500000001,167.89419999999998,0.8789259195327759,-1,-1,-1
10,0,1028.7306,211.56047,235.15599999999995,172.3506,0.872478723526001,-1,-1,-1
11,0,1009.9255,216.15953,236.32781999999997,161.79027,0.8600472211837769,-1,-1,-1
12,0,994.1182,214.16055,233.04534999999998,158.14017,0.8886063098907471,-1,-1,-1
13,0,983.39557,212.63849,218.6045499999999,153.25732,0.8781945109367371,-1,-1,-1
14,0,970.3284,210.97409,211.01995999999997,150.73791999999997,0.884019136428833,-1,-1,-1
15,0,948.7796,202.92818,212.08551,155.10393,0.8811347484588623,-1,-1,-1
16,0,935.8449,203.01236,203.40789999999993,150.96585,0.8810421824455261,-1,-1,-1
17,0,918.12555,201.63513,204.26312000000007,148.18988000000002,0.8889483213424683,-1,-1,-1
18,0,900.44214,196.35751,207.20715000000007,148.62457,0.8889562487602234,-1,-1,-1
19,0,886.3197,195.63124,208.04809999999998,145.47535999999997,0.877282977104187,-1,-1,-1
19,1,1514.01,305.51947,405.4224999999999,272.58806999999996,0.8690965175628662,-1,-1,-1
20,0,869.8589,191.01494,201.65039000000002,146.87470999999996,0.9065653681755066,-1,-1,-1
20,1,1489.0431,302.7528,425.0527300000001,273.53918,0.7853739857673645,-1,-1,-1
21,0,860.6064,180.5566,193.8151200000001,153.34184,0.906816840171814,-1,-1,-1
21,1,1462.6812,297.78836,411.02417000000014,267.77567,0.8831564784049988,-1,-1,-1
22,0,847.29706,180.95688,196.59759999999994,148.47348,0.8877803087234497,-1,-1,-1
22,1,1434.668,296.67862,422.1669999999999,263.36063,0.8920676112174988,-1,-1,-1
23,0,832.6736,181.04941,197.98852999999997,145.93518000000003,0.8972840309143066,-1,-1,-1
23,1,1412.2233,292.39075,410.0898400000001,260.25530000000003,0.8915302753448486,-1,-1,-1
24,0,820.919,177.01442,191.17444,144.71104,0.8939287662506104,-1,-1,-1
24,1,1393.3137,283.41406,399.9998800000001,257.92456,0.8864889144897461,-1,-1,-1
25,0,808.79663,173.4695,190.43651999999997,143.93152999999998,0.8915259838104248,-1,-1,-1
25,1,1370.296,281.01733,402.49512000000004,250.92566,0.8980567455291748,-1,-1,-1
26,0,796.6636,170.46674,190.01104999999995,143.50443000000004,0.8969505429267883,-1,-1,-1
26,1,1349.1644,276.17184,394.2402300000001,249.89444000000003,0.8965311646461487,-1,-1,-1
27,0,783.39,168.64906,192.22479999999996,143.32018000000002,0.8961101174354553,-1,-1,-1
27,1,1324.2134,269.42728,391.2773400000001,246.97165000000007,0.898304283618927,-1,-1,-1
28,0,771.78467,165.20601,183.05126999999993,141.78904999999997,0.8821255564689636,-1,-1,-1
28,1,1299.5754,264.3571,385.67957,245.97809,0.900627851486206,-1,-1,-1
29,0,762.616,165.89772,180.92102,138.62154000000004,0.9098870158195496,-1,-1,-1
29,1,1284.4491,259.80313,373.93335,244.43444999999997,0.9149526357650757,-1,-1,-1
30,0,753.6283,163.60559,178.45276,136.16339,0.894475519657135,-1,-1,-1
30,1,1268.5919,256.4504,361.66895,243.17244999999997,0.8939034342765808,-1,-1,-1
31,0,741.20984,159.85269,176.80914000000007,135.64825000000002,0.8846727013587952,-1,-1,-1
31,1,1249.3075,253.65656,360.11754999999994,238.14319,0.9051778316497803,-1,-1,-1
32,0,731.0537,160.30994,173.77733999999998,132.54470999999998,0.90129554271698,-1,-1,-1
32,1,1229.8704,247.30269,352.93604000000005,234.66154000000003,0.9074316024780273,-1,-1,-1
33,0,721.1303,158.52281,170.18000000000006,129.31824999999998,0.8988089561462402,-1,-1,-1
33,1,1209.0835,243.58208,347.8610799999999,227.08583000000002,0.9079336524009705,-1,-1,-1
34,0,711.5278,154.96959,169.71472000000006,129.46983000000003,0.896027147769928,-1,-1,-1
34,1,1189.7263,237.76848,346.7866200000001,227.57959999999997,0.9002209305763245,-1,-1,-1
35,0,702.726,154.08656,167.40667999999994,127.38173000000003,0.8822070956230164,-1,-1,-1
35,1,1169.8894,235.5234,345.50487999999996,225.11694000000003,0.8916569948196411,-1,-1,-1
36,0,693.84576,149.89926,166.67125999999996,130.57431,0.8840556740760803,-1,-1,-1
36,1,1150.2543,233.60413,340.7473,218.35449,0.9023854732513428,-1,-1,-1
37,0,684.68555,151.49187,164.09636999999998,125.71220399999999,0.9058346152305603,-1,-1,-1
37,1,1137.3181,231.23164,333.54285000000004,216.78844,0.9123328924179077,-1,-1,-1
38,0,675.50226,151.43863,164.97307999999998,123.19299000000001,0.893438994884491,-1,-1,-1
38,1,1124.311,229.95573,325.40905999999995,213.62068000000002,0.89180588722229,-1,-1,-1
39,0,668.06555,149.33531,163.08698000000004,122.29154999999997,0.8759062886238098,-1,-1,-1
39,1,1108.0222,228.9513,321.05322,210.58877999999999,0.905539870262146,-1,-1,-1
40,0,661.08374,147.94896,160.38440000000003,121.66847000000001,0.8817272782325745,-1,-1,-1
40,1,1094.8564,224.04277,313.47326999999996,210.09944,0.8871449828147888,-1,-1,-1
41,0,652.0041,143.29854,159.56543,125.33326999999997,0.8919432163238525,-1,-1,-1
41,1,1079.498,221.84094,310.9006300000001,208.31876,0.8867525458335876,-1,-1,-1
42,0,646.16235,142.4066,152.00293,123.34621000000001,0.8923171758651733,-1,-1,-1
42,1,1056.5623,209.82002,314.1904300000001,212.84294,0.8922890424728394,-1,-1,-1
43,0,637.56415,137.7635,154.05695000000003,123.29799,0.8831918835639954,-1,-1,-1
43,1,1049.2839,207.48434,296.2182600000001,206.72980000000004,0.8968889713287354,-1,-1,-1
44,0,631.28845,133.44829,152.39832,125.22993500000001,0.8926923871040344,-1,-1,-1
44,1,1037.2714,207.484,296.1213399999999,201.75452999999996,0.8907531499862671,-1,-1,-1
45,0,623.3595,135.25934,150.92949999999996,120.177155,0.8926131725311279,-1,-1,-1
45,1,1024.2319,202.05928,291.85498000000007,202.70265,0.8913527131080627,-1,-1,-1
46,0,615.97754,134.08194,149.94457999999997,120.12742599999999,0.8707544207572937,-1,-1,-1
46,1,1010.78925,205.54561,289.47784,195.39394,0.8877260088920593,-1,-1,-1
47,0,608.0473,128.94194,148.95904999999993,122.234344,0.8775025010108948,-1,-1,-1
47,1,997.5562,198.67369,287.12994000000003,198.97179000000003,0.902827799320221,-1,-1,-1
48,0,603.5986,125.74418,146.11907999999994,124.11911999999998,0.875336766242981,-1,-1,-1
48,1,981.3609,194.0892,287.84771999999987,198.13260000000002,0.8866168260574341,-1,-1,-1
49,0,594.0769,119.99065,152.41192999999998,127.03541600000001,0.8786601424217224,-1,-1,-1
49,1,969.9895,183.61559,283.23069999999996,200.27958999999998,0.8782378435134888,-1,-1,-1
50,0,588.8684,121.52646,151.82579999999996,123.76707500000002,0.8718018531799316,-1,-1,-1
50,1,959.94025,174.39476,276.49518,205.77867,0.8804905414581299,-1,-1,-1
51,0,583.0264,128.81128,147.57776,114.76646399999998,0.8681407570838928,-1,-1,-1
51,1,950.0993,170.81996,276.42144999999994,203.11637999999996,0.8869051337242126,-1,-1,-1
52,0,577.46796,122.68586,145.59380999999996,118.49434999999998,0.8711991906166077,-1,-1,-1
52,1,936.44147,177.33119,276.1713299999999,191.26137,0.8776679635047913,-1,-1,-1
53,0,570.59467,119.8163,142.19408999999996,119.23875399999999,0.8802651166915894,-1,-1,-1
53,1,923.90173,181.81964,274.42883000000006,183.20459,0.8742870092391968,-1,-1,-1
54,0,564.1598,117.3495,141.40094,118.81914,0.8788807988166809,-1,-1,-1
54,1,913.12585,186.11943,265.6901999999999,177.18767,0.8651412725448608,-1,-1,-1
55,0,557.60736,120.071,142.37012000000004,113.59625,0.8861266374588013,-1,-1,-1
55,1,901.9393,179.71149,262.35138000000006,178.81310999999997,0.8737612962722778,-1,-1,-1
56,0,553.97437,113.03152,141.54509999999993,118.947014,0.8639973998069763,-1,-1,-1
56,1,889.0522,180.01213,247.1420300000001,177.1504,0.8614047765731812,-1,-1,-1
57,0,546.2595,113.51229,145.53521999999998,118.05018,0.867707371711731,-1,-1,-1
57,1,875.2907,182.82346,251.75494000000003,172.06067000000002,0.8648796677589417,-1,-1,-1
57,2,1560.8513,363.7665,355.47230000000013,224.15285999999998,0.8143369555473328,-1,-1,-1
58,0,541.86615,113.33026,142.42711999999995,118.23735,0.8694576025009155,-1,-1,-1
58,1,867.3461,174.33727,251.50164999999993,178.60555,0.8872895836830139,-1,-1,-1
58,2,1520.3254,353.6099,367.82996,223.94131,0.8530282974243164,-1,-1,-1
59,0,539.00916,109.41872,139.19861000000003,121.43693500000002,0.8554701209068298,-1,-1,-1
59,1,859.1731,180.3993,245.36365,169.62837,0.8707004189491272,-1,-1,-1
59,2,1486.0775,345.88696,370.0870400000001,222.0011,0.8827017545700073,-1,-1,-1
60,0,531.8306,110.94284,137.82758,116.903046,0.8520582318305969,-1,-1,-1
60,1,848.1106,168.73273,254.20190000000002,177.02267,0.8701584935188293,-1,-1,-1
60,2,1446.8025,342.43185,369.14329999999995,216.2153,0.8865264058113098,-1,-1,-1
61,0,523.5362,107.352234,143.37146000000007,118.37036000000002,0.8691685199737549,-1,-1,-1
61,1,841.56415,174.66158,239.81988999999987,168.5608,0.8803812265396118,-1,-1,-1
61,2,1413.4695,332.95267,361.7546399999999,208.73685,0.8918590545654297,-1,-1,-1
62,0,520.0268,107.879875,137.31470000000002,114.74296999999999,0.8771653771400452,-1,-1,-1
62,1,830.3567,171.02971,232.04224,167.58124999999998,0.8709844350814819,-1,-1,-1
62,2,1387.3274,326.57013,357.75574000000006,204.06127999999995,0.8982746601104736,-1,-1,-1
63,0,515.8937,106.47476,136.71465999999998,114.260956,0.8778398036956787,-1,-1,-1
63,1,818.6789,164.12015,235.9270600000001,173.16376,0.8895156979560852,-1,-1,-1
63,2,1347.316,316.14325,350.95874000000003,203.62231000000003,0.8835880160331726,-1,-1,-1
64,0,511.15616,105.03347,134.88234999999997,114.55794499999999,0.8683988451957703,-1,-1,-1
64,1,816.7649,167.2382,231.92395,168.39800000000002,0.8871169686317444,-1,-1,-1
64,2,1317.5459,306.76434,342.2993200000001,201.27339999999998,0.9038232564926147,-1,-1,-1
65,0,505.36707,101.35249,135.80279999999993,114.69125000000001,0.8482434749603271,-1,-1,-1
65,1,801.58374,157.81364,234.62427000000002,173.56508,0.8915354013442993,-1,-1,-1
65,2,1286.7623,298.98685,336.22839999999997,199.55655000000002,0.8827768564224243,-1,-1,-1
66,0,500.3743,101.241455,135.19547000000006,113.82173,0.8500226140022278,-1,-1,-1
66,1,795.7317,158.39487,234.80675999999994,171.6756,0.9048709273338318,-1,-1,-1
66,2,1263.4559,290.7122,321.6760300000001,196.99268,0.8877381682395935,-1,-1,-1
67,0,493.08307,101.409294,135.78643999999997,111.99828000000001,0.8640214204788208,-1,-1,-1
67,1,784.8694,157.80002,226.03612999999996,169.43972999999997,0.8934970498085022,-1,-1,-1
67,2,1233.0087,284.966,322.67553999999996,191.5351,0.8846381902694702,-1,-1,-1
68,0,489.44803,102.61733,132.01071000000002,109.54601000000001,0.870360255241394,-1,-1,-1
68,1,775.8462,159.25093,226.51819,163.90446,0.8800803422927856,-1,-1,-1
68,2,1209.7736,276.93246,313.9087999999999,189.5899,0.8899900317192078,-1,-1,-1
69,0,485.70862,101.70623,130.93804999999998,110.17806000000002,0.8772374987602234,-1,-1,-1
69,1,768.9792,157.8554,222.68462999999997,162.2383,0.8742238283157349,-1,-1,-1
69,2,1183.393,273.2166,312.8142,184.94669,0.8984098434448242,-1,-1,-1
70,0,480.49423,99.948944,133.28243999999995,110.13402999999998,0.871884822845459,-1,-1,-1
70,1,759.42346,157.57541,224.08574999999996,161.19967999999997,0.8873698711395264,-1,-1,-1
70,2,1154.5946,266.79895,309.10619999999994,186.06255999999996,0.9083238840103149,-1,-1,-1
71,0,476.8464,100.12147,128.95272999999997,108.55555,0.8687540292739868,-1,-1,-1
71,1,754.51843,156.64494,219.71105999999997,159.49370000000002,0.8827101588249207,-1,-1,-1
71,2,1124.4042,261.94104,313.51904000000013,184.86743,0.8979756832122803,-1,-1,-1
72,0,469.05484,97.933266,133.38913000000002,109.864815,0.8812673091888428,-1,-1,-1
72,1,749.1248,156.51245,216.88567999999998,158.23898000000003,0.8688483834266663,-1,-1,-1
72,2,1115.1432,256.69717,297.4012499999999,182.27288999999996,0.9044822454452515,-1,-1,-1
73,0,466.9796,94.50123,126.428406,109.16870999999999,0.8790128827095032,-1,-1,-1
73,1,743.1952,155.80707,214.03723000000002,154.95620000000002,0.8670327663421631,-1,-1,-1
73,2,1090.8536,250.89087,286.43823,178.10976999999997,0.8819454312324524,-1,-1,-1
74,0,462.60565,93.23452,124.76691,109.14765,0.8806113600730896,-1,-1,-1
74,1,731.00757,152.55328,214.5625,154.66861000000003,0.8728361129760742,-1,-1,-1
74,2,1066.0605,246.09459,284.2649000000001,175.74278,0.8809019327163696,-1,-1,-1
75,0,459.92947,91.66802,126.44278000000003,109.18882,0.873822808265686,-1,-1,-1
75,1,728.69885,151.19798,204.23035000000004,153.70793,0.8867674469947815,-1,-1,-1
75,2,1049.3292,240.68846,274.2057,176.21851999999998,0.8919572234153748,-1,-1,-1
76,0,456.00058,90.69064,123.82815600000004,110.6252,0.8704114556312561,-1,-1,-1
76,1,719.9823,152.28632,206.98772999999994,151.02612,0.878874659538269,-1,-1,-1
76,2,1037.752,225.40282,265.72569999999996,184.13594000000003,0.8742635846138,-1,-1,-1
77,0,452.31152,93.58082,122.59740999999997,102.92821499999998,0.8584648966789246,-1,-1,-1
77,1,715.4647,148.89647,208.15576,150.86583,0.8746092319488525,-1,-1,-1
77,2,1019.5014,229.53815,260.4888299999999,174.311,0.8799824714660645,-1,-1,-1
78,0,449.39423,91.41695,122.33160399999997,104.196365,0.8533214330673218,-1,-1,-1
78,1,704.68134,152.10393,204.52837999999997,146.127,0.8842399716377258,-1,-1,-1
78,2,1005.4402,228.56717,252.31017999999995,164.29984,0.8929268717765808,-1,-1,-1
79,0,442.58865,90.957924,125.20693999999997,104.08143,0.869511067867279,-1,-1,-1
79,1,701.7775,146.24164,202.74743999999998,149.65100000000004,0.8876261115074158,-1,-1,-1
79,2,989.0613,226.0453,247.66296,160.63817,0.8486732244491577,-1,-1,-1
80,0,438.29565,91.97072,122.62041999999997,101.70587,0.8813518285751343,-1,-1,-1
80,1,695.2735,149.36336,198.47809000000007,145.17802,0.896159827709198,-1,-1,-1
80,2,970.28107,223.95563,244.3478399999999,155.92386000000002,0.8549114465713501,-1,-1,-1
81,0,433.69742,91.48963,122.47396999999995,100.81262999999998,0.87845778465271,-1,-1,-1
81,1,692.4725,148.8284,196.32587,144.23486000000003,0.890102207660675,-1,-1,-1
81,2,952.91595,222.9115,241.04865000000007,152.38974000000002,0.8793126344680786,-1,-1,-1
82,0,430.6072,91.765015,122.20595999999995,99.03694000000002,0.8715428709983826,-1,-1,-1
82,1,684.26624,144.01335,200.91472999999996,147.8361,0.8952512145042419,-1,-1,-1
82,2,935.7783,217.385,231.80272999999988,152.79035999999996,0.8889173269271851,-1,-1,-1
83,0,425.90128,90.05707,122.51254,98.643265,0.8684232234954834,-1,-1,-1
83,1,678.19684,145.55688,201.93603999999993,144.45963000000003,0.8919371962547302,-1,-1,-1
83,2,924.46857,213.855,226.5978399999999,151.78023,0.8723450899124146,-1,-1,-1
84,0,421.74005,86.058334,121.14612,100.48358000000002,0.8644038438796997,-1,-1,-1
84,1,674.2593,139.87843,200.54993000000002,149.22655,0.8941789269447327,-1,-1,-1
84,2,910.05383,209.71507,219.34998000000007,150.31276,0.8699829578399658,-1,-1,-1
85,0,417.19107,84.89022,120.77474999999998,98.83129,0.8782669901847839,-1,-1,-1
85,1,670.24585,139.43584,198.38562000000002,146.72224000000003,0.9033506512641907,-1,-1,-1
85,2,899.5821,204.73578,213.89594,151.30758999999998,0.8732938170433044,-1,-1,-1
86,0,412.30618,79.79343,121.99404999999996,100.96672000000001,0.8656160235404968,-1,-1,-1
86,1,665.37225,136.72473,197.93633999999997,147.46624999999997,0.900397777557373,-1,-1,-1
86,2,881.799,202.12552,224.3080399999999,148.95975000000004,0.8746480941772461,-1,-1,-1
87,0,408.10477,80.56128,119.55880999999994,99.60470599999998,0.8756701350212097,-1,-1,-1
87,1,661.6368,137.33656,197.82727,144.61711,0.8957909941673279,-1,-1,-1
87,2,871.1257,199.38016,217.9444000000001,148.16900000000004,0.8649535775184631,-1,-1,-1
88,0,407.2959,82.380005,117.31805400000002,97.49326999999998,0.8772674798965454,-1,-1,-1
88,1,659.39764,136.45282,194.48601999999994,145.56524999999996,0.9012091755867004,-1,-1,-1
88,2,858.3512,199.54367,217.31738000000007,144.20026,0.8513336777687073,-1,-1,-1
89,0,404.4811,82.668655,116.83285500000005,95.92412999999999,0.8672775030136108,-1,-1,-1
89,1,658.4282,135.30371,189.02306999999996,145.48736999999997,0.8934194445610046,-1,-1,-1
89,2,849.04443,193.34534,214.02269999999987,147.13663,0.854524552822113,-1,-1,-1
90,0,401.96466,82.481155,115.61730999999997,95.49327,0.8592846393585205,-1,-1,-1
90,1,654.7397,134.32259,183.27368,144.78795000000002,0.8859720230102539,-1,-1,-1
90,2,831.08167,189.78726,211.07531999999992,145.93985000000004,0.8761205673217773,-1,-1,-1
91,0,398.02023,80.959404,114.51723999999996,96.805275,0.8549049496650696,-1,-1,-1
91,1,653.4394,134.17567,178.37378,144.56755,0.8827924132347107,-1,-1,-1
91,2,822.573,188.42175,215.27454,145.12949,0.8868628740310669,-1,-1,-1
92,0,392.75235,77.7025,116.33037999999999,99.68976000000002,0.8472760319709778,-1,-1,-1
92,1,653.2165,135.78714,173.4837,142.93386999999998,0.8951041102409363,-1,-1,-1
92,2,814.0666,187.21794,214.77264000000002,144.38230999999996,0.8685803413391113,-1,-1,-1
93,0,390.22824,78.128174,117.14548000000002,98.88142399999998,0.8486635684967041,-1,-1,-1
93,1,653.24506,137.23694,171.65295000000003,140.44510000000002,0.8831560015678406,-1,-1,-1
93,2,813.3462,184.9358,201.72040000000004,144.74225999999996,0.8738095164299011,-1,-1,-1
94,0,385.8967,78.00461,116.95862,96.47654999999999,0.8790261149406433,-1,-1,-1
94,1,654.0234,135.90056,163.89380000000006,138.45060000000004,0.8920202851295471,-1,-1,-1
94,2,805.53265,183.35353,201.88715000000002,142.72212,0.8840877413749695,-1,-1,-1
95,0,382.4521,76.55294,115.97098,97.03760500000001,0.8558365702629089,-1,-1,-1
95,1,654.1743,135.53732,160.06073000000004,138.31229,0.8975445032119751,-1,-1,-1
95,2,797.0834,176.88486,198.05426,145.14224000000002,0.8812567591667175,-1,-1,-1
96,0,379.43393,75.16442,116.31900000000002,97.01393999999999,0.8535081744194031,-1,-1,-1
96,1,655.18427,135.87953,158.56566999999995,136.66519999999997,0.8763959407806396,-1,-1,-1
96,2,781.501,172.49138,201.47046,146.32866,0.8905082941055298,-1,-1,-1
97,0,377.39694,74.183075,114.03854000000001,96.35377500000001,0.8606725931167603,-1,-1,-1
97,1,654.644,136.15259,158.73082999999997,133.57233,0.8677761554718018,-1,-1,-1
97,2,775.3882,172.05586,202.19537000000003,144.4568,0.8775278329849243,-1,-1,-1
98,0,372.9947,72.52577,114.39425999999997,96.47314500000002,0.8537207245826721,-1,-1,-1
98,1,655.26807,133.75533,158.89361999999994,134.02656999999996,0.847159743309021,-1,-1,-1
98,2,771.1705,168.06372,197.21887000000004,144.60422,0.874671220779419,-1,-1,-1
99,0,371.31857,72.0434,112.68884000000003,97.38331999999998,0.8499895334243774,-1,-1,-1
99,1,655.1768,131.73772,159.92902000000004,136.256,0.8127759099006653,-1,-1,-1
99,2,763.1491,166.89336,197.31360000000006,144.07625,0.8697926998138428,-1,-1,-1
100,0,369.02158,71.42897,113.39938000000001,97.66268999999998,0.847663164138794,-1,-1,-1
100,1,657.6681,130.6153,157.84948999999995,135.84390000000002,0.6455226540565491,-1,-1,-1
100,2,756.3074,168.03603,193.36266999999998,140.81186999999997,0.8816502690315247,-1,-1,-1
101,0,367.22784,71.35753,112.90024,95.79372000000001,0.8464745879173279,-1,-1,-1
101,2,752.86176,164.89519,190.98290999999995,142.43703,0.869056761264801,-1,-1,-1
102,0,361.60043,71.52182,117.01184,96.647095,0.8418453335762024,-1,-1,-1
102,2,749.75037,165.64,186.59154999999998,140.38013999999998,0.8677671551704407,-1,-1,-1
103,0,361.79037,72.44001,113.51868000000002,94.18885,0.8476412892341614,-1,-1,-1
103,2,745.6997,167.14555,183.82990000000007,135.25972,0.8726803660392761,-1,-1,-1
104,0,360.2661,70.650795,112.18985000000004,95.30825,0.8225389122962952,-1,-1,-1
104,2,731.69904,165.42517,190.12433,134.72076,0.8910505175590515,-1,-1,-1
105,0,361.2885,70.14983,110.33895999999999,95.06669000000001,0.7952006459236145,-1,-1,-1
105,2,719.6065,161.7459,191.09735,135.3077,0.8613588213920593,-1,-1,-1
106,0,354.31003,68.172005,113.61346400000002,96.62383000000001,0.7910333275794983,-1,-1,-1
106,2,709.0316,157.9637,196.79198999999994,136.69575999999998,0.8634970784187317,-1,-1,-1
107,0,352.3865,66.932724,112.47311400000001,96.16728000000002,0.7157846093177795,-1,-1,-1
107,2,707.3459,154.47517,195.59917999999993,137.25005,0.8690663576126099,-1,-1,-1
108,0,350.44925,67.66764,109.97818000000001,94.24286999999998,0.7770846486091614,-1,-1,-1
108,2,692.09296,148.17076,204.63544000000002,140.76979000000003,0.8764589428901672,-1,-1,-1
108,3,1581.2799,366.7043,335.5925299999999,212.08676000000003,0.7355362772941589,-1,-1,-1
109,0,347.5643,67.87715,108.84213,92.63809,0.8157558441162109,-1,-1,-1
109,2,694.6856,150.88127,197.35106999999994,137.8738,0.8732839226722717,-1,-1,-1
109,3,1549.5718,363.45752,366.45264,214.58057000000002,0.8481078743934631,-1,-1,-1
110,0,343.49817,64.65259,111.32675,95.44730999999999,0.8317786455154419,-1,-1,-1
110,2,688.47363,153.5087,196.45177999999999,131.66162,0.8659319877624512,-1,-1,-1
110,3,1521.9707,356.9351,345.60193000000004,208.37955000000005,0.8675161600112915,-1,-1,-1
111,0,343.80353,66.23295,109.35962,93.67953999999999,0.8364583253860474,-1,-1,-1
111,2,685.0931,149.19771,190.09276999999997,135.47349999999997,0.8825004696846008,-1,-1,-1
111,3,1497.1599,347.34088,356.4194299999999,213.19080000000002,0.8859788179397583,-1,-1,-1
112,0,339.03238,65.251564,110.17313000000001,94.50893399999998,0.8320295214653015,-1,-1,-1
112,2,677.408,151.0319,192.68963999999994,133.26772,0.8903200626373291,-1,-1,-1
112,3,1464.7949,343.67474,361.37366,210.14190000000002,0.887657642364502,-1,-1,-1
113,0,335.6561,62.949768,110.91338999999999,94.86238,0.8328356742858887,-1,-1,-1
113,2,670.46576,149.34476,190.34222,133.00348000000002,0.901058554649353,-1,-1,-1
113,3,1444.2455,339.45044,348.91516,203.04937999999999,0.8857736587524414,-1,-1,-1
114,0,334.45477,62.77984,108.35962,94.16424999999998,0.8350902795791626,-1,-1,-1
114,2,662.5497,152.64604,193.95221000000004,128.81279000000004,0.8806453943252563,-1,-1,-1
114,3,1414.1401,334.60886,348.0646999999999,199.68552000000005,0.8946691155433655,-1,-1,-1
115,0,332.51086,62.911716,106.24466000000001,93.43399000000001,0.8316310048103333,-1,-1,-1
115,2,653.54834,157.89793,192.44385,123.00926000000001,0.8788205981254578,-1,-1,-1
115,3,1392.329,329.19913,342.65650000000005,197.69729999999998,0.9043802618980408,-1,-1,-1
116,0,330.46268,64.6699,103.84676999999999,88.63143000000001,0.8304948806762695,-1,-1,-1
116,2,647.76324,154.80188,186.56017999999995,122.46874999999997,0.8764784932136536,-1,-1,-1
116,3,1361.3934,323.75693,348.89868,193.74142000000006,0.8958301544189453,-1,-1,-1
117,0,329.07288,64.263565,102.23761000000002,87.76128,0.823260486125946,-1,-1,-1
117,2,638.1119,153.44577,188.05719,122.70421999999999,0.8769407272338867,-1,-1,-1
117,3,1339.0042,314.53442,334.8768299999999,196.04004000000003,0.9094495177268982,-1,-1,-1
118,0,329.32745,62.275425,101.27197000000001,88.24364999999999,0.8239992260932922,-1,-1,-1
118,2,630.6793,151.079,186.02954,124.02449000000001,0.8756204843521118,-1,-1,-1
118,3,1313.716,308.70917,333.6875,193.62887999999998,0.8930808901786804,-1,-1,-1
119,0,325.80542,64.23188,99.49206500000003,84.83793000000001,0.8028944134712219,-1,-1,-1
119,2,623.1544,144.11444,182.3678,126.84496999999999,0.8819067478179932,-1,-1,-1
119,3,1289.839,304.54907,330.1794399999999,189.02332,0.8843621015548706,-1,-1,-1
120,0,323.98532,64.13343,98.96435500000001,85.34724,0.7867820262908936,-1,-1,-1
120,2,616.68933,142.65369,180.28527999999994,128.47342,0.8914301991462708,-1,-1,-1
120,3,1266.515,300.80832,323.02783,186.00598000000002,0.8835881948471069,-1,-1,-1
121,0,321.8901,63.773098,98.14612,88.84200999999999,0.7964576482772827,-1,-1,-1
121,2,610.5689,145.22112,175.43291999999997,124.56676000000002,0.8876482844352722,-1,-1,-1
121,3,1246.1444,292.86716,314.01746,186.31124999999997,0.8773245215415955,-1,-1,-1
122,0,321.10095,63.399364,98.58157,83.59697,0.7761434316635132,-1,-1,-1
122,2,605.2794,143.41374,171.98901,124.51054400000001,0.8836082220077515,-1,-1,-1
122,3,1228.3918,288.07477,304.75109999999995,183.7785,0.88564133644104,-1,-1,-1
123,0,318.43906,62.498856,100.69083,85.83476,0.7661718726158142,-1,-1,-1
123,2,598.8527,145.37149,162.96880999999996,119.021454,0.8841610550880432,-1,-1,-1
123,3,1207.7806,282.01663,298.69529999999986,182.44833,0.8793211579322815,-1,-1,-1
124,0,317.44913,62.125477,101.34762599999999,86.60431,0.7695488929748535,-1,-1,-1
124,2,594.6431,143.40674,161.70299999999997,118.57065,0.8865658640861511,-1,-1,-1
124,3,1185.0984,279.09573,297.29456000000005,180.66918999999996,0.8971531391143799,-1,-1,-1
125,0,314.93155,62.716866,102.89389,85.99697,0.758739709854126,-1,-1,-1
125,2,589.1441,143.9877,159.18658000000005,115.68866,0.8718501925468445,-1,-1,-1
125,3,1165.8512,275.243,293.63245000000006,179.43194999999997,0.90024733543396,-1,-1,-1
126,0,313.67435,63.130283,104.18725599999999,86.46838,0.7611879706382751,-1,-1,-1
126,2,584.41504,140.94943,160.05115,118.61856,0.8735430836677551,-1,-1,-1
126,3,1145.3771,270.88736,292.95813,178.63947000000002,0.8894346952438354,-1,-1,-1
127,0,312.9261,63.465225,103.65026999999998,85.24444599999998,0.7662438154220581,-1,-1,-1
127,2,580.4451,139.22906,155.65948000000003,118.07956000000001,0.870754063129425,-1,-1,-1
127,3,1130.6566,265.2145,288.26477,180.5611,0.9125567674636841,-1,-1,-1
128,0,311.89978,63.257183,103.02103,83.81769,0.7552366852760315,-1,-1,-1
128,2,576.3474,139.33507,156.11530000000005,114.29166000000001,0.8618124127388,-1,-1,-1
128,3,1121.2626,261.36255,269.17505000000006,178.47643999999997,0.9029395580291748,-1,-1,-1
129,0,310.47305,63.024555,103.15509000000003,83.42081000000002,0.7588775753974915,-1,-1,-1
129,2,573.34814,138.52477,154.71771,114.06921399999999,0.8767548203468323,-1,-1,-1
129,3,1103.7352,257.12042,266.99927,177.31464,0.8839961290359497,-1,-1,-1
130,0,309.41315,63.78257,99.84087999999997,81.66822000000002,0.7145428657531738,-1,-1,-1
130,2,571.1145,138.10106,153.46002,113.38644400000001,0.8867376446723938,-1,-1,-1
130,3,1086.876,252.07498,260.5311300000001,174.58441000000002,0.8794234991073608,-1,-1,-1
131,0,308.79333,61.373386,99.87326000000002,82.79834,0.7340601086616516,-1,-1,-1
131,2,567.4097,133.66449,152.13544000000002,115.94974000000002,0.8845601677894592,-1,-1,-1
131,3,1064.5518,247.42668,259.4502,173.91126999999997,0.8982298374176025,-1,-1,-1
132,0,306.68033,62.19387,98.39154000000002,81.76978,0.7180522084236145,-1,-1,-1
132,2,567.1998,132.33717,147.38043000000005,116.43791000000002,0.8873810172080994,-1,-1,-1
132,3,1049.2545,245.01187,261.44666000000007,171.68892999999997,0.8786465525627136,-1,-1,-1
133,0,305.22766,62.13236,96.81171,80.63569999999999,0.6531497836112976,-1,-1,-1
133,2,566.3319,132.61412,144.38940000000002,112.25452000000001,0.8745295405387878,-1,-1,-1
133,3,1036.2682,241.8704,255.48082999999997,168.66835,0.8707519769668579,-1,-1,-1
134,0,302.1072,63.09628,97.82207999999997,78.91979999999998,0.6646422743797302,-1,-1,-1
134,2,561.99176,131.28409,144.21746999999993,113.15391499999998,0.8685213923454285,-1,-1,-1
134,3,1025.0608,238.10933,242.44372999999996,167.71361000000002,0.8815905451774597,-1,-1,-1
135,0,300.516,63.12851,99.61560000000003,79.20148,0.6276509165763855,-1,-1,-1
135,2,558.7834,132.12878,145.79633,112.45301999999998,0.8753422498703003,-1,-1,-1
135,3,1010.364,236.88208,241.3682899999999,161.70685,0.8818733096122742,-1,-1,-1
136,0,296.71875,61.170696,102.35928000000001,82.66069000000002,0.6493699550628662,-1,-1,-1
136,2,557.0836,129.58182,144.19732999999997,112.83971,0.862949013710022,-1,-1,-1
136,3,997.92395,236.60136,238.66565000000003,159.1816,0.8728699684143066,-1,-1,-1
137,0,293.94418,61.125164,103.07519500000001,82.44945,0.7174290418624878,-1,-1,-1
137,2,554.0895,129.17326,142.35668999999996,111.19519,0.8683369159698486,-1,-1,-1
137,3,983.30493,232.80063,235.95605,156.82993,0.8776839375495911,-1,-1,-1
138,0,294.3301,61.632294,99.31801999999999,80.47745,0.6517633199691772,-1,-1,-1
138,2,552.20306,129.4428,141.59320000000002,108.70833999999999,0.8633149862289429,-1,-1,-1
138,3,967.7105,230.59064,235.32306000000005,151.49655,0.8676777482032776,-1,-1,-1
139,2,549.4957,126.40041,142.17401000000007,109.18659,0.8669643402099609,-1,-1,-1
139,3,953.4518,225.05762,232.81690000000003,152.21441999999996,0.8598847389221191,-1,-1,-1
140,2,544.6834,125.26463,142.60046,106.88025,0.8855642080307007,-1,-1,-1
140,3,939.0362,220.91147,228.86162999999988,153.03008999999997,0.8786290287971497,-1,-1,-1
141,2,540.87854,120.49812,137.31934,110.49846,0.8613100647926331,-1,-1,-1
141,3,928.47644,218.72003,219.5109900000001,151.57675,0.8710994720458984,-1,-1,-1
142,2,537.16174,118.85172,136.76099,110.35226,0.8559526205062866,-1,-1,-1
142,3,917.6306,211.64441,216.37816999999995,155.10428000000002,0.8825073838233948,-1,-1,-1
143,2,530.9426,116.542534,140.83447,112.364265,0.8567092418670654,-1,-1,-1
143,3,904.3604,211.0596,210.49432000000002,149.45804000000004,0.8766923546791077,-1,-1,-1
144,2,526.71466,115.00155,140.85546999999997,113.53625999999998,0.874723494052887,-1,-1,-1
144,3,888.71,211.30695,215.32232999999997,146.54869999999997,0.885042667388916,-1,-1,-1
144,4,228.42366,59.58123,108.04450999999997,86.54927999999998,0.6961977481842041,-1,-1,-1
145,2,521.7996,114.21244,142.09875,112.60697,0.8650872111320496,-1,-1,-1
145,3,874.5827,207.2349,215.32233000000008,146.73916999999997,0.87880939245224,-1,-1,-1
145,4,230.93414,58.40801,110.49939,89.51303000000001,0.7730961441993713,-1,-1,-1
146,2,517.8575,114.255905,142.23748999999998,110.25337,0.8751891255378723,-1,-1,-1
146,3,862.9814,203.515,211.36370999999997,146.72743000000003,0.893338143825531,-1,-1,-1
146,4,234.63075,59.834946,108.51482000000001,90.48948999999999,0.8093743920326233,-1,-1,-1
147,2,514.111,114.006744,138.50189,109.05899,0.8727834224700928,-1,-1,-1
147,3,850.9634,200.33607,210.4213900000001,146.80968000000001,0.8824753761291504,-1,-1,-1
147,4,235.3365,60.28348,110.77687000000003,92.07057,0.844074547290802,-1,-1,-1
148,2,508.48615,112.278435,140.36980999999997,110.19369,0.8719109296798706,-1,-1,-1
148,3,839.81287,197.50148,206.2374299999999,146.69368,0.8917534351348877,-1,-1,-1
148,4,237.75539,59.50713,111.10118000000003,93.48799,0.8411861062049866,-1,-1,-1
149,2,504.93835,111.93014,141.40912000000003,108.134636,0.8616187572479248,-1,-1,-1
149,3,826.7593,195.16556,210.5946,145.0463,0.879029393196106,-1,-1,-1
149,4,240.97813,58.886143,109.91215500000001,95.27551,0.8531198501586914,-1,-1,-1
149,5,1111.7433,93.60003,312.2353499999999,130.36661,0.6380625367164612,-1,-1,-1
150,2,501.28244,110.73214,140.62795999999997,108.68708,0.8599503040313721,-1,-1,-1
150,3,815.17816,192.46773,206.89599999999996,142.57591,0.9002251625061035,-1,-1,-1
150,4,243.81367,59.006565,107.92647,95.42172,0.8627514243125916,-1,-1,-1
150,5,1152.032,89.69784,291.4249299999999,133.85520000000002,0.7008005976676941,-1,-1,-1
151,2,497.29382,109.094444,139.84929999999997,105.93248999999999,0.8418041467666626,-1,-1,-1
151,3,806.9341,189.60318,203.10284000000001,141.77047999999996,0.8818649649620056,-1,-1,-1
151,4,244.35292,58.01533,108.28810000000001,97.20363999999998,0.8646438121795654,-1,-1,-1
151,5,1165.113,99.93279,286.97704999999996,121.21695999999999,0.6002556681632996,-1,-1,-1
152,2,493.72623,108.257065,136.28897000000006,105.86629,0.8604996204376221,-1,-1,-1
152,3,797.5965,185.25397,201.86852999999996,143.8801,0.8841822147369385,-1,-1,-1
152,4,245.29396,58.255604,108.95027000000002,97.47031999999999,0.8722075819969177,-1,-1,-1
153,2,488.6215,108.7318,134.10482999999994,104.26294,0.8691387176513672,-1,-1,-1
153,3,786.22986,184.06888,203.78516000000002,140.83291999999997,0.8767368793487549,-1,-1,-1
153,4,247.08376,61.739655,109.18883000000002,95.56543000000002,0.8750558495521545,-1,-1,-1
154,2,484.73712,106.98263,133.43511999999998,104.93525,0.8646200895309448,-1,-1,-1
154,3,773.14264,180.86679,202.76642000000004,140.69472999999996,0.8884221315383911,-1,-1,-1
154,4,248.5323,62.118183,110.31226999999998,96.39255000000001,0.8742949962615967,-1,-1,-1
155,2,478.7528,107.13748,138.29107999999997,103.55209,0.8655647039413452,-1,-1,-1
155,3,764.06244,179.83932,200.88525000000004,139.89117,0.8943968415260315,-1,-1,-1
155,4,250.79019,63.1945,110.26238999999998,97.03,0.872252345085144,-1,-1,-1
156,2,476.2742,105.945435,134.11953999999997,104.38887,0.8818901777267456,-1,-1,-1
156,3,757.3032,180.28175,193.79376000000002,135.66899,0.8969296216964722,-1,-1,-1
156,4,252.13455,63.586674,111.21814,99.038315,0.8731231093406677,-1,-1,-1
157,2,472.45947,104.32239,131.98572000000001,103.13019999999999,0.8578153252601624,-1,-1,-1
157,3,751.65155,176.25235,190.09802000000002,135.97363000000004,0.890204131603241,-1,-1,-1
157,4,252.50592,63.241333,112.49151599999999,100.61286999999999,0.8713489770889282,-1,-1,-1
158,2,467.7803,102.52259,130.75594999999998,103.33814,0.8606303334236145,-1,-1,-1
158,3,743.2248,173.8698,185.58130000000006,136.25687999999997,0.883482038974762,-1,-1,-1
158,4,257.29773,64.821495,109.93536,100.07206,0.8754127621650696,-1,-1,-1
159,2,463.45047,101.56466,130.04513999999995,102.34095000000002,0.8698815703392029,-1,-1,-1
159,3,735.26227,172.59712,184.38629000000003,134.93116999999998,0.8882966637611389,-1,-1,-1
159,4,261.23306,66.81401,109.772064,99.08708000000001,0.8773785829544067,-1,-1,-1
160,2,461.79163,99.549255,126.50835999999998,101.87988,0.8743280172348022,-1,-1,-1
160,3,728.3929,167.57002,176.53576999999996,135.27170999999998,0.8904340267181396,-1,-1,-1
160,4,263.70612,68.96554,112.07436999999999,97.950264,0.8745651841163635,-1,-1,-1
161,2,457.60178,99.490036,128.54507000000007,100.69313,0.8634710311889648,-1,-1,-1
161,3,719.41345,166.41193,174.78882,132.05194000000003,0.8830493688583374,-1,-1,-1
161,4,264.8347,67.949905,113.15152,100.18542500000001,0.8761382699012756,-1,-1,-1
162,2,455.55453,98.68852,127.83945000000006,100.07845999999999,0.8614699244499207,-1,-1,-1
162,3,712.8553,165.44353,177.91143999999997,130.72902,0.881543755531311,-1,-1,-1
162,4,267.5264,70.559586,114.0231,98.63699,0.8601441383361816,-1,-1,-1
163,2,451.79156,99.351326,124.20703000000003,96.03824599999999,0.8521665334701538,-1,-1,-1
163,3,708.1237,164.83672,172.01617,127.79899599999999,0.8958491683006287,-1,-1,-1
163,4,271.41953,70.84401,111.57754499999999,98.55530999999999,0.8606937527656555,-1,-1,-1
164,2,450.81308,99.95072,120.23770000000002,95.00643000000001,0.8453775644302368,-1,-1,-1
164,3,703.4169,162.10321,168.06908999999996,129.48062,0.8898347020149231,-1,-1,-1
164,4,274.10748,72.650955,111.96978999999999,98.16374,0.8679859638214111,-1,-1,-1
165,2,446.39697,97.45204,121.60033999999996,96.58902000000002,0.8558892011642456,-1,-1,-1
165,3,695.69867,162.20808,166.99512000000004,125.725235,0.8953014016151428,-1,-1,-1
165,4,276.46692,74.98213,115.03189000000003,96.99452000000001,0.8917185068130493,-1,-1,-1
166,2,442.57837,95.04396,120.50201399999997,95.08343499999998,0.8623048067092896,-1,-1,-1
166,3,690.9531,159.8723,167.08508000000006,126.02112999999997,0.8856822848320007,-1,-1,-1
166,4,277.68808,75.11493,118.60070999999999,100.14621000000001,0.8834546804428101,-1,-1,-1
167,2,438.91516,97.52968,118.95574999999997,91.94472,0.868096113204956,-1,-1,-1
167,3,686.03296,158.23096,165.97399999999993,125.86728000000002,0.892385721206665,-1,-1,-1
167,4,280.74146,78.80713,118.43652000000003,98.6319,0.8758121728897095,-1,-1,-1
168,2,434.58615,99.56871,120.49612400000001,90.41323999999999,0.8681508302688599,-1,-1,-1
168,3,680.8454,158.66423,164.82574,124.57221999999999,0.8974316716194153,-1,-1,-1
168,4,281.70544,77.09976,118.77285999999998,101.15381,0.8837689757347107,-1,-1,-1
169,2,431.04514,99.10447,122.04001,88.46302000000001,0.8711029291152954,-1,-1,-1
169,3,675.2836,160.21701,164.46033,120.30963,0.8882150650024414,-1,-1,-1
169,4,285.21027,77.66767,117.85275000000001,101.72211500000002,0.8779953122138977,-1,-1,-1
170,2,426.83472,99.406906,122.16730000000001,86.87170400000001,0.8746574521064758,-1,-1,-1
170,3,668.7958,158.14726,163.73499000000004,120.71610999999999,0.8783376812934875,-1,-1,-1
170,4,287.6803,79.43999,116.65695,101.60659999999999,0.869127631187439,-1,-1,-1
171,2,423.50323,96.323654,121.07117,88.22621000000001,0.871166467666626,-1,-1,-1
171,3,664.1465,157.84857,165.0611,119.66559000000001,0.8740163445472717,-1,-1,-1
171,4,289.61932,77.974525,115.01461999999998,102.69744,0.8630207180976868,-1,-1,-1
172,2,418.4123,92.63199,121.53655999999995,88.91245999999998,0.8930405974388123,-1,-1,-1
172,3,658.95935,155.9173,163.21404999999993,117.49222000000003,0.8825056552886963,-1,-1,-1
172,4,292.6954,78.87734,112.78469999999999,101.99691000000001,0.8564448952674866,-1,-1,-1
173,2,416.25342,91.31027,119.89453000000003,89.52271999999999,0.8704633116722107,-1,-1,-1
173,3,653.442,155.77425,160.69634999999994,114.91072000000003,0.8784368634223938,-1,-1,-1
173,4,294.9572,81.3792,115.28458,101.60396599999999,0.8737125992774963,-1,-1,-1
174,2,414.31296,89.9814,116.749054,88.62894000000001,0.8631939888000488,-1,-1,-1
174,3,649.3724,153.24445,155.42193999999995,116.96042000000003,0.8740041851997375,-1,-1,-1
174,4,299.55548,82.21166,115.05556999999999,102.23968000000002,0.8730695247650146,-1,-1,-1
175,2,411.14648,87.62726,113.59478999999999,89.71315000000001,0.8480916023254395,-1,-1,-1
175,3,644.0,147.82063,156.77441,119.18378999999999,0.888776421546936,-1,-1,-1
175,4,301.95074,82.068825,119.686646,105.02235999999999,0.8670364618301392,-1,-1,-1
176,2,407.8383,87.34887,114.90152,89.52306000000002,0.8363409042358398,-1,-1,-1
176,3,637.2315,147.5971,157.53014999999994,118.96786500000002,0.8966305255889893,-1,-1,-1
176,4,304.08908,83.30689,122.14419600000002,106.23446,0.8642368912696838,-1,-1,-1
177,2,406.15125,84.558525,113.71625000000006,91.71267,0.7927743196487427,-1,-1,-1
177,3,633.02313,145.70609,157.21393,118.53182999999999,0.8776302933692932,-1,-1,-1
177,4,308.90515,82.90944,128.07385,109.36563,0.882477879524231,-1,-1,-1
178,2,406.8141,83.07132,108.34204000000005,91.230225,0.7621952295303345,-1,-1,-1
178,3,630.14484,146.71118,152.48590000000002,114.81033000000002,0.8813846111297607,-1,-1,-1
178,4,310.3336,84.48169,130.77582,109.315445,0.8791826963424683,-1,-1,-1
179,3,623.03125,144.7067,155.26349000000005,116.46004999999997,0.8781208992004395,-1,-1,-1
179,4,313.50165,86.40768,134.00448999999998,109.56821399999998,0.8744072914123535,-1,-1,-1
180,3,616.638,145.97319,151.65472,113.86304999999999,0.8673096895217896,-1,-1,-1
180,4,315.7273,87.457115,135.71744,111.05179600000001,0.8728364109992981,-1,-1,-1
181,3,613.5935,142.763,149.98987,113.06390000000002,0.8637830018997192,-1,-1,-1
181,4,320.23703,88.51152,134.16309,111.43437000000002,0.8683333396911621,-1,-1,-1
182,3,609.4779,142.44618,149.03716999999995,112.27571,0.8667421340942383,-1,-1,-1
182,4,324.44257,88.99701,134.41495000000003,111.66093399999998,0.8594617247581482,-1,-1,-1
183,3,602.80145,140.79276,147.60657000000003,111.59559999999999,0.8817882537841797,-1,-1,-1
183,4,330.8771,87.300934,135.72085999999996,115.18967000000002,0.8667577505111694,-1,-1,-1
184,3,599.5797,137.0981,142.94452,112.36234999999999,0.8797160387039185,-1,-1,-1
184,4,333.80026,83.79157,137.14291000000003,118.16794600000001,0.8783000111579895,-1,-1,-1
185,3,595.3255,132.82903,145.98840000000007,114.146164,0.8817922472953796,-1,-1,-1
185,4,340.62823,83.90496,136.50522,121.93250000000002,0.8908724188804626,-1,-1,-1
186,3,591.3753,132.63828,146.45105,113.84890999999999,0.8620787262916565,-1,-1,-1
186,4,346.09982,82.76531,133.47551999999996,123.67933,0.8760755062103271,-1,-1,-1
187,3,585.5062,132.27953,147.8949,111.24602000000002,0.8515362739562988,-1,-1,-1
187,4,351.04413,85.2235,132.57335999999998,123.51708000000002,0.8827062249183655,-1,-1,-1
188,3,579.5418,133.2021,147.75098000000003,110.68001000000001,0.8663671612739563,-1,-1,-1
188,4,355.285,87.23209,131.61678999999998,123.99940999999998,0.8969202637672424,-1,-1,-1
189,3,576.75397,133.27814,142.09625000000005,110.32164,0.8731040954589844,-1,-1,-1
189,4,359.79782,89.469734,134.16818,125.56693,0.8664806485176086,-1,-1,-1
190,3,571.17365,131.23212,142.90410999999995,110.609085,0.8656848073005676,-1,-1,-1
190,4,363.68024,91.62209,135.67014,125.62476,0.8616111874580383,-1,-1,-1
191,3,568.6578,128.79198,140.85663,111.15428,0.8644196391105652,-1,-1,-1
191,4,363.68732,96.197464,142.21938999999998,122.95696999999998,0.8758414387702942,-1,-1,-1
192,3,563.72186,130.10352,139.82799999999997,108.75683600000002,0.8574609160423279,-1,-1,-1
192,4,370.179,102.801476,144.24228000000005,120.18310000000001,0.8743725419044495,-1,-1,-1
193,3,562.24176,127.38104,135.70794999999998,108.94893,0.8495492935180664,-1,-1,-1
193,4,374.78397,104.73194,144.14132999999998,120.33844999999998,0.8857608437538147,-1,-1,-1
194,3,557.5346,127.26791,137.01093000000003,105.38743,0.8756862282752991,-1,-1,-1
194,4,380.25888,104.99194,149.51095999999995,123.34868,0.877118706703186,-1,-1,-1
195,3,554.58813,127.94337,137.18237,103.91749,0.8646807074546814,-1,-1,-1
195,4,385.902,109.271225,151.34963999999997,121.17798999999998,0.8810557126998901,-1,-1,-1
196,3,548.59906,124.26535,137.77863000000002,105.77177400000001,0.8403350114822388,-1,-1,-1
196,4,392.07983,110.21492,150.67729999999995,122.35187000000002,0.8869497179985046,-1,-1,-1
197,3,545.2956,122.516205,136.32634999999993,106.80487000000001,0.8359299302101135,-1,-1,-1
197,4,396.52094,113.672325,152.01300000000003,120.31727999999998,0.8714348673820496,-1,-1,-1
198,3,541.53766,124.62269,132.17065000000002,103.06048000000001,0.852300226688385,-1,-1,-1
198,4,400.7504,114.0145,154.83334000000002,123.46703,0.8743516206741333,-1,-1,-1
199,3,537.4418,119.78115,131.69561999999996,107.504616,0.8545121550559998,-1,-1,-1
199,4,405.8036,117.72216,157.83666999999997,122.680565,0.8735947608947754,-1,-1,-1
200,3,541.0995,116.5468,124.24383499999999,108.10843000000001,0.7642619609832764,-1,-1,-1
200,4,411.96356,117.19218,160.08777000000003,127.00452400000002,0.885342538356781,-1,-1,-1
201,4,419.0236,119.06656,160.85421999999994,128.38158000000004,0.893353283405304,-1,-1,-1
201,6,333.14786,65.42789,111.78415000000001,87.4386,0.6200709939002991,-1,-1,-1
202,4,426.2415,120.63027,163.20601999999997,130.7572,0.8786890506744385,-1,-1,-1
203,4,431.66812,123.61441,163.79793999999998,129.26214999999996,0.8794346451759338,-1,-1,-1
204,4,436.6097,124.42977,165.98270000000002,131.23757999999998,0.883734941482544,-1,-1,-1
205,4,441.6106,123.09954,171.56029999999998,134.23462,0.8871081471443176,-1,-1,-1
206,4,449.80188,123.01474,169.84015,138.07367,0.8783158659934998,-1,-1,-1
207,4,453.49832,122.17826,175.32699999999994,140.29431000000002,0.8742696046829224,-1,-1,-1
208,4,460.65335,121.471985,176.38894999999997,145.97366,0.8876951336860657,-1,-1,-1
209,4,465.688,118.59314,180.534,152.11060000000003,0.899597704410553,-1,-1,-1
209,6,311.8187,66.11254,99.905304,80.27499,0.6181530356407166,-1,-1,-1
210,4,472.953,117.40519,183.43688999999995,159.53418,0.8856192827224731,-1,-1,-1
210,6,310.00388,65.560104,101.93198000000001,81.294815,0.6468265652656555,-1,-1,-1
211,4,483.16437,124.19425,181.81432999999998,155.24041999999997,0.8735202550888062,-1,-1,-1
211,6,307.11383,64.53311,102.65481599999998,81.80388000000002,0.6634550094604492,-1,-1,-1
212,4,488.58728,131.02614,189.37695000000002,154.91852999999998,0.8825923800468445,-1,-1,-1
213,4,499.736,139.10933,187.3931,149.58562,0.8883500695228577,-1,-1,-1
214,4,509.1934,139.98604,190.68386999999996,152.53496,0.8834611177444458,-1,-1,-1
215,4,515.52423,141.74895,194.30970000000002,155.04369,0.8867760300636292,-1,-1,-1
216,4,527.0274,144.53839,194.06421,155.36142,0.8906450271606445,-1,-1,-1
217,4,535.6671,146.87881,196.93048,157.93045,0.881080150604248,-1,-1,-1
217,7,473.56244,104.35575,125.11175499999996,96.81443000000002,0.6974886059761047,-1,-1,-1
218,4,543.075,149.96243,201.95685000000003,160.00742,0.88912433385849,-1,-1,-1
218,7,470.51453,103.675064,125.60541000000006,98.14285,0.7824976444244385,-1,-1,-1
219,4,547.99365,151.83607,206.6399,163.08827000000002,0.8976399898529053,-1,-1,-1
219,7,466.79337,102.312805,126.02761999999996,98.572586,0.8414585590362549,-1,-1,-1
220,4,558.3361,153.14597,212.00225999999998,165.40833,0.8850498795509338,-1,-1,-1
220,7,463.9929,102.89389,125.13357500000001,97.18945,0.8510476350784302,-1,-1,-1
221,4,572.4082,156.7599,209.44757000000004,167.07886999999997,0.8797096014022827,-1,-1,-1
221,7,460.80392,103.21973,124.76852400000001,96.35135,0.8476184010505676,-1,-1,-1
222,4,583.5985,161.60632,214.3659,169.41248,0.8888888955116272,-1,-1,-1
222,7,455.4737,104.29033,124.94268999999997,95.23839,0.8508502244949341,-1,-1,-1
223,4,593.10547,163.33185,218.30176000000006,170.76999000000004,0.8897289037704468,-1,-1,-1
223,7,453.75015,103.56526,121.78316999999998,95.16848999999999,0.8501859307289124,-1,-1,-1
224,4,601.827,165.42863,222.76720999999998,176.43388,0.8994044065475464,-1,-1,-1
224,7,450.5181,100.122406,122.58096,97.56531,0.8391807675361633,-1,-1,-1
225,4,612.2008,170.32791,227.79578000000004,176.29977,0.8951480388641357,-1,-1,-1
225,7,448.64166,100.85618,122.35144000000003,95.93267,0.8506489992141724,-1,-1,-1
226,4,623.27985,171.33821,232.15850999999998,179.08641,0.8839036226272583,-1,-1,-1
226,7,444.00247,100.18378,124.03714000000002,95.26196,0.8539580702781677,-1,-1,-1
227,4,635.26605,173.19254,233.81262000000004,181.89261,0.8845954537391663,-1,-1,-1
227,7,442.27,98.19209,120.50571000000002,92.78042599999999,0.8526836633682251,-1,-1,-1
228,4,646.59924,175.0739,236.33800999999994,187.82954000000004,0.8906925916671753,-1,-1,-1
228,7,439.19656,99.134796,120.05508399999997,91.56268,0.8545972108840942,-1,-1,-1
229,4,659.06433,178.465,239.69029999999998,191.03081999999998,0.8815078735351562,-1,-1,-1
229,7,435.4012,100.90873,120.78903000000003,89.88169,0.860471248626709,-1,-1,-1
230,4,668.80194,179.25647,246.73438,196.54993,0.8748922944068909,-1,-1,-1
230,7,431.0697,100.04543,121.48937999999998,89.24242399999999,0.8612337708473206,-1,-1,-1
231,4,680.8194,183.21965,255.77380000000005,201.10978999999998,0.8801693320274353,-1,-1,-1
231,7,425.9902,98.572105,121.98843400000004,89.75106,0.8541362285614014,-1,-1,-1
232,4,695.8364,189.20557,259.3814699999999,202.77246,0.8849999308586121,-1,-1,-1
232,7,422.78488,97.5567,120.56783999999999,89.91316,0.8475897312164307,-1,-1,-1
232,8,1679.9209,319.95505,240.07909999999993,234.88112999999998,0.6779224872589111,-1,-1,-1
233,4,707.61505,190.99547,262.30957,207.25763999999998,0.9052799940109253,-1,-1,-1
233,7,420.32086,96.853615,118.89312999999999,89.37472000000001,0.8427971601486206,-1,-1,-1
234,4,720.5732,194.38126,271.93506,210.70425,0.8869557976722717,-1,-1,-1
234,7,417.386,94.50084,117.13543999999996,90.05175999999999,0.848395586013794,-1,-1,-1
235,4,734.44446,199.38411,276.54290000000003,212.32262,0.8845155239105225,-1,-1,-1
235,7,414.02072,91.22917,116.27450599999997,92.12576,0.8489406108856201,-1,-1,-1
236,4,751.648,206.50435,280.28668000000005,212.28523,0.8789091110229492,-1,-1,-1
236,7,411.31848,89.41148,115.37292500000001,92.63028000000001,0.8589622974395752,-1,-1,-1
237,4,766.165,212.99596,288.8574800000001,216.94150999999997,0.8898458480834961,-1,-1,-1
237,7,409.468,90.27494,114.79037499999998,90.994514,0.8659523725509644,-1,-1,-1
237,8,1510.6091,296.86224,409.1693,267.03583,0.8500155806541443,-1,-1,-1
238,4,787.2152,212.44142,291.39087000000006,224.31538,0.8816986680030823,-1,-1,-1
238,7,407.67343,90.11953,114.12149000000005,90.054756,0.8569996356964111,-1,-1,-1
238,8,1479.5608,290.4968,424.6454000000001,263.9864799999999,0.8593696355819702,-1,-1,-1
239,4,800.19867,220.43643,294.7864400000001,224.92794999999998,0.8892120718955994,-1,-1,-1
239,7,405.437,90.41357,112.17230000000006,88.83304600000001,0.8592079877853394,-1,-1,-1
239,8,1449.962,285.7493,434.94885,263.8622,0.8766669631004333,-1,-1,-1
240,4,820.0513,226.73741,294.9240699999999,225.75783,0.9029137492179871,-1,-1,-1
240,7,403.0499,90.94044,112.96017500000005,88.88264999999998,0.8626856803894043,-1,-1,-1
240,8,1418.6532,280.2032,425.35168,257.35614000000004,0.8832566142082214,-1,-1,-1
241,4,835.09796,229.65373,309.2893700000001,232.98978999999997,0.8957495093345642,-1,-1,-1
241,7,401.07678,89.964195,112.06133999999997,89.04298999999999,0.8532548546791077,-1,-1,-1
241,8,1394.6316,276.96097,401.9517800000001,251.54085999999995,0.8925613760948181,-1,-1,-1
242,4,850.0893,233.64868,319.7454200000001,240.19324,0.9036023020744324,-1,-1,-1
242,7,400.15845,88.578606,110.61428999999998,88.57823999999998,0.8477146029472351,-1,-1,-1
242,8,1362.5839,270.73395,409.59546,250.52862999999996,0.8833857178688049,-1,-1,-1
243,4,872.41675,241.84895,324.61487,240.10167,0.8987764716148376,-1,-1,-1
243,7,395.84265,85.05377,109.672485,89.15036000000002,0.830513060092926,-1,-1,-1
243,8,1338.0941,262.78064,406.19507,250.53442,0.9029095768928528,-1,-1,-1
244,4,885.1825,247.07558,334.92773,249.98363,0.9046984314918518,-1,-1,-1
244,7,391.3314,84.703285,110.89358499999997,88.96485000000001,0.830707311630249,-1,-1,-1
244,8,1315.5867,260.2694,388.80993999999987,244.3841,0.8861202597618103,-1,-1,-1
245,4,906.78674,252.81175,338.30835,251.3167,0.9164417386054993,-1,-1,-1
245,7,386.43085,84.188354,111.67837500000002,90.09643599999998,0.8382508754730225,-1,-1,-1
245,8,1290.2635,253.8788,380.8792699999999,241.21558999999996,0.8932726979255676,-1,-1,-1
246,4,927.5547,258.77515,342.76660000000004,255.31445000000002,0.8979111909866333,-1,-1,-1
246,7,383.92712,83.47942,112.334656,89.41898,0.8399096727371216,-1,-1,-1
246,8,1258.7706,246.31082,378.5036600000001,241.16876,0.8769320845603943,-1,-1,-1
247,4,940.6296,262.67816,355.56744000000003,260.17199999999997,0.9141354560852051,-1,-1,-1
247,7,382.39035,85.38899,112.08398399999999,87.42616000000001,0.8343731164932251,-1,-1,-1
247,8,1245.054,243.00243,358.6775,232.96443,0.8816838264465332,-1,-1,-1
248,4,964.0951,269.0748,356.89501999999993,260.81643999999994,0.9143043756484985,-1,-1,-1
248,7,380.53107,80.737175,110.85721000000001,89.516655,0.8364791870117188,-1,-1,-1
249,4,984.698,276.41727,367.9545999999999,266.14720000000005,0.9126174449920654,-1,-1,-1
249,7,377.69128,79.03313,110.02148399999999,90.72130999999999,0.8369267582893372,-1,-1,-1
250,4,1002.49976,279.00763,378.46094000000005,278.83447000000007,0.9111510515213013,-1,-1,-1
250,7,374.9839,79.329666,109.60955999999999,89.67418,0.8352150321006775,-1,-1,-1
251,4,1025.7582,282.83865,387.5375999999999,287.08774,0.9076667428016663,-1,-1,-1
251,7,373.73477,78.34768,107.71578999999997,89.71375,0.8361353278160095,-1,-1,-1
252,4,1049.7407,275.74057,391.41052000000013,302.31308000000007,0.9149398803710938,-1,-1,-1
252,7,371.25284,77.07026,106.19412,89.42300999999999,0.8345217704772949,-1,-1,-1
253,4,1066.313,282.1231,413.50208,309.69043,0.9171621203422546,-1,-1,-1
253,7,370.45743,78.28456,105.81371999999999,88.19893000000002,0.8197420239448547,-1,-1,-1
254,4,1083.4377,294.033,423.94910000000004,313.1427299999999,0.903161883354187,-1,-1,-1
254,7,367.74847,76.327736,106.61041,89.43343,0.8324851989746094,-1,-1,-1
255,4,1119.1527,310.73962,424.59607000000005,310.09534,0.9119998812675476,-1,-1,-1
255,7,366.09955,73.49826,106.20697000000001,90.51738000000002,0.8013421297073364,-1,-1,-1
256,4,1148.5929,319.59003,426.65344000000005,313.36150000000004,0.9086642861366272,-1,-1,-1
256,7,364.59976,73.83746,103.93671,89.83948000000001,0.7200611233711243,-1,-1,-1
257,4,1164.5288,323.88107,445.5345500000001,319.85843,0.9182106256484985,-1,-1,-1
257,7,366.82266,74.60883,101.06801999999999,87.637276,0.6133265495300293,-1,-1,-1
257,9,1035.4336,202.25775,281.5101299999999,203.84780999999998,0.7975130677223206,-1,-1,-1
258,4,1190.1158,328.81253,455.38354000000004,324.69144,0.9044346809387207,-1,-1,-1
258,7,365.86685,73.890945,101.67947400000003,88.99986,0.6135414242744446,-1,-1,-1
258,9,1026.0735,196.03282,289.0311300000001,203.63478,0.824828565120697,-1,-1,-1
259,4,1212.0938,339.03558,465.3755000000001,331.346,0.9077733159065247,-1,-1,-1
259,9,1009.623,195.65402,287.1840199999999,202.61471999999998,0.8674716353416443,-1,-1,-1
260,4,1237.8384,349.04477,477.1399000000001,335.9047,0.8960786461830139,-1,-1,-1
260,9,999.43396,192.21223,284.82445999999993,200.60392999999996,0.886415958404541,-1,-1,-1
261,4,1268.7146,357.82275,478.54882999999995,342.1891,0.9045639038085938,-1,-1,-1
261,9,979.7831,187.22296,289.2009300000001,197.81534,0.8841190934181213,-1,-1,-1
262,4,1295.0674,363.54282,477.67883000000006,356.35990000000004,0.889383852481842,-1,-1,-1
262,9,970.74066,184.51285,290.45647999999994,196.20355000000004,0.8781668543815613,-1,-1,-1
263,4,1318.3851,370.13498,476.7572,363.07022,0.9119391441345215,-1,-1,-1
263,9,961.5999,180.25748,277.00030000000004,194.46338000000003,0.8802279829978943,-1,-1,-1
264,4,1343.1626,375.2247,489.8762200000001,375.20894999999996,0.8685852885246277,-1,-1,-1
264,7,341.22498,72.49019,110.39346,87.40572999999999,0.7038535475730896,-1,-1,-1
264,9,941.9806,174.94179,285.4723,191.98441999999997,0.8826785683631897,-1,-1,-1
265,4,1375.963,385.93948,495.9928,374.90524000000005,0.8448779582977295,-1,-1,-1
265,7,340.30536,74.440605,108.22024500000003,85.52116000000001,0.6754865646362305,-1,-1,-1
265,9,931.5212,176.80154,292.63067999999987,187.83666999999997,0.8753887414932251,-1,-1,-1
266,4,1391.0217,393.72083,522.0847000000001,387.29320000000007,0.8039708733558655,-1,-1,-1
266,7,337.89587,73.98074,107.15332000000001,85.2516,0.6492182016372681,-1,-1,-1
266,9,918.943,174.95152,273.99254999999994,185.92702,0.8752009868621826,-1,-1,-1
267,4,1428.4181,394.3231,490.56104000000005,394.47049999999996,0.8286150693893433,-1,-1,-1
267,7,335.81952,70.31936,107.52685500000001,87.34141999999999,0.6238043308258057,-1,-1,-1
267,9,913.34686,176.47366,253.07598999999993,179.67447000000004,0.866670548915863,-1,-1,-1
268,4,1452.564,400.32056,467.43604000000005,411.52825999999993,0.771060585975647,-1,-1,-1
268,7,334.56177,68.28561,103.30797999999999,89.87910999999998,0.6640544533729553,-1,-1,-1
268,9,903.2791,176.59305,231.74676999999997,179.00208000000003,0.8576163649559021,-1,-1,-1
269,4,1487.3464,414.36523,432.38744999999994,413.54607999999996,0.7476913332939148,-1,-1,-1
269,7,333.342,70.42824,103.78838999999999,86.14695999999999,0.6509831547737122,-1,-1,-1
269,9,888.4749,172.10056,234.75213999999994,181.15613,0.8511032462120056,-1,-1,-1
270,4,1515.6735,418.48666,403.40247,430.54227,0.6770925521850586,-1,-1,-1
270,9,874.06494,167.77788,247.37133999999992,180.37181,0.8715006709098816,-1,-1,-1
271,9,861.1384,166.816,240.55798000000004,178.79239999999996,0.870186984539032,-1,-1,-1
272,9,851.4634,167.65085,235.69909999999993,173.3988,0.8695223331451416,-1,-1,-1
273,9,839.66565,164.22122,232.52307000000008,173.32053,0.8885523676872253,-1,-1,-1
274,9,824.3396,160.88916,236.4171100000001,174.01874000000004,0.8707744479179382,-1,-1,-1
275,9,821.8844,161.3431,231.74486999999988,172.17653,0.8955737352371216,-1,-1,-1
276,9,812.5188,159.7934,227.9544699999999,170.44016000000002,0.8925590515136719,-1,-1,-1
277,9,800.5513,155.60953,228.40637000000004,171.69891,0.8899876475334167,-1,-1,-1
278,9,792.5483,154.45029,217.1513,171.50005999999996,0.8988597989082336,-1,-1,-1
279,9,769.25397,153.08206,225.68018000000006,167.75191999999998,0.8757964372634888,-1,-1,-1
280,9,763.6087,152.64311,221.83856000000003,164.50508,0.8755552172660828,-1,-1,-1
281,9,754.17786,153.33025,226.67309999999998,162.77626,0.8696090579032898,-1,-1,-1
282,9,748.0508,150.00543,219.21282999999994,162.21414,0.8797644972801208,-1,-1,-1
283,9,743.17834,150.577,215.42188,158.94034,0.8711826205253601,-1,-1,-1
284,9,731.4274,150.09592,215.79071,158.73508,0.8691351413726807,-1,-1,-1
285,9,721.20087,147.46887,216.76726999999994,157.77408,0.878200113773346,-1,-1,-1
286,9,706.85425,144.55489,217.4765,157.44407999999999,0.8782879114151001,-1,-1,-1
287,9,693.7003,141.42871,221.15436,158.12540000000004,0.8618770837783813,-1,-1,-1
288,9,686.2884,140.67429,223.75305000000003,156.51077,0.8649874925613403,-1,-1,-1
289,9,678.21185,137.50555,217.76318000000003,157.23285,0.8791311383247375,-1,-1,-1
290,9,675.1511,139.73897,212.62665000000004,154.32225,0.8904041647911072,-1,-1,-1
291,9,659.54663,136.00555,223.55138999999997,155.45046999999997,0.8846883773803711,-1,-1,-1
292,9,645.21704,137.25629,228.85883,153.84426999999997,0.892036497592926,-1,-1,-1
293,9,630.55853,132.18237,233.35120000000006,157.68246,0.8789904117584229,-1,-1,-1
294,9,613.6798,129.03178,241.92590000000007,158.61592,0.8967885971069336,-1,-1,-1
295,9,601.9955,126.55705,243.5235,160.0677,0.8904872536659241,-1,-1,-1
296,9,587.2792,119.49203,248.29560000000004,166.53897,0.885668933391571,-1,-1,-1
297,9,575.77625,122.56561,245.86188000000004,158.84647,0.8786582350730896,-1,-1,-1
298,9,562.7884,116.37622,243.67467999999997,164.70325000000003,0.8683067560195923,-1,-1,-1
299,9,547.8799,120.81095,243.46758999999997,157.01697000000001,0.9071735143661499,-1,-1,-1
300,9,531.59033,122.50713,243.5321,156.04210999999998,0.8673797249794006,-1,-1,-1
301,9,505.71027,124.42433,258.89899999999994,150.51640000000003,0.8977159261703491,-1,-1,-1
302,9,488.70435,126.58736,268.72362999999996,148.93547,0.8622420430183411,-1,-1,-1
303,9,466.45023,127.098015,272.16397,147.35930999999997,0.8739445805549622,-1,-1,-1
304,9,444.47168,125.22854,281.02923999999996,147.91165,0.8546210527420044,-1,-1,-1
305,9,424.27777,124.71164,276.43433,149.53546,0.8543288707733154,-1,-1,-1
306,9,405.52304,125.227455,275.9763,147.40445,0.8694496154785156,-1,-1,-1
307,9,380.0001,125.39039,287.26755,145.01559999999998,0.8513338565826416,-1,-1,-1
308,9,364.40686,124.03664,280.48949999999996,147.43434,0.8480968475341797,-1,-1,-1
309,9,339.46796,124.16618,282.9826,147.09978,0.8635081648826599,-1,-1,-1
310,9,312.23114,124.12997,290.68449999999996,144.94284,0.8623878359794617,-1,-1,-1
311,9,294.65857,126.23055,286.80475000000007,144.24548,0.8685892224311829,-1,-1,-1
312,9,267.8488,125.99547,288.72713999999996,142.66636999999997,0.8681896328926086,-1,-1,-1
313,9,237.60336,128.09677,299.36038,140.25687,0.8680188655853271,-1,-1,-1
314,9,213.94415,129.2725,292.43863,141.90044000000003,0.875034749507904,-1,-1,-1
315,9,191.71982,129.15572,291.71442,140.58665,0.8439921140670776,-1,-1,-1
316,9,158.39563,132.72055,300.8361,136.11026000000004,0.8462671041488647,-1,-1,-1
317,9,136.29832,134.72202,292.6911,135.02051,0.7959710359573364,-1,-1,-1
318,9,113.16839,139.01921,285.11258,129.58672,0.8076508045196533,-1,-1,-1
319,9,76.757576,142.2593,289.72028,125.91147999999998,0.7721684575080872,-1,-1,-1
320,9,34.5647,146.69528,313.16028,121.90417499999998,0.79750657081604,-1,-1,-1
320,10,252.05814,71.770386,96.54980500000002,87.60126,0.6594482064247131,-1,-1,-1
321,9,8.073176,145.45004,297.81638,123.18545499999999,0.7391976118087769,-1,-1,-1
321,10,252.97174,72.4834,97.50079,88.64076000000001,0.7529680132865906,-1,-1,-1
322,9,0.7410621,144.15257,282.07242,127.27327,0.7635897994041443,-1,-1,-1
322,10,254.22876,70.23798,96.10315,89.03805,0.7202528119087219,-1,-1,-1
323,9,0.0,144.3461,264.85037,130.64007999999998,0.7972070574760437,-1,-1,-1
323,10,254.77322,73.80995,97.89171999999999,88.14393600000001,0.7382334470748901,-1,-1,-1
324,10,256.94193,76.92562,97.15280000000001,85.78042,0.6745399832725525,-1,-1,-1
325,10,257.07114,79.51355,99.971924,84.510666,0.7352805733680725,-1,-1,-1
326,10,260.77963,82.19793,99.17876999999999,83.0431,0.7785720825195312,-1,-1,-1
327,10,261.9936,83.74136,100.24523999999997,81.882324,0.7829476594924927,-1,-1,-1
328,10,263.24347,84.05281,100.63745,82.2892,0.8119995594024658,-1,-1,-1
329,10,264.1836,84.635284,101.18945000000002,82.84944,0.8212957382202148,-1,-1,-1
330,10,265.92725,83.91789,102.04571500000003,84.38184999999999,0.8168817758560181,-1,-1,-1
331,10,268.04086,85.099,101.6098,84.1693,0.8319071531295776,-1,-1,-1
332,10,272.23438,86.33453,99.37441999999999,83.77893,0.8478471040725708,-1,-1,-1
333,10,274.1815,86.200134,100.58679000000001,84.938156,0.8574441075325012,-1,-1,-1
334,10,274.80228,85.63542,101.60086000000001,85.98343000000001,0.8559556007385254,-1,-1,-1
335,10,277.7867,86.256836,101.82907,87.33967600000001,0.8690348863601685,-1,-1,-1
336,10,280.10522,87.4354,101.80453499999999,87.01838,0.869750440120697,-1,-1,-1
337,10,282.4975,88.13701,102.7525,87.21984999999998,0.866673469543457,-1,-1,-1
338,10,284.43967,89.64497,105.77877999999998,87.60358,0.8732173442840576,-1,-1,-1
339,10,285.4487,89.95664,108.64163000000002,89.14627999999999,0.872640073299408,-1,-1,-1
340,10,287.2441,90.67458,110.49514999999997,89.53713,0.8742631077766418,-1,-1,-1
341,10,288.44394,91.14585,114.49011000000002,90.28309000000002,0.873593270778656,-1,-1,-1
342,10,292.54788,90.84278,111.40915000000001,90.20676400000002,0.8669273257255554,-1,-1,-1
343,10,294.90845,90.88962,111.11858999999998,91.50931999999999,0.8705023527145386,-1,-1,-1
344,10,297.9539,93.7776,111.09911999999997,91.28583,0.8708282709121704,-1,-1,-1
345,10,301.97552,95.295685,107.87360000000001,90.81138600000001,0.8682701587677002,-1,-1,-1
346,10,304.0555,96.93768,106.90124500000002,91.398346,0.8710795044898987,-1,-1,-1
347,10,305.43845,95.92074,106.79739000000001,93.428505,0.8681259155273438,-1,-1,-1
348,10,308.1715,96.81467,108.17172,94.23505,0.8747835159301758,-1,-1,-1
349,10,310.13138,96.643364,111.11043999999998,95.14326000000001,0.8663978576660156,-1,-1,-1
350,10,312.35364,97.16213,113.43188500000002,95.594215,0.861826479434967,-1,-1,-1
351,10,314.3031,98.293785,114.77530000000002,95.593956,0.8600124716758728,-1,-1,-1
352,10,316.73117,99.13164,116.04156499999999,95.53535499999998,0.8568986058235168,-1,-1,-1
353,10,323.99036,100.10327,118.34860000000003,95.725296,0.8298197388648987,-1,-1,-1
354,10,325.91632,100.99478,118.58303999999998,96.61812000000002,0.8276680111885071,-1,-1,-1
355,10,328.52087,103.72206,117.88272,94.63852,0.8315414190292358,-1,-1,-1
356,10,333.39832,105.66487,118.24306999999999,96.54367,0.8200172185897827,-1,-1,-1
357,10,338.5088,108.92423,117.84357,94.973015,0.8268990516662598,-1,-1,-1
358,10,341.84818,110.15234,119.92937999999998,96.44812,0.8326524496078491,-1,-1,-1
359,10,343.78787,110.292725,118.18770999999998,98.97922999999999,0.8534250259399414,-1,-1,-1
360,10,346.83047,112.82029,117.78680400000002,96.452965,0.8574699759483337,-1,-1,-1
361,10,350.2989,113.50033,121.10741999999999,97.05234500000002,0.8580042719841003,-1,-1,-1
362,10,356.66043,114.09386,118.00882000000001,97.21643,0.8457357883453369,-1,-1,-1
363,10,360.36765,114.63168,117.57263,96.88074999999999,0.8478041887283325,-1,-1,-1
364,10,363.4517,114.58462,117.33080999999999,97.95698999999999,0.8583924770355225,-1,-1,-1
