63,0,1617.0913,726.8727,302.90869999999995,340.75867000000005,0.6965013146400452,-1,-1,-1
65,0,1598.086,703.8695,321.91394000000014,320.6681000000001,0.7653416395187378,-1,-1,-1
66,0,1585.9967,700.1629,334.0033000000001,312.79285000000004,0.844932496547699,-1,-1,-1
67,0,1565.3063,685.5133,352.97533999999996,310.15887,0.846430778503418,-1,-1,-1
68,0,1561.2169,682.9115,357.99340000000007,300.43206999999995,0.8778945207595825,-1,-1,-1
69,0,1544.6804,677.6702,371.71143000000006,288.4403,0.8829509615898132,-1,-1,-1
70,0,1531.5769,664.44354,371.38184,291.2207599999999,0.8785941004753113,-1,-1,-1
71,0,1515.4517,657.5047,366.40417,285.85577,0.8911754488945007,-1,-1,-1
72,0,1497.4529,648.33777,366.34644000000003,281.9856,0.8981767296791077,-1,-1,-1
73,0,1485.977,639.30457,359.6375700000001,276.33770000000004,0.9018239974975586,-1,-1,-1
74,0,1470.3322,627.653,358.9053999999999,272.77448000000004,0.8824968338012695,-1,-1,-1
75,0,1467.4476,620.29504,346.1271999999999,270.38428,0.8982165455818176,-1,-1,-1
76,0,1447.0574,612.23114,341.50695999999994,262.49987999999996,0.9001520872116089,-1,-1,-1
77,0,1438.7201,605.7434,333.11096,259.0049399999999,0.9086422324180603,-1,-1,-1
78,0,1430.2983,598.805,326.9402,254.74541999999997,0.9098857641220093,-1,-1,-1
79,0,1417.1141,592.8432,325.8803700000001,249.53790000000004,0.8859055638313293,-1,-1,-1
80,0,1406.58,586.2789,321.12645999999995,247.00995,0.91559237241745,-1,-1,-1
81,0,1396.8525,579.84906,312.47704999999996,238.27222000000006,0.8890435695648193,-1,-1,-1
82,0,1387.0272,569.3856,304.36255000000006,242.41607999999997,0.9119016528129578,-1,-1,-1
83,0,1379.631,561.18414,298.97497999999996,239.47675000000004,0.8999980092048645,-1,-1,-1
84,0,1364.2483,553.6449,300.80518000000006,235.87030000000004,0.8951679468154907,-1,-1,-1
85,0,1356.7863,546.819,290.2665999999999,230.20776,0.8864872455596924,-1,-1,-1
86,0,1351.4348,539.932,283.2498800000001,222.76904000000002,0.8890268206596375,-1,-1,-1
87,0,1342.9011,535.3442,276.39038000000005,217.21362,0.8847975134849548,-1,-1,-1
88,0,1332.4102,529.19305,275.40344000000005,215.88171,0.8865755200386047,-1,-1,-1
89,0,1327.8387,522.2463,263.55078000000003,212.92169,0.8857078552246094,-1,-1,-1
90,0,1321.6211,513.1979,257.9828,211.35064999999997,0.8831934928894043,-1,-1,-1
91,0,1313.0066,506.75214,256.66028000000006,210.59918,0.8886278867721558,-1,-1,-1
92,0,1302.4486,498.3527,253.27368,209.74008000000003,0.9015923142433167,-1,-1,-1
93,0,1296.668,493.22647,250.64391999999998,206.13669,0.9040336608886719,-1,-1,-1
94,0,1292.9625,483.9102,244.76013000000012,205.53586,0.8960800766944885,-1,-1,-1
95,0,1284.9558,478.72433,239.34582999999998,201.80417,0.8931317925453186,-1,-1,-1
96,0,1279.3391,471.48175,234.18590999999992,198.55298,0.8903759717941284,-1,-1,-1
97,0,1270.6344,462.6043,233.9826700000001,198.32611000000003,0.8897363543510437,-1,-1,-1
98,0,1265.5634,453.79837,229.11670000000004,194.97426999999993,0.8941078782081604,-1,-1,-1
99,0,1260.8712,447.6697,221.93396000000007,192.21683000000002,0.8922209739685059,-1,-1,-1
100,0,1252.4908,438.91248,222.5750700000001,191.26752000000005,0.9038828015327454,-1,-1,-1
101,0,1247.3925,432.00534,218.47497999999996,187.25876,0.9051605463027954,-1,-1,-1
102,0,1243.5996,425.00256,214.21143000000006,182.76897999999994,0.8900164365768433,-1,-1,-1
103,0,1237.7355,419.0928,213.81774999999993,180.62277000000006,0.8988198041915894,-1,-1,-1
103,1,1481.6893,661.8616,438.2480499999999,418.13842999999997,0.6535066366195679,-1,-1,-1
104,0,1228.7003,410.65625,213.47766000000001,179.79534999999998,0.8928427696228027,-1,-1,-1
104,1,1475.0676,652.77094,444.93237,427.22906,0.6337981820106506,-1,-1,-1
105,0,1221.0643,403.81512,210.91235000000006,178.53503,0.88914555311203,-1,-1,-1
106,0,1209.2095,397.9288,212.3267800000001,173.94193000000007,0.8975417017936707,-1,-1,-1
106,1,1434.4076,630.35175,484.7474400000001,441.24396,0.7271642684936523,-1,-1,-1
106,2,1236.3259,55.953136,151.82702999999992,91.79317,0.609906017780304,-1,-1,-1
107,0,1200.8278,392.00897,208.17724999999996,172.83960000000002,0.8854766488075256,-1,-1,-1
107,1,1424.2965,623.73114,495.7035000000001,427.3043799999999,0.8067812919616699,-1,-1,-1
107,2,1225.417,52.23172,153.04845999999998,95.43657000000002,0.7103010416030884,-1,-1,-1
108,0,1190.2124,383.04044,209.09949000000006,169.94130999999993,0.891221284866333,-1,-1,-1
108,1,1417.0319,612.6334,485.1599000000001,411.0547,0.8043498992919922,-1,-1,-1
108,2,1215.2081,51.158504,159.06749999999988,95.44475,0.6729180216789246,-1,-1,-1
109,0,1179.4067,377.6232,209.88074000000006,168.17838000000006,0.8837196230888367,-1,-1,-1
109,1,1393.7708,608.9908,486.98082999999997,397.90704000000005,0.8088209629058838,-1,-1,-1
109,2,1203.966,50.31629,164.40905999999995,95.20732999999998,0.6105219125747681,-1,-1,-1
110,0,1167.2977,368.50168,206.76379999999995,167.94296000000003,0.8734170198440552,-1,-1,-1
110,1,1380.609,602.50726,476.04395,384.0411399999999,0.8918519020080566,-1,-1,-1
111,0,1154.9867,362.76486,210.28197999999998,165.91219999999998,0.8806548118591309,-1,-1,-1
111,1,1369.416,592.11725,453.9480000000001,375.9818700000001,0.8842901587486267,-1,-1,-1
112,0,1143.7378,356.32745,205.91076999999996,163.22852,0.8864383101463318,-1,-1,-1
112,1,1358.4862,584.882,449.35535000000004,365.4751600000001,0.8743658065795898,-1,-1,-1
112,2,1167.515,51.556488,147.56140000000005,94.71053999999998,0.6244089007377625,-1,-1,-1
113,0,1131.6968,349.8477,202.7412099999999,159.15893999999997,0.8766003847122192,-1,-1,-1
113,1,1351.0171,572.57935,432.81458,365.9605,0.8812211155891418,-1,-1,-1
114,0,1121.9994,342.96887,198.0709199999999,158.39062,0.879150390625,-1,-1,-1
114,1,1342.637,567.8417,420.52466000000004,353.64380000000006,0.891745388507843,-1,-1,-1
115,0,1111.1658,337.3734,199.0582300000001,156.23129999999998,0.8863828182220459,-1,-1,-1
115,1,1337.6897,561.5714,412.08276,346.92682,0.8931651711463928,-1,-1,-1
116,0,1100.7148,330.95395,198.48082999999997,153.91296,0.8822296857833862,-1,-1,-1
116,1,1323.4474,553.6202,409.23302999999987,336.06121999999993,0.9070910215377808,-1,-1,-1
117,0,1090.4236,324.38367,193.88733000000002,153.89992999999998,0.8628413081169128,-1,-1,-1
117,1,1313.5574,544.94147,403.1995999999999,336.68988,0.8991047739982605,-1,-1,-1
118,0,1080.2599,319.54535,193.65381000000002,150.6135,0.8781812787055969,-1,-1,-1
118,1,1312.7499,539.8758,390.57214,328.45917,0.8979769349098206,-1,-1,-1
119,0,1070.245,313.77118,187.65563999999995,150.49939,0.8800333142280579,-1,-1,-1
119,1,1305.8667,537.42676,375.9658199999999,320.12440000000004,0.9026579856872559,-1,-1,-1
120,0,1063.9672,309.99313,184.69666000000007,148.50677000000002,0.857925534248352,-1,-1,-1
120,1,1300.1831,528.64374,364.5525,308.7701400000001,0.8928666710853577,-1,-1,-1
121,0,1050.7502,300.14163,187.89587000000006,150.26022,0.873781681060791,-1,-1,-1
121,1,1297.5271,520.2813,352.81592,305.8637,0.9213192462921143,-1,-1,-1
122,0,1043.5895,297.22177,178.8146999999999,146.27013999999997,0.8624086976051331,-1,-1,-1
122,1,1292.3455,514.1161,347.19983,304.17364999999995,0.918016791343689,-1,-1,-1
123,0,1032.4884,292.03326,182.27550999999994,146.04819000000003,0.8779526948928833,-1,-1,-1
123,1,1283.7645,507.25864,340.7656199999999,297.4785999999999,0.8978109955787659,-1,-1,-1
124,0,1023.29675,287.2717,178.39417000000003,143.55444,0.8696912527084351,-1,-1,-1
124,1,1280.3489,500.43842,337.11267,293.35278,0.9051693677902222,-1,-1,-1
125,0,1019.7989,282.61874,169.56206999999995,142.73883,0.8826020359992981,-1,-1,-1
125,1,1274.5675,494.29285,323.32506999999987,289.1043,0.9082496166229248,-1,-1,-1
126,0,1008.619,275.6049,175.56909000000007,143.58844,0.8579903841018677,-1,-1,-1
126,1,1265.8077,484.71768,319.72191999999995,283.65779999999995,0.9122485518455505,-1,-1,-1
127,0,1004.5337,271.22125,169.78320000000008,140.67136,0.8666197657585144,-1,-1,-1
127,1,1263.4974,479.23392,315.7146,280.85605,0.9232338666915894,-1,-1,-1
128,0,996.1676,267.21036,169.35448999999994,139.8381,0.8583908081054688,-1,-1,-1
128,1,1260.5831,473.65652,310.2401,276.65652,0.9288511276245117,-1,-1,-1
129,0,987.8203,261.5911,169.81103999999993,139.05304,0.864893913269043,-1,-1,-1
129,1,1259.1761,467.33105,301.17236,275.45624,0.9144191741943359,-1,-1,-1
130,0,981.5653,256.87698,167.04529000000002,137.81020999999998,0.8651642203330994,-1,-1,-1
130,1,1253.6141,462.18497,293.3046999999999,266.68679999999995,0.9030455946922302,-1,-1,-1
131,0,980.61523,253.4195,161.92700000000002,135.79312000000002,0.8798108696937561,-1,-1,-1
131,1,1249.0599,454.38718,293.91992000000005,263.3268,0.9143364429473877,-1,-1,-1
132,0,977.54224,248.78967,159.2525599999999,134.89890000000003,0.8806766271591187,-1,-1,-1
132,1,1244.8871,448.79422,287.97632,262.32767,0.9073381423950195,-1,-1,-1
133,0,973.74634,243.38692,159.23499000000004,134.37526,0.8716834187507629,-1,-1,-1
133,1,1239.9581,440.4975,284.21399999999994,260.6753499999999,0.9096336364746094,-1,-1,-1
134,0,972.5241,240.88792,155.40729,131.0749,0.8760027885437012,-1,-1,-1
134,1,1237.4556,434.3107,276.99268000000006,258.3104000000001,0.910330057144165,-1,-1,-1
135,0,971.14307,239.01161,152.67566,129.09889,0.8848968744277954,-1,-1,-1
135,1,1232.9603,426.41638,277.55140000000006,254.61810000000003,0.9112764596939087,-1,-1,-1
136,0,970.618,234.25357,152.22844999999995,129.72324,0.8593093752861023,-1,-1,-1
136,1,1230.7047,421.092,270.66443000000004,249.05844000000002,0.9079800844192505,-1,-1,-1
137,0,970.03986,230.81047,149.17743000000007,127.06687999999997,0.9035418629646301,-1,-1,-1
137,1,1228.0989,415.08194,265.6399999999999,246.79800000000006,0.9088733196258545,-1,-1,-1
138,0,968.71155,227.9367,146.2158199999999,126.13083000000003,0.8774499893188477,-1,-1,-1
138,1,1224.3065,407.25943,259.5674999999999,242.21579000000003,0.9083743095397949,-1,-1,-1
139,0,967.60284,225.39,146.0788,124.55977000000001,0.8729011416435242,-1,-1,-1
139,1,1220.6683,398.35504,256.2313200000001,238.70617999999996,0.9045034050941467,-1,-1,-1
140,0,967.7017,221.60666,146.29986999999994,123.96306999999999,0.874613344669342,-1,-1,-1
140,1,1218.1694,391.8069,251.87146000000007,236.73132000000004,0.9117707014083862,-1,-1,-1
141,0,967.13934,217.91295,144.91534000000001,124.06028999999998,0.879365086555481,-1,-1,-1
141,1,1213.6918,387.0661,246.96093999999994,234.09064,0.9161772727966309,-1,-1,-1
142,0,967.2818,213.55357,142.8828699999999,123.25514000000001,0.8750021457672119,-1,-1,-1
142,1,1209.4514,376.6437,243.29395,230.44162,0.9096305966377258,-1,-1,-1
143,0,969.453,209.9217,139.24304000000006,121.66386399999999,0.8856890201568604,-1,-1,-1
143,1,1204.8458,371.68622,246.40112,224.41082999999998,0.9034163355827332,-1,-1,-1
144,0,968.04694,207.54987,137.7393199999999,120.273346,0.9026291370391846,-1,-1,-1
144,1,1200.5948,363.7545,242.37853999999993,226.15053999999998,0.9030299186706543,-1,-1,-1
145,0,966.9234,203.64972,138.31536999999992,120.70276000000001,0.8777283430099487,-1,-1,-1
145,1,1198.3115,357.85254,237.5097699999999,222.08722,0.9065932035446167,-1,-1,-1
146,0,966.1939,199.71556,137.38336000000004,120.69762,0.8817005753517151,-1,-1,-1
146,1,1193.8318,350.8662,232.6506300000001,218.82671999999997,0.9001695513725281,-1,-1,-1
147,0,966.0104,197.44365,136.51977999999997,118.41331500000001,0.8784058690071106,-1,-1,-1
147,1,1186.7655,345.5086,233.50622999999996,213.16425000000004,0.9037865400314331,-1,-1,-1
148,0,967.1849,195.33646,135.47417999999993,118.05014,0.8767209649085999,-1,-1,-1
148,1,1184.8274,338.93518,228.02258000000006,209.49291999999997,0.897721529006958,-1,-1,-1
149,0,967.8389,191.675,133.99651999999992,119.0641,0.8834147453308105,-1,-1,-1
149,1,1182.6725,333.1367,226.54968000000008,206.35630000000003,0.8995094299316406,-1,-1,-1
150,0,969.6622,189.15573,132.11200000000008,116.81497000000002,0.8898099660873413,-1,-1,-1
150,1,1178.7313,324.70828,220.07763999999997,204.94473,0.9054555892944336,-1,-1,-1
151,0,972.06683,185.74962,132.50970000000007,115.85951,0.893401563167572,-1,-1,-1
151,1,1173.2483,317.03467,225.78856999999994,204.59082,0.9065583348274231,-1,-1,-1
152,0,973.436,182.86989,131.1289700000001,114.69175999999999,0.8916722536087036,-1,-1,-1
152,1,1171.5468,311.28958,220.51709000000005,202.00558,0.9107012748718262,-1,-1,-1
153,0,974.5083,180.19283,133.2082499999999,114.18415999999999,0.8841874599456787,-1,-1,-1
153,1,1170.0996,306.70312,216.22606999999994,198.10815000000002,0.9133089780807495,-1,-1,-1
153,3,1352.3469,27.610611,141.4281000000001,111.40059,0.6556000709533691,-1,-1,-1
154,0,977.9921,178.85667,134.71160999999995,112.55092000000002,0.9030553698539734,-1,-1,-1
154,1,1165.1865,300.84055,215.16771999999992,193.98386,0.9064509272575378,-1,-1,-1
154,3,1333.4586,30.876534,142.48718000000008,108.22324,0.6584441065788269,-1,-1,-1
155,0,979.1237,176.2099,135.50677000000007,113.32677999999999,0.8990428447723389,-1,-1,-1
155,1,1163.2666,294.72134,207.83019999999988,190.41599000000002,0.8964553475379944,-1,-1,-1
155,3,1325.6884,24.610228,148.33826,115.76392999999999,0.6100039482116699,-1,-1,-1
156,0,982.707,171.33252,135.00275,115.13751000000002,0.8760938048362732,-1,-1,-1
156,1,1159.0543,290.55014,207.09142999999995,188.67770000000002,0.9149336218833923,-1,-1,-1
157,0,986.76514,168.60931,135.53747999999996,116.06900000000002,0.8788861632347107,-1,-1,-1
157,1,1155.3712,284.1399,206.34997999999996,188.10379,0.9045161008834839,-1,-1,-1
157,3,1298.9888,12.143582,170.55860000000007,126.69955400000002,0.6258940100669861,-1,-1,-1
158,0,989.6948,165.70529,133.93200000000002,115.67721599999999,0.8813367486000061,-1,-1,-1
158,1,1151.4653,280.67233,207.11645999999996,181.21136,0.9051617383956909,-1,-1,-1
158,3,1277.4576,9.2098465,190.58618,135.56506,0.7381932139396667,-1,-1,-1
159,0,990.9031,164.26843,136.75330000000008,114.13867000000002,0.8859052062034607,-1,-1,-1
159,1,1149.7753,271.42844,199.84557999999993,184.31339000000003,0.9024732708930969,-1,-1,-1
159,3,1273.8217,8.605112,209.1449,138.0821,0.7702842354774475,-1,-1,-1
160,0,995.7973,161.99715,136.29180999999994,114.00951,0.8908326029777527,-1,-1,-1
160,1,1145.4615,268.29538,200.26306,179.37554999999998,0.8913074731826782,-1,-1,-1
160,3,1271.3339,4.4644113,218.61925999999994,143.07344,0.7897914052009583,-1,-1,-1
161,0,1000.5999,160.21452,134.48822000000007,111.88603,0.8710632920265198,-1,-1,-1
161,1,1142.8271,262.48517,196.91283999999996,178.26065,0.898481011390686,-1,-1,-1
161,3,1277.9321,9.065622,210.31079,138.72151,0.8277904987335205,-1,-1,-1
162,0,1003.5729,159.19234,137.60424999999998,110.46165500000001,0.872664749622345,-1,-1,-1
162,1,1140.2195,256.9389,192.4303,175.32077000000004,0.9077416658401489,-1,-1,-1
162,3,1276.3666,8.624567,204.73363999999992,141.10175,0.8291800618171692,-1,-1,-1
163,0,1005.63165,157.98402,136.90020000000004,109.51182599999999,0.8672817945480347,-1,-1,-1
163,1,1136.8177,252.18256,192.69885,175.32040000000003,0.9013870358467102,-1,-1,-1
163,3,1262.9437,8.766059,208.68139999999994,141.60164,0.8386756181716919,-1,-1,-1
164,0,1013.99445,155.05934,137.26617,108.88487,0.8684171438217163,-1,-1,-1
164,1,1132.0214,247.92358,193.99840999999992,173.08242999999996,0.898435115814209,-1,-1,-1
164,3,1249.733,10.007929,216.76720999999998,142.92856,0.8523138165473938,-1,-1,-1
165,0,1022.1895,151.79231,136.12176999999997,110.77446000000003,0.8751624226570129,-1,-1,-1
165,1,1128.4977,241.41333,193.55457,173.2648,0.9137392640113831,-1,-1,-1
165,3,1242.9149,11.60973,216.42468000000008,141.99786,0.869487464427948,-1,-1,-1
166,0,1025.9456,148.49397,140.74010999999996,111.53080999999997,0.8645697236061096,-1,-1,-1
166,1,1129.059,239.65495,185.10950000000003,168.3611,0.8833755850791931,-1,-1,-1
166,3,1237.7208,13.020672,223.48290999999995,141.6463,0.8229403495788574,-1,-1,-1
167,0,1032.2346,148.65324,140.61804000000006,107.81114,0.8508245944976807,-1,-1,-1
167,1,1125.1785,234.09901,184.74927000000002,165.37279000000004,0.8948895931243896,-1,-1,-1
167,3,1235.2312,12.317161,218.0503000000001,143.61734,0.8336595892906189,-1,-1,-1
168,0,1040.2599,144.48053,138.76964999999996,108.72885,0.8335703015327454,-1,-1,-1
168,1,1121.503,228.4343,183.1983600000001,165.09674,0.9044561982154846,-1,-1,-1
168,3,1231.6664,13.6107435,221.15479000000005,142.1253,0.8314964175224304,-1,-1,-1
169,0,1051.69,142.32315,134.86597000000006,110.65019000000001,0.8582471609115601,-1,-1,-1
169,1,1120.1311,223.14171,181.26672000000008,165.50797999999998,0.9009189009666443,-1,-1,-1
169,3,1225.3771,14.651555,219.26513999999997,142.8552,0.8466626405715942,-1,-1,-1
170,0,1056.9874,140.19926,136.37695000000008,110.74573000000001,0.8499603271484375,-1,-1,-1
170,1,1118.0099,220.05507,178.46642999999995,163.03593,0.8974285125732422,-1,-1,-1
170,3,1221.5338,9.276766,230.17090000000007,144.84302,0.7756104469299316,-1,-1,-1
171,0,1062.6295,137.801,139.29492000000005,109.49254000000002,0.8333929181098938,-1,-1,-1
171,1,1115.0399,216.73691,178.60241999999994,160.71541999999997,0.8895490765571594,-1,-1,-1
171,3,1216.6893,20.403399,231.11389000000008,137.04436,0.7546533942222595,-1,-1,-1
172,0,1071.1022,137.12155,135.98962000000006,108.94154,0.8316159248352051,-1,-1,-1
172,1,1114.2542,214.13228,175.6818800000001,156.96330000000003,0.8936368823051453,-1,-1,-1
172,3,1211.9802,4.4638677,242.34520999999995,137.9952,0.7523900866508484,-1,-1,-1
173,0,1080.2887,136.37056,133.9269999999999,106.153076,0.8203943967819214,-1,-1,-1
173,1,1111.66,210.49022,177.14990000000012,155.94344000000004,0.8845865726470947,-1,-1,-1
173,3,1206.5171,10.1059475,236.57909999999993,120.295296,0.6461606025695801,-1,-1,-1
174,0,1088.3367,133.4632,131.61303999999996,107.05609000000001,0.8095757961273193,-1,-1,-1
174,1,1109.4596,207.5172,174.53747999999996,153.05939999999998,0.8935971260070801,-1,-1,-1
174,3,1196.8867,17.269133,193.24854000000005,141.48268,0.7690253257751465,-1,-1,-1
175,0,1095.3694,130.92401,132.12220000000002,106.15854000000002,0.7869117856025696,-1,-1,-1
175,1,1110.1508,201.8085,171.10681,154.00604,0.8962482213973999,-1,-1,-1
175,3,1192.1608,14.499835,198.4894999999999,144.22775,0.7931076288223267,-1,-1,-1
176,0,1104.1302,131.28575,132.8411900000001,101.85081500000001,0.7198923826217651,-1,-1,-1
176,1,1108.3022,198.6651,168.19604000000004,152.02567,0.8754872679710388,-1,-1,-1
176,3,1185.6282,24.011992,192.23327999999992,135.89746,0.785263180732727,-1,-1,-1
177,0,1113.8612,126.74225,131.36829000000012,99.31343,0.7099622488021851,-1,-1,-1
177,1,1107.0994,193.55809,169.3551,152.22139000000004,0.8591086864471436,-1,-1,-1
177,3,1174.5552,15.374893,205.81457999999998,142.82643000000002,0.801825225353241,-1,-1,-1
178,0,1122.945,127.34638,132.66174,95.22476999999999,0.7054013013839722,-1,-1,-1
178,1,1103.6115,193.19266,172.24890000000005,147.8172,0.8568478226661682,-1,-1,-1
178,3,1166.6398,14.606751,196.47118999999998,148.72275,0.8085969686508179,-1,-1,-1
179,0,1135.689,125.79428,128.78783999999996,93.41545,0.679343044757843,-1,-1,-1
179,1,1104.776,189.21716,168.71179000000006,146.80963,0.8793237805366516,-1,-1,-1
179,3,1164.1101,15.707845,192.72241000000008,149.95534,0.8447834253311157,-1,-1,-1
180,0,1144.9515,122.97611,129.15161000000012,96.00007,0.7172573208808899,-1,-1,-1
180,1,1103.5787,186.09802,167.4502,145.0744,0.8670592904090881,-1,-1,-1
180,3,1151.4528,12.974438,200.0877700000001,149.42389,0.8198392391204834,-1,-1,-1
181,0,1153.3921,119.92737,125.16735999999992,96.73512,0.7756544351577759,-1,-1,-1
181,1,1104.42,182.39333,164.03539999999998,144.27067999999997,0.8558152914047241,-1,-1,-1
181,3,1141.4293,17.335222,207.15039000000002,143.80989,0.8226323127746582,-1,-1,-1
182,0,1154.3085,119.247055,135.70910000000003,96.83743,0.7669892311096191,-1,-1,-1
182,1,1104.4049,180.79779,162.17907999999989,141.16806,0.8537358641624451,-1,-1,-1
182,3,1136.5571,20.904634,206.49047999999993,136.10744,0.7901985049247742,-1,-1,-1
183,0,1166.1989,119.993324,125.51928999999996,93.80263499999998,0.7848866581916809,-1,-1,-1
183,1,1102.2576,176.20714,156.7627,140.42722999999998,0.8705785870552063,-1,-1,-1
183,3,1127.8776,25.173697,214.13610999999992,138.85582,0.6253116130828857,-1,-1,-1
184,0,1164.9749,122.17282,132.7921100000001,91.29272500000002,0.7705774903297424,-1,-1,-1
184,1,1101.8308,173.11928,156.27135999999996,139.42290000000003,0.8679146766662598,-1,-1,-1
184,3,1116.1792,24.947132,215.87878,146.52618,0.6198056936264038,-1,-1,-1
185,0,1181.9103,120.7296,128.9400599999999,89.25772,0.7996569275856018,-1,-1,-1
185,1,1103.2251,168.0537,149.77001999999993,138.46953000000002,0.8817508220672607,-1,-1,-1
186,0,1195.7064,117.97642,124.95714999999996,90.50111,0.8073415160179138,-1,-1,-1
186,1,1103.2806,162.10452,154.52222000000006,140.17236,0.8855472207069397,-1,-1,-1
186,3,1095.9999,26.018026,200.2720999999999,156.97313,0.7208160161972046,-1,-1,-1
186,5,1559.9902,712.79913,360.0097699999999,366.1334800000001,0.6341637372970581,-1,-1,-1
187,0,1203.6323,116.775764,128.81690000000003,91.21257999999999,0.8264092206954956,-1,-1,-1
187,1,1104.9341,161.21817,154.73253999999997,139.08405,0.8846696019172668,-1,-1,-1
187,3,1085.9923,26.09117,209.02441,159.41179,0.7581708431243896,-1,-1,-1
187,5,1555.0757,705.35565,364.83727999999996,371.36480000000006,0.7038648724555969,-1,-1,-1
188,0,1207.5469,112.80033,134.19066999999995,95.60247000000001,0.8334149122238159,-1,-1,-1
188,1,1108.2959,158.57413,153.16039999999998,139.02786,0.8805792331695557,-1,-1,-1
188,3,1079.1714,27.393549,204.86754999999994,158.38684,0.76384037733078,-1,-1,-1
188,5,1544.9983,692.5349,373.84691999999995,379.21265000000005,0.7549619078636169,-1,-1,-1
189,0,1211.0967,109.00799,137.73217999999997,95.58546000000001,0.7882519364356995,-1,-1,-1
189,1,1108.6124,156.68866,152.69116000000008,136.94595,0.8874104022979736,-1,-1,-1
189,3,1061.3824,27.946486,217.09851000000003,161.33191,0.8207283616065979,-1,-1,-1
189,5,1538.971,682.2245,379.2140999999999,378.70532000000003,0.7583680748939514,-1,-1,-1
190,0,1217.3096,107.79058,137.82580000000007,95.02923999999999,0.7338171005249023,-1,-1,-1
190,1,1113.8265,153.82594,152.11132999999995,135.99953,0.8865630626678467,-1,-1,-1
190,3,1049.5906,28.772749,222.17542000000003,162.19211,0.8356310725212097,-1,-1,-1
190,5,1536.1385,671.27515,380.05140000000006,385.18261999999993,0.6322618126869202,-1,-1,-1
191,0,1229.6982,109.27411,130.15967,93.57387000000001,0.7846325039863586,-1,-1,-1
191,1,1115.0532,148.23242,157.69775000000004,138.50531,0.8845152258872986,-1,-1,-1
191,3,1037.0598,29.108646,224.90991000000008,164.23532,0.8349714279174805,-1,-1,-1
191,5,1529.2102,665.6252,387.37339999999995,375.26520000000005,0.8218926787376404,-1,-1,-1
192,0,1237.2594,111.57084,120.82116999999994,88.36642,0.7488195300102234,-1,-1,-1
192,1,1119.018,142.81717,158.66967999999997,140.59169999999997,0.883089542388916,-1,-1,-1
192,3,1024.8008,28.039497,226.27135999999996,167.49454,0.850657045841217,-1,-1,-1
192,5,1524.9188,657.86566,392.17664000000013,366.5818499999999,0.8463119864463806,-1,-1,-1
193,0,1245.4205,106.602486,126.6080300000001,92.433235,0.8044456243515015,-1,-1,-1
193,1,1123.0793,144.48454,159.10717999999997,134.35945,0.88571697473526,-1,-1,-1
193,3,1013.8421,27.045063,230.39972,170.56805,0.8515146374702454,-1,-1,-1
193,5,1515.0525,653.38525,403.69787999999994,350.97803,0.8947741389274597,-1,-1,-1
194,0,1249.1088,105.16123,134.67273,90.45965,0.8284175395965576,-1,-1,-1
194,1,1130.3318,142.74112,158.05395999999996,133.25316999999998,0.8972187638282776,-1,-1,-1
194,3,997.12494,27.146957,239.51471000000004,172.18156,0.8606205582618713,-1,-1,-1
194,5,1504.1283,644.2262,414.02430000000004,336.58685,0.8952552676200867,-1,-1,-1
195,0,1253.9153,101.43043,139.79834000000005,92.97660000000002,0.8081957697868347,-1,-1,-1
195,1,1135.496,141.23906,159.37267999999995,132.66286000000002,0.8902149796485901,-1,-1,-1
195,3,989.37714,28.254059,240.98577999999998,175.02196,0.8844572305679321,-1,-1,-1
195,5,1497.8295,638.069,407.3457000000001,327.21489999999994,0.8867334127426147,-1,-1,-1
196,0,1261.7344,101.729645,134.9455599999999,90.14407,0.8018541932106018,-1,-1,-1
196,1,1144.4418,139.5853,155.55725000000007,131.11914,0.8772910833358765,-1,-1,-1
196,3,978.2377,28.73072,243.22730000000013,174.74792,0.8758076429367065,-1,-1,-1
196,5,1488.2235,624.1302,408.34850000000006,333.2406,0.8877975344657898,-1,-1,-1
197,0,1268.4468,100.48618,133.39599999999996,90.83573,0.7884861826896667,-1,-1,-1
197,1,1149.5634,137.96835,159.60521999999992,129.8429,0.898531973361969,-1,-1,-1
197,3,959.9379,31.094896,248.74579000000006,174.70705,0.8854385614395142,-1,-1,-1
197,5,1478.0123,616.84406,402.65941999999995,328.69683999999995,0.9021974205970764,-1,-1,-1
198,0,1274.2172,101.30604,133.35753999999997,88.82603,0.757600724697113,-1,-1,-1
198,1,1159.3262,135.40634,152.74633999999992,129.41048999999998,0.876966118812561,-1,-1,-1
198,3,953.4215,37.46907,242.9189500000001,168.30847,0.874977707862854,-1,-1,-1
198,5,1473.428,612.1291,385.8641399999999,322.1631,0.9099099636077881,-1,-1,-1
199,0,1286.5703,96.60064,133.7402300000001,90.03597000000002,0.7032999992370605,-1,-1,-1
199,1,1164.8755,134.40787,158.70117000000005,126.59195,0.8854528665542603,-1,-1,-1
199,3,937.3054,36.916763,246.65857000000005,170.54938,0.882310152053833,-1,-1,-1
199,5,1462.38,599.78345,380.99207,318.94701999999995,0.9045484662055969,-1,-1,-1
200,1,1173.8534,133.60376,155.5915500000001,125.85525500000003,0.8649922013282776,-1,-1,-1
200,3,926.63184,37.01685,244.59276999999997,171.63197,0.8939301371574402,-1,-1,-1
200,5,1457.7098,594.36816,371.81348,310.9936,0.8940656185150146,-1,-1,-1
201,1,1180.4564,127.51767,162.14758000000006,128.15413999999998,0.8786913752555847,-1,-1,-1
201,3,909.9165,38.5348,249.4294400000001,173.6387,0.884853720664978,-1,-1,-1
201,5,1448.44,582.599,370.4987799999999,309.85857999999996,0.8963570594787598,-1,-1,-1
202,0,1320.9209,94.92056,124.94116000000008,85.57615999999999,0.6317964792251587,-1,-1,-1
202,1,1189.5469,128.10796,164.44335999999998,125.14870000000002,0.8781183958053589,-1,-1,-1
202,3,904.04,40.411167,247.95721000000003,173.04585,0.8837175965309143,-1,-1,-1
202,5,1438.1416,575.47986,364.8978299999999,301.66784999999993,0.8917641043663025,-1,-1,-1
203,0,1335.9457,94.3452,116.53747599999997,88.31539999999998,0.7086289525032043,-1,-1,-1
203,1,1201.1924,123.80913,160.7542699999999,125.617905,0.8760827779769897,-1,-1,-1
203,3,893.30084,43.82552,247.11908000000005,170.98161,0.8886263370513916,-1,-1,-1
203,5,1429.1553,565.8104,357.85069999999996,299.06323,0.9174106121063232,-1,-1,-1
204,1,1211.785,118.0991,156.13452000000007,126.55778,0.8712636232376099,-1,-1,-1
204,3,883.75586,44.61499,244.21375000000012,172.01753,0.8979280591011047,-1,-1,-1
204,5,1421.7905,559.0198,354.10303,292.4004,0.9057827591896057,-1,-1,-1
205,1,1217.3003,113.55854,163.8551,128.38889,0.8737298846244812,-1,-1,-1
205,3,872.0993,41.951862,242.88982999999996,176.03004,0.8985174894332886,-1,-1,-1
205,5,1414.1932,554.15436,350.0294200000001,288.83295,0.9005017876625061,-1,-1,-1
205,6,0.03653526,753.2939,258.8626,326.3697000000001,0.6693776249885559,-1,-1,-1
206,1,1230.5288,118.74121,155.83301000000006,120.17818,0.892530083656311,-1,-1,-1
206,3,861.6992,43.764137,246.01819,177.13559,0.8973063230514526,-1,-1,-1
206,5,1407.9159,545.8273,338.68910000000005,287.21167,0.9053380489349365,-1,-1,-1
206,6,0.022115706,752.144,252.72842,327.27790000000005,0.7092993259429932,-1,-1,-1
207,1,1237.8995,113.59503,158.76025000000004,123.36644,0.8820244073867798,-1,-1,-1
207,3,846.5096,45.369167,246.14751999999987,176.35413,0.8889020681381226,-1,-1,-1
207,5,1400.4188,540.3606,330.01757999999995,278.41454999999996,0.9017508029937744,-1,-1,-1
207,6,0.0,755.35223,243.77019,324.26495,0.6899440884590149,-1,-1,-1
208,1,1244.3627,110.98925,159.93713000000002,122.5823,0.8303168416023254,-1,-1,-1
208,3,831.1625,46.000267,252.72363000000007,178.22086,0.9047518968582153,-1,-1,-1
208,5,1387.6659,534.8484,331.8154300000001,274.8578,0.9102643728256226,-1,-1,-1
208,6,0.02318859,762.6567,238.95975,317.34331999999995,0.74532550573349,-1,-1,-1
209,1,1254.9224,109.45934,157.48718000000008,121.41599,0.8117557764053345,-1,-1,-1
209,3,819.1765,46.94294,251.12609999999995,179.39725,0.8878409266471863,-1,-1,-1
209,5,1380.5032,529.36487,324.55493,270.1428199999999,0.9215832948684692,-1,-1,-1
209,6,0.0038337705,764.94525,233.42644,315.05475,0.7648521065711975,-1,-1,-1
210,1,1262.1212,99.37233,165.44397000000004,127.94406000000001,0.8128708004951477,-1,-1,-1
210,3,806.76447,48.44768,251.4699099999999,179.4185,0.8801131844520569,-1,-1,-1
210,5,1374.1726,523.21674,320.4116200000001,263.36425999999994,0.9124108552932739,-1,-1,-1
210,6,0.0,768.5556,220.25096,311.4444,0.8027967810630798,-1,-1,-1
211,1,1275.7843,98.114426,157.26062000000002,125.62451,0.8513994216918945,-1,-1,-1
211,3,791.03436,46.770462,252.87786999999992,183.82928,0.8780943155288696,-1,-1,-1
211,5,1366.1675,513.354,314.1172999999999,264.50749999999994,0.8956974744796753,-1,-1,-1
211,6,0.0,771.2824,218.06537,308.71759999999995,0.6039917469024658,-1,-1,-1
212,1,1291.8298,101.04049,149.71886999999992,120.69050999999999,0.8580377101898193,-1,-1,-1
212,3,779.2513,47.973328,256.4757699999999,186.10767,0.881526529788971,-1,-1,-1
212,5,1358.0947,507.015,308.33593999999994,257.43549999999993,0.9065313935279846,-1,-1,-1
212,6,0.67266935,782.73785,204.09926,297.26215,0.7818085551261902,-1,-1,-1
213,1,1297.5166,98.87626,155.12743999999998,120.40455,0.8500798940658569,-1,-1,-1
213,3,773.00977,47.76605,253.25452000000007,188.3544,0.8863704204559326,-1,-1,-1
213,5,1350.7974,503.90656,301.5661600000001,250.64368000000002,0.9170556664466858,-1,-1,-1
213,6,0.8370637,785.5183,190.68198,294.48170000000005,0.7375790476799011,-1,-1,-1
214,1,1310.1385,99.70352,151.98755000000006,117.36064000000002,0.8439123034477234,-1,-1,-1
214,3,764.5317,50.692432,250.98950000000002,187.28484,0.8791295289993286,-1,-1,-1
214,5,1340.3235,495.8926,300.77087000000006,251.38522,0.9101285934448242,-1,-1,-1
215,1,1317.5975,100.98032,148.0718999999999,112.07598000000002,0.8102388978004456,-1,-1,-1
215,3,753.6599,49.700077,248.97668,189.49591,0.8943917751312256,-1,-1,-1
215,5,1332.9388,489.95013,298.0504000000001,247.84814,0.9125878810882568,-1,-1,-1
215,6,0.0,792.1982,166.14983,287.8018199999999,0.7004285454750061,-1,-1,-1
216,1,1333.0168,98.744545,141.59862999999996,113.90932499999998,0.7665297389030457,-1,-1,-1
216,3,741.7007,50.70539,253.98859000000004,191.73178,0.8729473948478699,-1,-1,-1
216,5,1324.6361,481.17322,296.2669699999999,244.00518999999997,0.9048187136650085,-1,-1,-1
217,1,1347.3962,94.96872,147.62012000000004,115.07866,0.6866869330406189,-1,-1,-1
217,3,731.1309,50.016716,255.51611000000003,195.03616,0.8669293522834778,-1,-1,-1
217,5,1323.6195,477.1035,280.41589999999997,239.60836999999998,0.9036391973495483,-1,-1,-1
217,6,0.0,831.315,146.98561,247.8165899999999,0.6080251336097717,-1,-1,-1
218,1,1355.5916,93.625725,151.73595999999998,113.48729999999999,0.6650800704956055,-1,-1,-1
218,3,721.8801,53.86499,253.09979999999996,195.15396,0.8718916177749634,-1,-1,-1
218,5,1311.0732,470.75793,283.71483999999987,236.11517000000003,0.9028056263923645,-1,-1,-1
219,3,715.94476,54.042175,240.53668000000005,195.23871000000003,0.8831650614738464,-1,-1,-1
219,5,1306.7509,464.57468,274.25745000000006,233.11551000000003,0.9027349948883057,-1,-1,-1
220,3,706.11035,53.934193,245.80413999999996,199.18883,0.8923225402832031,-1,-1,-1
220,5,1297.0,458.634,273.36365,230.93575999999996,0.9121707081794739,-1,-1,-1
221,3,695.889,55.110817,249.08678999999995,199.44019,0.8821321129798889,-1,-1,-1
221,5,1296.7412,450.55832,261.1880000000001,226.41354,0.9140738844871521,-1,-1,-1
222,3,689.1707,62.749275,244.61974999999995,193.50266,0.8869922161102295,-1,-1,-1
222,5,1288.2169,445.74,259.0502999999999,221.28296,0.9016870260238647,-1,-1,-1
223,3,686.1053,61.87828,241.12334999999996,198.35472000000001,0.8780785202980042,-1,-1,-1
223,5,1281.9005,435.4098,252.6385499999999,219.40600000000006,0.8976898193359375,-1,-1,-1
224,3,682.3145,64.126076,236.04314999999997,199.4393,0.8739172220230103,-1,-1,-1
224,5,1277.5348,430.99008,249.72606999999994,215.31693,0.9008917212486267,-1,-1,-1
225,3,671.2107,68.35733,231.32445999999993,197.80307,0.8743603825569153,-1,-1,-1
225,5,1270.663,422.31247,245.06945999999994,216.86440999999996,0.8949770927429199,-1,-1,-1
226,3,663.1212,70.26734,228.08758999999998,200.81393000000003,0.8832283616065979,-1,-1,-1
226,5,1263.6711,417.52576,244.83862,212.62298999999996,0.8929052352905273,-1,-1,-1
227,3,657.9115,74.1366,224.01233000000002,197.77884,0.8916771411895752,-1,-1,-1
227,5,1260.4739,412.96014,239.66356999999994,206.03424000000007,0.8929742574691772,-1,-1,-1
227,7,1341.7891,63.073822,125.22985999999992,89.54194999999999,0.629787027835846,-1,-1,-1
228,3,652.8053,75.868805,221.01093000000003,199.46017,0.8928176164627075,-1,-1,-1
228,5,1253.5786,407.59668,236.37999999999988,201.54278999999997,0.9062233567237854,-1,-1,-1
229,3,645.2649,79.56834,222.83063000000004,197.63098,0.8869101405143738,-1,-1,-1
229,5,1247.0637,400.05127,231.4874299999999,199.22528000000005,0.899204432964325,-1,-1,-1
229,7,1311.3331,68.40518,128.85168,82.91493,0.650586724281311,-1,-1,-1
230,3,638.72955,85.24228,219.89093000000003,193.75912,0.879977285861969,-1,-1,-1
230,5,1240.5831,391.26294,232.47948999999994,199.26128999999997,0.8982434272766113,-1,-1,-1
231,3,633.58167,87.9563,220.5987,192.44018999999997,0.8774160146713257,-1,-1,-1
231,5,1238.2228,385.06522,230.57592999999997,197.04744999999997,0.9037846326828003,-1,-1,-1
232,3,631.38226,88.0652,215.85712,197.30539999999996,0.8845131993293762,-1,-1,-1
232,5,1235.4938,379.20328,221.2165500000001,195.68869,0.9008156657218933,-1,-1,-1
232,8,1246.2991,71.784164,136.94823999999994,75.618774,0.600536048412323,-1,-1,-1
233,3,626.25073,88.75296,211.81781,200.95026,0.8808533549308777,-1,-1,-1
233,5,1232.5842,373.45685,219.42345999999998,192.72607,0.9146748185157776,-1,-1,-1
234,3,621.7442,89.97212,212.67809999999997,203.91728,0.8831102848052979,-1,-1,-1
234,5,1230.1549,369.18204,212.09058000000005,187.78389999999996,0.9166907668113708,-1,-1,-1
234,8,1229.482,66.510414,135.15014999999994,79.99244000000002,0.6534029841423035,-1,-1,-1
235,3,613.63196,90.91844,217.15289999999993,206.12578,0.8777625560760498,-1,-1,-1
235,5,1224.521,363.13733,211.67029000000002,183.72479999999996,0.8906010985374451,-1,-1,-1
235,8,1207.5538,69.640816,134.3209199999999,76.34887,0.6711905002593994,-1,-1,-1
236,3,606.471,91.36132,219.31708000000003,212.4426,0.9041568636894226,-1,-1,-1
236,5,1218.2496,357.28247,207.29736000000003,179.70392000000004,0.8897232413291931,-1,-1,-1
237,3,604.427,93.55086,207.87,213.002,0.9013777375221252,-1,-1,-1
237,5,1214.6959,348.86035,207.95154000000002,180.57891999999998,0.9031617641448975,-1,-1,-1
237,8,1164.4454,71.071266,126.32129000000009,77.99783999999998,0.6005871891975403,-1,-1,-1
238,3,600.69244,98.39043,210.31354,211.51872000000003,0.8981585502624512,-1,-1,-1
238,5,1213.5952,342.04916,203.71082,178.85672000000005,0.9021880030632019,-1,-1,-1
239,3,597.39954,101.692795,211.54607999999996,209.23228,0.8956455588340759,-1,-1,-1
239,5,1209.5735,337.4181,202.64257999999995,176.40240000000006,0.9010009169578552,-1,-1,-1
240,3,595.7,102.519196,212.64160000000004,213.72922000000003,0.9002310633659363,-1,-1,-1
240,5,1205.3176,330.77435,201.17712000000006,175.12518,0.8920706510543823,-1,-1,-1
241,3,591.70825,105.64693,211.94824000000006,213.08500000000004,0.8971461653709412,-1,-1,-1
241,5,1201.1539,324.97052,200.53441999999995,174.6789,0.8944249749183655,-1,-1,-1
242,3,590.954,107.95154,207.45641999999998,214.8208,0.8942288756370544,-1,-1,-1
242,5,1197.436,318.07816,199.00279999999998,173.76227,0.9048175811767578,-1,-1,-1
243,3,587.034,110.54577,210.15558,217.43298,0.8911336064338684,-1,-1,-1
243,5,1194.006,312.54218,195.64355,172.19211,0.9005638360977173,-1,-1,-1
244,3,584.8214,111.99835,204.55194000000006,218.69457999999997,0.8918354511260986,-1,-1,-1
244,5,1190.5417,307.57968,195.86376999999993,169.21555,0.910121500492096,-1,-1,-1
245,3,581.2048,111.88402,204.76544,221.48188999999996,0.9030091166496277,-1,-1,-1
245,5,1190.3748,302.60092,188.3061499999999,167.73834,0.897612988948822,-1,-1,-1
246,3,578.8815,112.32834,205.13054999999997,223.00680000000003,0.9021376371383667,-1,-1,-1
246,5,1186.5259,298.1818,188.46216000000004,164.1307,0.8991514444351196,-1,-1,-1
247,3,574.0111,114.07327,207.59350000000006,225.75473,0.903692901134491,-1,-1,-1
247,5,1184.1395,294.01718,185.79944,161.73209000000003,0.8953393697738647,-1,-1,-1
248,3,569.86865,117.21049,208.83429,226.79562000000004,0.9054436683654785,-1,-1,-1
248,5,1180.9469,289.34244,183.77147999999988,160.39053,0.8867666125297546,-1,-1,-1
249,3,566.00476,121.06549,210.81195000000002,228.21152,0.9090405702590942,-1,-1,-1
249,5,1177.628,284.8539,182.89330999999993,159.07022,0.8880872130393982,-1,-1,-1
250,3,562.8141,122.88971,211.31653000000006,230.69125000000003,0.9086659550666809,-1,-1,-1
250,5,1174.5515,280.2162,182.10888999999997,158.11649,0.8873453736305237,-1,-1,-1
251,3,555.0517,127.12131,212.37829999999997,232.72354,0.8919675946235657,-1,-1,-1
251,5,1171.0233,273.3504,180.45361000000003,157.35678000000001,0.9022135138511658,-1,-1,-1
252,3,552.91486,129.88179,215.17200000000003,234.15886000000003,0.8930962085723877,-1,-1,-1
252,5,1167.049,267.76218,177.7230199999999,158.42919999999998,0.924120306968689,-1,-1,-1
253,3,549.11346,131.81627,214.06792999999993,237.46986,0.9071389436721802,-1,-1,-1
253,5,1164.4462,264.03275,175.82323999999994,155.16965,0.8969908356666565,-1,-1,-1
254,3,544.7857,132.82877,220.10033999999996,239.04446,0.898238480091095,-1,-1,-1
254,5,1161.1307,260.07675,175.6794400000001,154.625,0.8961637616157532,-1,-1,-1
255,3,536.5765,134.54878,225.69507,240.08043,0.8975478410720825,-1,-1,-1
255,5,1157.8853,252.76398,175.98461999999995,155.36115,0.8968487977981567,-1,-1,-1
255,9,1037.2343,763.90546,448.84546,316.09454000000005,0.8294135928153992,-1,-1,-1
256,3,534.1897,136.6068,227.72162000000003,242.70708,0.900904655456543,-1,-1,-1
256,5,1155.4199,249.69376,175.7707499999999,153.35135000000002,0.8944411277770996,-1,-1,-1
256,9,1045.1033,749.65906,437.05846999999994,327.47314000000006,0.6352264881134033,-1,-1,-1
257,3,531.8608,136.86365,227.56048999999996,246.96487000000002,0.8962270617485046,-1,-1,-1
257,5,1152.1376,244.32092,171.23059000000012,151.48108000000002,0.9038344025611877,-1,-1,-1
257,9,1049.5896,739.40674,429.9393299999999,314.56420000000014,0.800510823726654,-1,-1,-1
258,3,528.5647,138.69994,231.78882,249.04960000000003,0.8939148783683777,-1,-1,-1
258,5,1150.2009,240.35995,169.70398,150.27008000000004,0.9040868878364563,-1,-1,-1
258,9,1056.3231,734.83765,419.4679000000001,303.10107000000005,0.8645389080047607,-1,-1,-1
259,3,525.76434,139.10089,231.36194,254.89374000000004,0.8924143314361572,-1,-1,-1
259,5,1147.55,238.13933,166.67334000000005,148.16689,0.8998432755470276,-1,-1,-1
259,9,1061.1124,725.9982,411.2445,300.5889299999999,0.8954545259475708,-1,-1,-1
260,3,520.6402,139.91429,234.00469999999996,259.69446,0.8989754915237427,-1,-1,-1
260,5,1144.3337,234.53177,167.06311000000005,147.1698,0.8912407755851746,-1,-1,-1
260,9,1064.2401,705.2747,399.56017999999995,306.73804000000007,0.8689942955970764,-1,-1,-1
261,3,519.7787,144.42213,233.48992999999996,260.02459999999996,0.9001075625419617,-1,-1,-1
261,5,1141.4827,230.81708,165.28332999999998,145.69427,0.8897005319595337,-1,-1,-1
261,9,1067.5918,697.30585,393.05188,295.88104,0.8831527829170227,-1,-1,-1
262,3,516.618,147.87196,239.90753000000007,261.91248,0.9037296175956726,-1,-1,-1
262,5,1138.0098,228.2091,163.80089999999996,142.50125,0.8910908699035645,-1,-1,-1
262,9,1067.0897,685.87805,390.93335,296.47722999999996,0.9191185832023621,-1,-1,-1
263,3,514.569,150.04176,240.50695999999994,263.71808,0.9014511704444885,-1,-1,-1
263,5,1133.7377,223.94733,166.71900000000005,140.51611,0.8998433351516724,-1,-1,-1
263,9,1068.9714,681.401,384.2102,288.7414,0.9203375577926636,-1,-1,-1
264,3,506.88507,148.12819,250.79253999999997,269.9667999999999,0.9030605554580688,-1,-1,-1
264,5,1133.673,219.30077,160.90784000000008,140.14550000000003,0.8904074430465698,-1,-1,-1
264,9,1064.7417,673.10675,378.2830799999999,285.18950000000007,0.9139869809150696,-1,-1,-1
264,10,1361.2007,53.991478,121.984375,87.66495499999999,0.6593542695045471,-1,-1,-1
265,3,504.56723,149.9329,253.73172,274.55279999999993,0.9039424061775208,-1,-1,-1
265,5,1130.9142,213.76822,160.93102999999996,141.50722999999996,0.8873090147972107,-1,-1,-1
265,9,1064.5804,662.43616,372.2830799999999,279.32257000000004,0.9076414108276367,-1,-1,-1
265,10,1359.813,55.90941,119.48498500000005,87.634094,0.7016945481300354,-1,-1,-1
266,3,499.65793,153.9819,258.73031999999995,275.51523,0.9012710452079773,-1,-1,-1
266,5,1127.9738,210.33559,158.29784999999993,141.35254999999998,0.8822253346443176,-1,-1,-1
266,9,1064.1617,653.90875,366.0642,277.28436,0.9139849543571472,-1,-1,-1
266,10,1353.2405,55.575268,123.68713000000002,87.55853000000002,0.7204013466835022,-1,-1,-1
267,3,495.83978,158.31493,260.25916000000007,276.40125,0.9063785672187805,-1,-1,-1
267,5,1123.4965,207.21782,160.52490000000012,140.39786999999998,0.8732768893241882,-1,-1,-1
267,9,1062.0945,642.9652,359.31836,273.7422,0.9199512600898743,-1,-1,-1
267,10,1346.0388,55.78468,122.00952000000007,91.22918999999999,0.7283992171287537,-1,-1,-1
268,3,490.6805,160.78094,265.37613000000005,278.8909,0.915155291557312,-1,-1,-1
268,5,1120.6785,204.09018,159.26000999999997,137.72702,0.8792380690574646,-1,-1,-1
268,9,1058.4241,634.4418,357.59595000000013,268.97619999999995,0.9092010259628296,-1,-1,-1
268,10,1338.8289,55.776768,123.85485999999992,92.04333499999998,0.7275784611701965,-1,-1,-1
269,3,485.32397,164.68616,264.67596,279.35022000000004,0.9056183695793152,-1,-1,-1
269,5,1118.2598,200.508,158.67211999999995,138.37949,0.8958921432495117,-1,-1,-1
269,9,1057.0881,623.8596,350.3716999999999,267.30584999999996,0.90086430311203,-1,-1,-1
269,10,1334.715,57.102695,119.45409999999993,91.23569000000002,0.7173423171043396,-1,-1,-1
270,3,481.4815,170.53403,267.95403999999996,278.78696,0.9123404026031494,-1,-1,-1
270,5,1115.1765,195.24367,157.39905,137.75989999999996,0.9071946740150452,-1,-1,-1
270,9,1055.6943,618.1489,343.44604000000004,258.84906,0.900976836681366,-1,-1,-1
270,10,1322.5118,60.035286,116.78100599999993,90.14503999999998,0.6519180536270142,-1,-1,-1
271,3,474.76706,171.81403,263.17666999999994,285.50348,0.8934816718101501,-1,-1,-1
271,5,1115.3873,192.95688,151.27855999999997,136.32434,0.8817503452301025,-1,-1,-1
271,9,1052.9741,610.4341,338.8600000000001,255.78301999999996,0.909998893737793,-1,-1,-1
271,10,1311.6917,61.5115,119.86658000000011,92.63147,0.6210196614265442,-1,-1,-1
272,3,470.2209,173.2958,264.98473999999993,286.4544000000001,0.8936033844947815,-1,-1,-1
272,5,1114.5499,189.05104,149.45056,135.49547,0.8763300180435181,-1,-1,-1
272,9,1051.9277,601.73706,333.2601299999999,252.995,0.9029542803764343,-1,-1,-1
272,10,1298.0667,62.45006,126.20495600000004,94.11062999999999,0.7446469068527222,-1,-1,-1
273,3,471.8026,175.38309,264.71033,290.57543999999996,0.8926515579223633,-1,-1,-1
273,5,1112.9258,184.5595,148.6591800000001,136.82530000000003,0.8961798548698425,-1,-1,-1
273,9,1049.1926,597.2812,328.1451400000001,244.47028,0.9073255062103271,-1,-1,-1
273,10,1290.5359,62.846844,124.7158199999999,95.16188,0.69846510887146,-1,-1,-1
274,3,462.37253,173.31042,274.0489799999999,297.31967,0.8929350972175598,-1,-1,-1
274,5,1111.1313,182.98692,148.10437000000002,134.15055999999998,0.8983666300773621,-1,-1,-1
274,9,1048.0105,584.2365,318.3270299999999,245.2572,0.9180790781974792,-1,-1,-1
274,10,1282.8009,65.164856,119.74450999999999,92.21359,0.689188539981842,-1,-1,-1
275,3,465.1187,180.6262,271.06566999999995,296.6086399999999,0.8915684819221497,-1,-1,-1
275,5,1110.0896,181.48676,144.96605999999997,131.77057000000002,0.9020698070526123,-1,-1,-1
275,9,1048.722,577.32715,307.75134,238.39715999999999,0.9176572561264038,-1,-1,-1
275,10,1270.2213,65.13371,121.45483399999989,93.9507,0.67591792345047,-1,-1,-1
276,3,464.28778,184.50948,269.59033,299.3081,0.9018939733505249,-1,-1,-1
276,5,1109.7816,177.67976,145.03186000000005,130.52516000000003,0.9040324091911316,-1,-1,-1
276,9,1041.7927,572.2541,306.8604700000001,237.53082000000006,0.9145681858062744,-1,-1,-1
276,10,1259.6816,66.77461,127.01891999999998,91.69289,0.6593175530433655,-1,-1,-1
277,3,457.02676,187.60344,275.16605,301.65857000000005,0.9129036664962769,-1,-1,-1
277,5,1110.1735,175.49036,143.72900000000004,128.86688000000004,0.8952500224113464,-1,-1,-1
277,9,1037.2631,566.5996,303.34033,233.36310000000003,0.9122273325920105,-1,-1,-1
277,10,1247.4176,65.61268,127.50818000000004,95.69544,0.7139277458190918,-1,-1,-1
278,3,451.08157,191.1456,278.2452,302.5922,0.9137094020843506,-1,-1,-1
278,5,1111.5353,174.278,142.88817999999992,125.89118999999997,0.8973566889762878,-1,-1,-1
278,9,1035.6718,557.1248,298.86645999999996,230.65106000000003,0.9066312313079834,-1,-1,-1
278,10,1241.8959,69.81194,124.7597659999999,92.41158,0.7519600987434387,-1,-1,-1
279,3,447.69403,194.88194,284.54352000000006,304.50317,0.9244552850723267,-1,-1,-1
279,5,1112.212,170.31871,141.39038000000005,127.29093999999998,0.8908848166465759,-1,-1,-1
279,9,1030.7374,547.99915,297.01123000000007,230.79845999999998,0.9095933437347412,-1,-1,-1
279,10,1232.2777,66.91771,129.1622299999999,95.04489000000001,0.7947509288787842,-1,-1,-1
280,3,438.0649,199.5648,292.3137,307.3133,0.9259750247001648,-1,-1,-1
280,5,1114.495,166.89041,140.1832300000001,127.43365500000002,0.8806390166282654,-1,-1,-1
280,9,1031.1821,543.2264,289.6495399999999,223.6576,0.9024558663368225,-1,-1,-1
280,10,1223.5814,66.92899,130.55737,97.08892,0.8051071763038635,-1,-1,-1
281,3,437.54358,197.59706,286.63873,318.64313,0.9192880392074585,-1,-1,-1
281,5,1116.3777,162.91425,139.92419999999993,127.87084999999999,0.8854885697364807,-1,-1,-1
281,9,1030.4978,537.1424,281.18542,220.18957999999998,0.901107132434845,-1,-1,-1
281,10,1216.9769,65.67312,126.69543500000009,95.65504,0.8158813118934631,-1,-1,-1
281,11,952.1773,49.909855,130.9050900000001,98.26204000000001,0.7334015965461731,-1,-1,-1
282,3,427.32596,200.88202,293.51828,320.2146,0.9110352993011475,-1,-1,-1
282,5,1119.6152,162.71375,139.16406000000006,124.590576,0.8795066475868225,-1,-1,-1
282,9,1027.8989,530.8169,279.5688499999999,217.45165999999995,0.8984081149101257,-1,-1,-1
282,10,1209.7639,65.84897,124.45678999999996,97.56293999999998,0.8250927329063416,-1,-1,-1
282,11,958.2289,49.798035,134.3395999999999,95.80080000000001,0.7739887237548828,-1,-1,-1
283,3,423.6157,195.8053,296.35666,332.149,0.9007295966148376,-1,-1,-1
283,5,1122.3807,161.0364,140.13013,122.94176999999999,0.8780451416969299,-1,-1,-1
283,9,1025.3457,525.1226,275.2528,213.80242999999996,0.8986604809761047,-1,-1,-1
283,10,1200.399,70.91546,127.21350000000007,93.68355600000001,0.8161831498146057,-1,-1,-1
283,11,958.13245,48.6269,140.01624000000004,99.49605599999998,0.7994750738143921,-1,-1,-1
284,3,412.5154,206.54845,303.4529,324.42084,0.9041744470596313,-1,-1,-1
284,5,1125.3824,159.94427,140.83141999999998,121.52306999999999,0.8755285739898682,-1,-1,-1
284,9,1025.3832,522.48956,268.98523,206.22228999999993,0.8990197777748108,-1,-1,-1
284,10,1186.8619,75.06051,123.54944,90.04107000000002,0.8160324692726135,-1,-1,-1
284,11,970.00116,50.400406,145.04864999999995,97.23571999999999,0.8161747455596924,-1,-1,-1
285,3,409.19794,207.85936,303.80762000000004,332.68787,0.90757817029953,-1,-1,-1
285,5,1127.8236,155.95901,144.6355000000001,123.17486599999998,0.8920347094535828,-1,-1,-1
285,9,1020.1807,511.83548,269.2749600000001,208.17739999999998,0.8931341767311096,-1,-1,-1
285,10,1175.6412,73.86313,126.36462400000005,95.94911,0.8306853771209717,-1,-1,-1
285,11,968.09845,46.754204,152.16840000000002,104.83526000000002,0.8236097097396851,-1,-1,-1
286,3,402.38873,209.75754,309.24547999999993,338.936,0.8996568918228149,-1,-1,-1
286,5,1131.9827,149.92131,144.65832999999998,125.89058,0.8718109726905823,-1,-1,-1
286,9,1019.55774,505.91418,266.46143000000006,204.99254999999994,0.896497905254364,-1,-1,-1
286,10,1160.29,75.01127,131.0752,95.9898,0.8180293440818787,-1,-1,-1
286,11,992.7797,47.004818,142.85015999999996,105.77721,0.8380149006843567,-1,-1,-1
287,3,396.8673,218.38931,312.3031,336.55002,0.8999919295310974,-1,-1,-1
287,5,1137.5315,149.81642,144.37122,123.15919500000001,0.8842980861663818,-1,-1,-1
287,9,1019.5527,497.4628,261.70172,204.93331999999998,0.9059365391731262,-1,-1,-1
287,10,1151.0227,77.16065,131.07690000000002,98.0769,0.8171693086624146,-1,-1,-1
287,11,996.0788,48.65544,139.86517000000003,105.00524999999999,0.8400953412055969,-1,-1,-1
288,3,395.02087,228.03989,310.91968,331.014,0.8972383737564087,-1,-1,-1
288,5,1141.8484,147.92406,145.6622299999999,121.04987999999997,0.8717471361160278,-1,-1,-1
288,9,1019.4275,494.15323,255.7264399999999,199.42629999999997,0.9009974598884583,-1,-1,-1
288,10,1138.9622,76.08727,130.58629999999994,99.07921600000002,0.7869873642921448,-1,-1,-1
288,11,1006.9839,51.99244,137.26586999999995,106.16212,0.8162187337875366,-1,-1,-1
289,3,388.57263,235.23302,314.3026,327.52643,0.8948146104812622,-1,-1,-1
289,5,1148.982,145.689,147.94970000000012,120.89682000000002,0.8951029181480408,-1,-1,-1
289,9,1018.6445,488.891,253.47699,199.28033,0.9052918553352356,-1,-1,-1
289,10,1130.5918,77.46786,129.1753000000001,96.98629,0.7499173283576965,-1,-1,-1
289,11,1013.8519,51.058754,131.36217999999997,106.690575,0.8054909706115723,-1,-1,-1
290,3,386.2794,242.57726,314.71677,331.17675999999994,0.8937654495239258,-1,-1,-1
290,5,1155.0017,143.39174,148.73021999999992,120.97889999999998,0.8672695159912109,-1,-1,-1
290,9,1017.50854,483.23407,249.8222699999999,194.41956000000005,0.9049659371376038,-1,-1,-1
290,10,1118.8988,76.47199,131.52794999999992,99.82697000000002,0.702303946018219,-1,-1,-1
290,11,1018.48517,54.11111,129.40435999999988,106.15716600000002,0.804742693901062,-1,-1,-1
291,3,378.07953,247.10059,316.5739699999999,334.0455999999999,0.9081047177314758,-1,-1,-1
291,5,1160.8971,139.82759,149.83472000000006,121.89612999999997,0.8774363994598389,-1,-1,-1
291,9,1017.10425,476.29474,246.91565000000003,193.45453000000003,0.9039915800094604,-1,-1,-1
291,10,1112.1416,78.28182,129.36975000000007,98.11166999999999,0.6106062531471252,-1,-1,-1
291,11,1025.6765,54.654274,124.68909000000008,106.27959400000002,0.6377831101417542,-1,-1,-1
292,3,374.15094,249.88167,321.59655999999995,337.41522,0.9066362380981445,-1,-1,-1
292,5,1170.164,138.04793,148.62488000000008,122.37754999999999,0.8764220476150513,-1,-1,-1
292,9,1016.38715,466.76505,243.11823000000004,193.87826999999993,0.9035995602607727,-1,-1,-1
293,3,364.88907,257.3989,329.8201000000001,338.35153,0.9040371775627136,-1,-1,-1
293,5,1178.9655,133.02531,150.7889399999999,123.22407499999997,0.8671634793281555,-1,-1,-1
293,9,1017.34283,466.07166,240.99701000000005,185.36657999999994,0.9120321273803711,-1,-1,-1
293,11,1050.5708,71.42627,149.04944,111.66835000000002,0.782139003276825,-1,-1,-1
294,3,361.4599,263.30267,331.54101999999995,344.58790000000005,0.9122554063796997,-1,-1,-1
294,5,1186.5548,130.48836,152.3728000000001,123.836334,0.8705389499664307,-1,-1,-1
294,9,1018.01874,457.6766,235.88885000000005,184.81106999999997,0.9194650650024414,-1,-1,-1
294,11,1038.5405,68.52927,145.70885999999996,117.43918,0.8561567664146423,-1,-1,-1
295,3,357.84494,265.0285,331.13834,350.6623000000001,0.9088923931121826,-1,-1,-1
295,5,1193.9119,129.19415,152.88049999999998,123.32338000000001,0.8792041540145874,-1,-1,-1
295,9,1019.13776,448.83313,232.66791,186.81011999999998,0.90470290184021,-1,-1,-1
295,11,1043.7672,70.31438,139.90905999999995,119.23850999999999,0.8522191643714905,-1,-1,-1
296,3,348.83322,268.2407,340.1890000000001,352.98154000000005,0.9018203020095825,-1,-1,-1
296,5,1202.5842,126.07452,158.25574000000006,123.301414,0.8706066608428955,-1,-1,-1
296,9,1019.1739,439.63907,230.90973000000008,188.36447000000004,0.9097382426261902,-1,-1,-1
296,11,1033.9891,69.872,141.61474999999996,121.20466999999998,0.8538337349891663,-1,-1,-1
297,3,347.0514,277.78665,339.8519999999999,354.69974,0.9056507349014282,-1,-1,-1
297,5,1216.1123,124.743965,148.3319100000001,121.62756999999999,0.8683406114578247,-1,-1,-1
297,9,1021.8072,435.94733,227.34649999999988,182.16577,0.9079332947731018,-1,-1,-1
297,11,1019.9237,86.544136,144.58472000000006,105.79293,0.8035763502120972,-1,-1,-1
298,3,338.51172,277.49374,348.85828,364.34464,0.8973852396011353,-1,-1,-1
298,5,1224.8329,122.31187,147.3349599999999,120.79919000000001,0.8575059175491333,-1,-1,-1
298,9,1025.3885,431.5427,225.43433000000005,178.55599999999998,0.9125165939331055,-1,-1,-1
298,11,1000.25336,93.41962,145.25762999999995,101.18576,0.7252809405326843,-1,-1,-1
299,3,329.83145,281.69568,356.93552,365.5142200000001,0.8879067897796631,-1,-1,-1
299,5,1232.801,121.07159,149.52062999999998,117.36854000000001,0.8760191798210144,-1,-1,-1
299,9,1027.2257,421.6425,225.94921999999997,180.82260000000002,0.9014394283294678,-1,-1,-1
299,11,986.31586,94.64096,138.9170499999999,104.333145,0.7974697947502136,-1,-1,-1
300,3,327.04504,288.49576,354.6821299999999,361.91470000000004,0.8843802213668823,-1,-1,-1
300,5,1241.0403,117.701805,154.41967999999997,118.53083,0.8151220083236694,-1,-1,-1
300,9,1030.5901,415.27982,226.29882999999995,178.71799,0.9055699706077576,-1,-1,-1
300,11,972.15515,98.31572,138.1549,101.910324,0.8125511407852173,-1,-1,-1
301,3,321.70798,293.6562,357.48642000000007,366.62793,0.8904809355735779,-1,-1,-1
301,5,1251.4497,111.21296,151.32250999999997,123.39094000000001,0.8167019486427307,-1,-1,-1
301,9,1037.0664,411.40448,223.69103999999993,175.87659000000002,0.9004303216934204,-1,-1,-1
301,11,956.89496,100.20236,143.4386599999999,104.816666,0.8262747526168823,-1,-1,-1
302,3,319.18387,299.1673,361.0289599999999,367.13483,0.9045400023460388,-1,-1,-1
302,5,1260.1329,111.45091,153.05139000000008,121.50820999999999,0.7976034879684448,-1,-1,-1
302,9,1042.7954,406.69702,221.20922999999993,173.55328000000003,0.8966057896614075,-1,-1,-1
302,11,938.8188,101.559456,141.75749999999994,104.91636000000001,0.8235072493553162,-1,-1,-1
303,3,309.85318,300.31583,364.92,368.22669999999994,0.892497181892395,-1,-1,-1
303,5,1269.8405,106.79446,158.04332999999997,123.43167999999999,0.8155477046966553,-1,-1,-1
303,9,1050.4884,400.4142,218.8644999999999,171.47025000000002,0.8961097598075867,-1,-1,-1
303,11,925.4714,102.16899,144.40703999999994,107.35683999999999,0.8500494956970215,-1,-1,-1
304,3,304.2816,304.27664,371.4980800000001,371.75858,0.8911290168762207,-1,-1,-1
304,5,1282.594,101.54005,154.33361999999988,124.03783399999999,0.8440205454826355,-1,-1,-1
304,9,1055.0566,396.64014,218.42345999999998,166.14409999999998,0.8980326056480408,-1,-1,-1
304,11,912.249,105.39651,138.78270999999995,105.58237499999998,0.8580641150474548,-1,-1,-1
305,3,301.83612,303.81326,375.59143,378.12136999999996,0.8886933922767639,-1,-1,-1
305,5,1289.7177,102.743034,154.7429199999999,120.68066000000002,0.8328012824058533,-1,-1,-1
305,9,1060.4065,392.5276,217.44324000000006,162.88311999999996,0.8898521065711975,-1,-1,-1
305,11,898.7857,108.883896,137.60016000000007,104.21503999999999,0.8370225429534912,-1,-1,-1
306,3,288.34653,301.81955,384.31325999999996,395.20430000000005,0.8811240792274475,-1,-1,-1
306,5,1302.0918,103.46757,150.02051000000006,118.45774,0.8220255374908447,-1,-1,-1
306,9,1068.2019,384.3443,218.0286900000001,164.76727000000005,0.8940624594688416,-1,-1,-1
306,11,883.7404,109.83453,141.39484000000004,105.41432,0.8259764909744263,-1,-1,-1
307,3,276.2477,305.22665,394.6792300000001,399.7982,0.8664064407348633,-1,-1,-1
307,5,1311.7261,103.73089,144.79016000000001,116.56673399999998,0.828377902507782,-1,-1,-1
307,9,1075.8368,378.45236,216.94153000000006,160.71402,0.8934586048126221,-1,-1,-1
307,11,874.135,110.48146,138.24359000000004,109.41826,0.8523228168487549,-1,-1,-1
308,3,266.95392,310.9583,404.87360000000007,402.56737999999996,0.8865439891815186,-1,-1,-1
308,5,1320.9161,101.26899,145.3449700000001,115.22639999999998,0.8266379833221436,-1,-1,-1
308,9,1084.1361,369.53238,214.64660000000003,161.77084000000002,0.8886387944221497,-1,-1,-1
308,11,859.17633,111.06493,138.46758999999997,110.76472000000001,0.8490199446678162,-1,-1,-1
309,3,259.8794,315.41815,412.83185,408.1929999999999,0.8891196846961975,-1,-1,-1
309,5,1332.7192,103.09409,142.4324999999999,112.73449,0.793338418006897,-1,-1,-1
309,9,1090.5054,365.14307,210.79907000000003,160.32349000000005,0.8915975689888,-1,-1,-1
309,11,841.9666,111.98117,141.55687999999998,111.93329000000001,0.8492342233657837,-1,-1,-1
