101,0,365.58426,762.3207,133.66821,102.58667000000003,0.7618741989135742,-1,-1,-1
102,0,369.69742,762.6163,133.52767999999998,103.94042999999999,0.7797167301177979,-1,-1,-1
103,0,374.29047,762.4232,136.70105,105.91223000000002,0.7837745547294617,-1,-1,-1
104,0,378.1977,761.98376,139.49365000000006,109.59429999999998,0.7899143695831299,-1,-1,-1
105,0,383.3551,761.9705,140.53454999999997,112.94890999999996,0.8259533047676086,-1,-1,-1
106,0,389.3924,765.08356,142.06458000000003,111.66485599999999,0.8468407392501831,-1,-1,-1
107,0,392.00104,764.55066,146.16962,115.56225600000005,0.8492622375488281,-1,-1,-1
108,0,393.98956,765.036,156.19910000000004,118.32714999999996,0.842881441116333,-1,-1,-1
109,0,401.13632,767.87305,155.66555999999997,119.03521999999998,0.8430047035217285,-1,-1,-1
110,0,408.71375,768.4756,158.82745,123.65508999999997,0.8407109379768372,-1,-1,-1
111,0,415.40878,769.22534,162.98392,127.0874,0.8519271612167358,-1,-1,-1
112,0,427.27783,773.34436,167.8714,127.76580999999999,0.8519779443740845,-1,-1,-1
113,0,433.74884,774.3289,169.0462,129.02544999999998,0.8683720827102661,-1,-1,-1
114,0,438.7467,774.2612,174.98552999999998,134.02392999999995,0.8640695214271545,-1,-1,-1
115,0,444.59122,774.6414,183.57047,138.95141999999998,0.8532130122184753,-1,-1,-1
116,0,449.4248,775.90845,190.71826,142.12476000000004,0.8337819576263428,-1,-1,-1
117,0,463.13422,779.5039,190.63347999999996,144.24456999999995,0.8358110189437866,-1,-1,-1
118,0,472.66785,781.26434,197.06389999999993,148.65436,0.8471898436546326,-1,-1,-1
119,0,484.27637,783.4208,205.03606999999994,154.06219999999996,0.8609504699707031,-1,-1,-1
120,0,491.27365,785.14166,211.41890999999998,157.79529000000002,0.8943122029304504,-1,-1,-1
121,0,503.9898,788.1542,222.68554999999998,163.59191999999996,0.8667470216751099,-1,-1,-1
122,0,525.0294,786.3655,226.95434999999998,170.91539999999998,0.8843486905097961,-1,-1,-1
123,0,540.50854,792.55005,242.85498000000007,175.7074,0.8907192945480347,-1,-1,-1
124,0,556.22565,795.84784,247.73712,179.57477000000006,0.8888182640075684,-1,-1,-1
125,0,568.15515,796.49567,261.17035,191.02051000000006,0.8966370224952698,-1,-1,-1
126,0,586.8712,801.84216,275.45288000000005,196.12976000000003,0.8863102197647095,-1,-1,-1
127,0,604.2239,803.772,287.1447800000001,206.59473000000003,0.8665459752082825,-1,-1,-1
128,0,627.2631,804.10693,306.7359,219.73535000000004,0.8802322149276733,-1,-1,-1
129,0,653.5145,811.8938,329.3247,227.3150599999999,0.873970091342926,-1,-1,-1
130,0,686.6489,822.6407,353.0531,237.3549200000001,0.8979498744010925,-1,-1,-1
131,0,702.46124,817.4529,391.87738,261.69775000000004,0.8879051208496094,-1,-1,-1
132,0,739.425,824.72504,410.7699600000001,275.59295999999995,0.884084165096283,-1,-1,-1
133,0,779.5035,827.5233,444.6981800000001,298.47826999999995,0.862098217010498,-1,-1,-1
134,0,818.8046,835.52185,482.1030999999999,317.42846999999995,0.8725517392158508,-1,-1,-1
135,0,871.2201,844.8239,525.932,340.77044999999987,0.8680415749549866,-1,-1,-1
136,0,920.3937,856.8834,602.7674600000001,370.31946000000005,0.8622904419898987,-1,-1,-1
137,0,984.1332,873.70166,700.2655,409.5326,0.8435047268867493,-1,-1,-1
138,0,1060.6799,882.77466,785.01855,456.00513,0.8447727560997009,-1,-1,-1
139,0,1121.3774,890.22064,935.26025,531.0576999999998,0.8120608925819397,-1,-1,-1
140,0,1261.1356,894.4221,1028.8763,619.3457000000001,0.8145492076873779,-1,-1,-1
141,0,1359.8423,928.3951,1184.9718999999998,701.1386,0.7523737549781799,-1,-1,-1
180,1,1702.4502,661.8622,855.86084,633.50793,0.6333396434783936,-1,-1,-1
182,1,1413.8989,709.09265,1146.1011,506.7010500000001,0.720213770866394,-1,-1,-1
183,1,1323.208,708.58325,1031.6338,454.21691999999996,0.7610194683074951,-1,-1,-1
184,1,1240.186,689.7293,847.3163999999999,426.47489999999993,0.8369181752204895,-1,-1,-1
185,1,1135.4238,709.4846,800.6835999999998,375.7837999999999,0.8002914190292358,-1,-1,-1
186,1,1068.7847,703.16724,709.1328000000001,352.99854000000005,0.7944366931915283,-1,-1,-1
187,1,998.47046,698.28955,637.7948000000001,330.4290799999999,0.8366984128952026,-1,-1,-1
188,1,953.30383,699.73157,545.0248,308.43566999999996,0.8462357521057129,-1,-1,-1
189,1,914.322,707.7715,492.48267,275.7644,0.8684690594673157,-1,-1,-1
190,1,864.0619,711.5293,468.94960000000003,258.23578,0.8675019145011902,-1,-1,-1
191,1,837.77313,710.29126,437.7735,250.09154999999998,0.8627394437789917,-1,-1,-1
192,1,815.6196,716.0868,395.3827000000001,233.10412999999994,0.8639809489250183,-1,-1,-1
193,1,784.7551,729.1322,368.2888200000001,205.91527999999994,0.850213885307312,-1,-1,-1
194,1,760.69946,725.8961,337.2779499999999,199.4773,0.8751763105392456,-1,-1,-1
195,1,733.8284,722.8293,325.80902000000003,194.73450000000003,0.8541787266731262,-1,-1,-1
196,1,709.7676,714.28656,315.51733,196.38977,0.8574819564819336,-1,-1,-1
197,1,691.4398,708.1208,294.99907999999994,195.15094,0.8623184561729431,-1,-1,-1
198,1,670.04956,708.1085,278.99390000000005,186.98852999999997,0.8663306832313538,-1,-1,-1
199,1,656.92267,710.1486,262.44293000000005,179.65239999999994,0.8626212477684021,-1,-1,-1
200,1,637.23663,713.49274,254.56768999999997,171.72821,0.8614601492881775,-1,-1,-1
201,1,617.5148,712.3538,245.35631999999998,167.92693999999995,0.869631290435791,-1,-1,-1
202,1,601.98346,718.3612,239.78338999999994,157.65978999999993,0.8575108051300049,-1,-1,-1
203,1,591.6985,715.70984,226.591,153.87146000000007,0.8531493544578552,-1,-1,-1
204,1,583.35596,712.25073,217.83765000000005,154.73145,0.870659351348877,-1,-1,-1
205,1,574.7614,710.23486,208.42133,152.01256999999998,0.852729320526123,-1,-1,-1
206,1,565.19275,708.45215,201.98450000000003,149.45770000000005,0.8445950746536255,-1,-1,-1
207,1,557.80945,708.7958,194.81457999999998,146.64184999999998,0.8510016202926636,-1,-1,-1
208,1,543.334,709.5355,196.82281,141.37134000000003,0.8408422470092773,-1,-1,-1
209,1,531.27356,711.7261,185.52917000000002,139.05211999999995,0.8437958359718323,-1,-1,-1
210,1,523.6371,715.8063,177.54272000000003,133.74329,0.8417852520942688,-1,-1,-1
211,1,513.12524,716.1583,173.71375,129.04443000000003,0.8246099948883057,-1,-1,-1
212,1,504.9273,716.089,173.04839999999996,125.31542999999999,0.8351765871047974,-1,-1,-1
213,1,501.0733,714.5995,161.87347,125.74523999999997,0.8429503440856934,-1,-1,-1
214,1,490.41937,717.4414,157.41364000000004,120.29101600000001,0.843461275100708,-1,-1,-1
214,2,1901.6917,805.0209,658.30835,491.68090000000007,0.7908138632774353,-1,-1,-1
215,1,484.5487,717.09216,155.95337,120.816284,0.8377530574798584,-1,-1,-1
215,2,1792.1133,792.70483,765.2671,462.0747,0.7525289058685303,-1,-1,-1
216,1,480.30908,721.53125,150.15875000000005,113.75854500000003,0.8347122669219971,-1,-1,-1
216,2,1733.0157,781.25214,825.9967000000001,443.4292599999999,0.7423533201217651,-1,-1,-1
217,1,473.0199,720.8779,143.6087,112.26256999999998,0.813059389591217,-1,-1,-1
217,2,1651.9342,766.5742,876.7560000000001,420.5619999999999,0.8402982950210571,-1,-1,-1
218,1,465.41846,722.1652,144.77068999999995,110.20367399999998,0.771747887134552,-1,-1,-1
218,2,1585.9943,764.7357,766.35535,387.61583999999993,0.814267635345459,-1,-1,-1
219,1,457.2085,722.68604,146.32274999999998,107.43786999999998,0.768047034740448,-1,-1,-1
219,2,1514.5376,773.74023,707.6752999999999,342.85278000000005,0.8313941359519958,-1,-1,-1
220,1,448.06366,725.2742,139.04034000000001,104.13391000000001,0.6804510354995728,-1,-1,-1
220,2,1461.9362,770.01105,652.0394000000001,321.66827,0.8184810280799866,-1,-1,-1
221,1,444.1475,722.8552,137.04622999999998,104.24682600000006,0.6468145847320557,-1,-1,-1
221,2,1389.4781,766.8568,623.7545,306.1014399999999,0.8341848850250244,-1,-1,-1
222,2,1338.987,761.07544,597.2627,291.00279999999987,0.8323490023612976,-1,-1,-1
223,2,1292.5073,757.9955,570.1031500000001,277.2711199999999,0.8480024337768555,-1,-1,-1
224,2,1246.3463,747.1752,542.39087,276.44788000000005,0.8376345038414001,-1,-1,-1
225,2,1220.2837,737.3573,502.8425299999999,274.51904,0.8360981941223145,-1,-1,-1
226,2,1175.0625,740.60535,476.6989699999999,258.01355,0.8546518683433533,-1,-1,-1
227,2,1143.3492,743.76465,438.75378,242.78381000000002,0.8723013401031494,-1,-1,-1
228,2,1111.8268,740.49255,418.27332,231.97753999999998,0.8667460083961487,-1,-1,-1
229,2,1066.3396,742.6775,401.34375,220.74463000000003,0.8812628388404846,-1,-1,-1
230,2,1039.2041,742.73804,382.9702,215.26581,0.8680782914161682,-1,-1,-1
231,2,1004.6974,741.1252,368.5558000000001,208.44025,0.8756439089775085,-1,-1,-1
232,2,980.07324,738.5167,358.28185999999994,201.58569999999997,0.8710604906082153,-1,-1,-1
233,2,957.87244,733.2074,329.65430000000003,199.16167999999993,0.8768488764762878,-1,-1,-1
234,2,930.4145,732.7124,335.76373,194.35119999999995,0.873633623123169,-1,-1,-1
235,2,902.62604,731.01086,307.3092700000001,188.88098000000002,0.8477301597595215,-1,-1,-1
236,2,881.35425,731.5807,305.44067000000007,181.88416000000007,0.8486014604568481,-1,-1,-1
237,2,859.97424,734.9173,287.03333,171.27166999999997,0.8587288856506348,-1,-1,-1
238,2,838.82007,734.2042,273.13013,170.20483000000002,0.8815523386001587,-1,-1,-1
239,2,820.91675,735.98816,266.34704999999997,163.47686999999996,0.870440661907196,-1,-1,-1
240,2,802.42566,731.75464,258.2785600000001,163.24768000000006,0.8707738518714905,-1,-1,-1
241,2,783.1875,732.21344,250.43567000000007,159.22362999999996,0.8593328595161438,-1,-1,-1
242,2,771.8299,729.53906,237.10437000000002,158.24889999999994,0.8596342206001282,-1,-1,-1
243,2,758.87787,730.5097,229.63103999999998,153.03650000000005,0.8490350246429443,-1,-1,-1
244,2,744.7981,729.1212,219.71289000000002,150.08605999999997,0.8544776439666748,-1,-1,-1
245,2,724.2372,729.86194,219.18921,144.81714,0.8467777371406555,-1,-1,-1
246,2,714.62476,732.296,209.77086999999995,138.15918,0.8446061611175537,-1,-1,-1
247,2,699.3275,732.124,202.82592999999997,136.25153,0.8627592921257019,-1,-1,-1
248,2,689.8297,727.3569,192.19299999999998,137.65790000000004,0.8267918825149536,-1,-1,-1
249,2,682.2644,725.6395,185.08514000000002,137.79358000000002,0.8458771705627441,-1,-1,-1
250,2,665.75085,727.0421,183.75842,132.53687000000002,0.8434028625488281,-1,-1,-1
251,2,656.87585,724.7186,180.9198,131.80573000000004,0.833490788936615,-1,-1,-1
252,2,643.42883,731.4975,173.70325000000003,122.07519500000001,0.837722659111023,-1,-1,-1
253,2,625.4053,723.8811,176.90723000000003,129.17078000000004,0.8372524380683899,-1,-1,-1
254,2,615.8792,722.2942,171.91283999999996,126.83697499999994,0.8554144501686096,-1,-1,-1
255,2,610.634,719.3457,167.75518999999997,127.88727000000006,0.8543466925621033,-1,-1,-1
256,2,603.7223,721.4241,162.08820000000003,123.14319,0.8362705111503601,-1,-1,-1
257,2,598.48035,719.78906,155.88867000000005,124.07714999999996,0.8249872922897339,-1,-1,-1
258,2,585.25,725.0454,158.41974000000005,116.61437999999998,0.8215829133987427,-1,-1,-1
259,2,575.2257,725.44006,154.47570999999994,114.63073999999995,0.8406102657318115,-1,-1,-1
260,2,570.61383,722.6953,147.07428000000004,117.36359000000004,0.8254059553146362,-1,-1,-1
261,2,561.5234,719.9872,146.86768000000006,118.23743000000002,0.8259296417236328,-1,-1,-1
262,2,552.66223,719.0113,143.94879000000003,117.20843500000001,0.8110198378562927,-1,-1,-1
263,2,545.9901,720.82153,140.99658,112.35992399999998,0.8024099469184875,-1,-1,-1
264,2,541.7783,721.35986,131.99370999999996,110.79711999999995,0.7441882491111755,-1,-1,-1
265,2,534.2593,722.57355,132.27202999999997,107.11212,0.7226187586784363,-1,-1,-1
266,2,529.49976,722.9383,125.94512999999995,106.15985,0.6217418909072876,-1,-1,-1
267,2,525.407,721.72797,122.92504999999994,103.75976600000001,0.7015210390090942,-1,-1,-1
268,2,516.85724,729.5311,125.64935000000003,96.85144000000003,0.6218000054359436,-1,-1,-1
269,2,509.591,726.72437,123.25146499999994,98.16443000000004,0.6746130585670471,-1,-1,-1
270,2,500.57336,727.8653,120.45745999999997,95.63324,0.701086699962616,-1,-1,-1
284,3,1846.7444,706.6212,713.2556,498.97998000000007,0.8238420486450195,-1,-1,-1
285,3,1690.5846,697.21265,867.5238000000002,465.7279,0.7812056541442871,-1,-1,-1
286,3,1542.3461,685.2269,889.3565700000001,438.2778300000001,0.8069155216217041,-1,-1,-1
286,4,348.63214,759.92004,141.07916,113.09204,0.7450786232948303,-1,-1,-1
287,3,1447.1047,698.3081,762.2082499999999,386.8779299999999,0.8158221244812012,-1,-1,-1
287,4,349.4583,763.7031,142.56195000000002,111.49108999999999,0.7466093301773071,-1,-1,-1
288,3,1329.6533,696.76746,678.3301000000001,356.5101300000001,0.7815353274345398,-1,-1,-1
288,4,354.9559,765.96545,141.06689999999998,111.63232400000004,0.7548742294311523,-1,-1,-1
289,3,1244.2754,702.96704,655.3541,325.6828599999999,0.6894248127937317,-1,-1,-1
289,4,357.5982,766.2493,146.1424,115.69610599999999,0.7874116897583008,-1,-1,-1
290,3,1177.5895,704.9521,570.3876,306.59454000000005,0.7760668992996216,-1,-1,-1
290,4,360.9729,766.2763,149.70367,118.15508999999997,0.8023820519447327,-1,-1,-1
291,3,1116.2083,707.79834,506.55725000000007,284.63342,0.721585750579834,-1,-1,-1
291,4,365.55115,764.77997,156.75122,123.15185499999995,0.8056735992431641,-1,-1,-1
292,3,1061.7325,704.58203,471.4788800000001,269.40527,0.7390540242195129,-1,-1,-1
292,4,373.59937,765.1411,155.26453000000004,125.07483000000002,0.7933717370033264,-1,-1,-1
293,3,998.48804,702.27325,442.73803999999996,259.71375,0.8584794402122498,-1,-1,-1
293,4,377.7265,766.4049,156.46564,125.89477499999998,0.7633325457572937,-1,-1,-1
294,3,959.19617,704.54926,408.6029,244.86237000000006,0.8530872464179993,-1,-1,-1
294,4,381.9265,765.6636,161.16711000000004,130.01464999999996,0.7959887385368347,-1,-1,-1
295,3,915.0784,702.44946,381.60956,235.57574,0.8731331825256348,-1,-1,-1
295,4,386.77576,766.9827,167.75524999999993,133.30993999999998,0.8016662001609802,-1,-1,-1
296,3,882.9297,705.4685,360.81677,224.24834999999996,0.8555982112884521,-1,-1,-1
296,4,390.6811,769.2474,171.25396999999998,134.36292000000003,0.8202762007713318,-1,-1,-1
297,3,850.9265,705.8208,331.6576,214.70361000000003,0.8637179136276245,-1,-1,-1
297,4,394.6222,769.0459,175.00671,139.01366999999993,0.8766631484031677,-1,-1,-1
298,3,825.6444,712.14453,306.28723,200.5965,0.8750222325325012,-1,-1,-1
298,4,400.2047,771.3147,180.25769000000003,141.07939999999996,0.8604630827903748,-1,-1,-1
299,3,790.8617,713.74146,298.18176000000005,192.68524000000002,0.8494663834571838,-1,-1,-1
299,4,411.53253,772.15894,182.69818000000004,146.95288000000005,0.8515965342521667,-1,-1,-1
300,3,770.0172,710.77136,278.64624000000003,191.89801,0.8829730749130249,-1,-1,-1
300,4,410.9073,774.2705,193.82793999999996,150.97619999999995,0.8440566658973694,-1,-1,-1
301,3,745.71643,707.07825,271.7940699999999,189.51324,0.880730390548706,-1,-1,-1
301,4,423.74496,777.9603,189.41983000000005,148.11865,0.8648573756217957,-1,-1,-1
302,3,729.5877,705.5038,259.53459999999995,186.11937999999998,0.8766809105873108,-1,-1,-1
302,4,426.56714,778.43066,200.66443000000004,154.51013,0.8696817755699158,-1,-1,-1
303,3,712.7849,705.1749,237.22803,181.84680000000003,0.8635483384132385,-1,-1,-1
303,4,437.1225,781.8698,204.08020000000005,158.57666000000006,0.863200306892395,-1,-1,-1
304,3,703.99304,711.22864,222.93810999999994,169.12951999999996,0.8786340355873108,-1,-1,-1
304,4,445.1693,782.69165,210.04729999999995,166.42730000000006,0.8697947263717651,-1,-1,-1
305,3,683.46985,713.00244,222.56714,163.48694,0.899556577205658,-1,-1,-1
305,4,449.1954,784.8987,223.10776000000004,170.70129999999995,0.8667454719543457,-1,-1,-1
306,3,680.77466,710.6576,195.54809999999998,161.16241000000002,0.8180087208747864,-1,-1,-1
306,4,461.51727,787.6881,226.96295000000003,173.65942000000007,0.8786890506744385,-1,-1,-1
307,3,650.8082,711.6864,198.47815000000003,156.83582,0.7327332496643066,-1,-1,-1
307,4,469.70825,790.1113,243.18224999999995,181.52069000000006,0.8859453201293945,-1,-1,-1
308,4,480.51147,791.22144,249.22009999999995,187.30713000000003,0.8812263011932373,-1,-1,-1
309,4,493.32687,795.1425,261.6962,193.26020000000005,0.8944459557533264,-1,-1,-1
310,4,498.4755,798.9916,279.9026799999999,200.15503,0.8754603862762451,-1,-1,-1
311,4,518.67346,802.4995,283.42523000000006,206.99054,0.8963419795036316,-1,-1,-1
312,4,535.7435,805.77466,297.81726000000003,215.27588000000003,0.8827888369560242,-1,-1,-1
313,4,551.8558,809.38635,315.06836,224.94787999999994,0.8670686483383179,-1,-1,-1
314,4,571.7272,807.984,334.39282000000003,239.40881000000002,0.8907493352890015,-1,-1,-1
315,4,598.1853,812.79004,353.9569,254.99390000000005,0.8747644424438477,-1,-1,-1
315,5,546.95197,716.0509,158.92333999999994,129.52514999999994,0.7317729592323303,-1,-1,-1
316,4,617.80853,816.25824,382.13519999999994,268.17656999999997,0.8939336538314819,-1,-1,-1
316,5,538.1996,710.5288,160.78613000000007,133.25818000000004,0.6920367479324341,-1,-1,-1
317,4,642.4562,816.91455,415.6854199999999,287.8326400000001,0.8872348070144653,-1,-1,-1
317,5,532.1311,713.661,152.80761999999993,127.95916999999997,0.8205804228782654,-1,-1,-1
318,4,671.3838,826.091,446.19556,303.5357,0.8934580683708191,-1,-1,-1
318,5,528.3397,714.4673,147.82483000000002,124.74463000000003,0.8161647915840149,-1,-1,-1
319,4,710.1187,829.5459,478.95306000000005,327.0556600000001,0.9027237296104431,-1,-1,-1
319,5,521.63544,713.8211,142.65668000000005,121.95952999999997,0.8014808297157288,-1,-1,-1
320,4,746.24133,833.1144,507.22742000000005,353.26697,0.8868794441223145,-1,-1,-1
320,5,518.3438,715.7382,135.75603999999998,116.26433999999995,0.7716124653816223,-1,-1,-1
321,4,784.5149,835.42676,580.083,389.1507599999999,0.8853533864021301,-1,-1,-1
321,5,508.28302,718.23883,135.93976000000004,114.13055399999996,0.7526902556419373,-1,-1,-1
322,4,840.45764,846.9699,623.5985,416.79449999999997,0.8741838335990906,-1,-1,-1
322,5,500.56747,719.3961,133.91055,110.12085000000002,0.7634954452514648,-1,-1,-1
323,4,898.2672,855.81635,704.88525,456.22467000000006,0.859345018863678,-1,-1,-1
323,5,492.65656,720.7655,130.69909999999993,107.80675999999994,0.745667040348053,-1,-1,-1
324,4,972.489,868.72437,807.8216600000001,514.5127000000001,0.8464558720588684,-1,-1,-1
324,5,487.5428,721.1498,128.93036,105.53979500000003,0.6565852761268616,-1,-1,-1
325,4,1063.1084,883.6284,937.49524,565.4599600000001,0.8308668732643127,-1,-1,-1
326,4,1151.8634,891.7386,1063.693,645.8620999999999,0.8217859864234924,-1,-1,-1
327,4,1277.2058,901.7383,1231.5999,759.5190400000001,0.7521262168884277,-1,-1,-1
376,6,1750.69,749.9951,804.3591300000003,446.3963600000001,0.7505494952201843,-1,-1,-1
377,6,1636.1838,745.0598,923.8161600000001,415.3497299999999,0.8383001685142517,-1,-1,-1
378,6,1512.8566,751.2738,916.1914999999999,364.78454999999997,0.8192216157913208,-1,-1,-1
379,6,1399.0137,755.87756,768.0835000000002,328.6599,0.8040477633476257,-1,-1,-1
380,6,1280.0669,757.03564,716.7223999999999,294.93261999999993,0.8175005912780762,-1,-1,-1
381,6,1209.7141,746.2409,641.4757999999999,285.84003000000007,0.7904129028320312,-1,-1,-1
382,6,1158.5497,735.12646,563.47424,280.06104000000005,0.8351786732673645,-1,-1,-1
383,6,1091.6271,742.1974,518.7261999999998,254.14220999999998,0.8432129621505737,-1,-1,-1
384,6,1036.1733,745.952,469.2631799999999,232.08965999999998,0.8730811476707458,-1,-1,-1
385,6,991.0768,747.5939,431.97693000000004,216.89111000000003,0.8769161701202393,-1,-1,-1
386,6,949.81213,743.6389,404.67589999999996,211.51031,0.8646928071975708,-1,-1,-1
387,6,914.82837,744.0996,372.16112999999996,201.04210999999998,0.8657084107398987,-1,-1,-1
388,6,876.4269,744.6087,350.40954999999997,188.29681000000005,0.862096905708313,-1,-1,-1
389,6,854.5084,740.27576,323.7145999999999,183.85114,0.8497677445411682,-1,-1,-1
390,6,822.4826,740.14087,307.52202999999986,176.41356999999994,0.8468616008758545,-1,-1,-1
391,6,793.7605,738.3043,294.4577600000001,170.80591000000004,0.8498489856719971,-1,-1,-1
392,6,769.1846,734.7688,278.6694299999999,167.89062,0.8704992532730103,-1,-1,-1
393,6,748.4482,735.317,263.99017000000003,163.29540999999995,0.871742844581604,-1,-1,-1
394,6,732.00806,733.02246,251.53857000000005,158.97277999999994,0.8770759701728821,-1,-1,-1
395,6,715.6473,733.51654,232.50488000000007,155.70709,0.8566920757293701,-1,-1,-1
396,6,699.82837,735.11383,225.91382,146.33025999999995,0.850277304649353,-1,-1,-1
397,6,685.83606,734.2461,213.00806,144.05298000000005,0.8696181774139404,-1,-1,-1
398,6,668.484,734.3853,207.3877,138.23987,0.8507623672485352,-1,-1,-1
399,6,649.43555,731.5369,208.10303,137.40161,0.8647738099098206,-1,-1,-1
400,6,637.2271,732.17377,198.72418000000005,132.27539000000002,0.846068263053894,-1,-1,-1
401,6,625.2246,734.1185,188.07220000000007,127.72790499999996,0.857419490814209,-1,-1,-1
401,7,1917.904,786.115,642.0959499999999,463.33556999999996,0.7825219631195068,-1,-1,-1
402,6,613.2184,728.30963,181.74854000000005,128.85222999999996,0.8541537523269653,-1,-1,-1
402,7,1734.4667,748.6954,822.4854999999998,443.51068,0.831602156162262,-1,-1,-1
403,6,603.92346,725.173,172.57874000000004,129.68548999999996,0.8538413643836975,-1,-1,-1
403,7,1609.3225,748.26917,874.5107399999999,392.8953999999999,0.7774943113327026,-1,-1,-1
404,6,598.3886,724.88837,163.94988999999998,126.27777000000003,0.8386937379837036,-1,-1,-1
404,7,1483.0483,749.52026,745.8808599999998,344.19066999999995,0.7169323563575745,-1,-1,-1
405,6,584.30365,729.8706,167.33812999999998,119.89899000000003,0.838522732257843,-1,-1,-1
405,7,1334.2166,754.3452,632.9304,302.2527,0.8033844828605652,-1,-1,-1
406,6,573.8305,734.0742,161.89300000000003,113.43768,0.8369074463844299,-1,-1,-1
406,7,1244.5271,743.9065,591.8817000000001,285.9212600000001,0.7693468928337097,-1,-1,-1
407,6,561.6419,726.37744,158.3736,120.16278,0.8440071940422058,-1,-1,-1
407,7,1175.534,741.40576,499.2855199999999,270.8502199999999,0.8427876234054565,-1,-1,-1
408,6,549.7505,724.49817,159.77843999999993,119.61365,0.848223090171814,-1,-1,-1
408,7,1099.5718,742.67944,455.6355000000001,246.37665000000004,0.8503271341323853,-1,-1,-1
409,6,545.10706,725.57324,147.99536,114.95214999999996,0.8341747522354126,-1,-1,-1
409,7,1045.1855,743.9409,426.21605999999997,221.81621999999993,0.8647854328155518,-1,-1,-1
410,6,535.19415,731.6641,147.76117,106.93970000000002,0.8164584040641785,-1,-1,-1
410,7,990.87964,741.45154,383.7950400000001,214.60693000000003,0.860201895236969,-1,-1,-1
411,6,530.6437,727.9837,144.16472999999996,109.16949499999998,0.7874301075935364,-1,-1,-1
411,7,948.6508,740.95325,354.32012999999995,205.90295000000003,0.8526421189308167,-1,-1,-1
412,6,525.1946,725.6681,134.68872,109.43439000000001,0.8167770504951477,-1,-1,-1
412,7,909.1106,736.18896,336.80602999999996,196.40868999999998,0.8564761877059937,-1,-1,-1
413,6,515.1889,727.76807,132.07379000000003,104.33325000000002,0.8020857572555542,-1,-1,-1
413,7,866.1189,742.4133,311.26318000000003,182.95715000000007,0.8524562120437622,-1,-1,-1
414,6,504.21564,729.6117,132.8302,100.77599999999995,0.8157216906547546,-1,-1,-1
414,7,834.18896,739.83704,281.1972700000001,175.80566,0.8523061275482178,-1,-1,-1
415,6,499.6202,732.1235,129.68892999999997,97.00702000000001,0.7924116849899292,-1,-1,-1
415,7,801.3067,736.21045,269.81841999999995,170.19763,0.8694227337837219,-1,-1,-1
416,6,493.15924,729.81213,125.36731000000003,96.92687999999998,0.785118818283081,-1,-1,-1
416,7,776.931,737.07733,253.2703899999999,163.66301999999996,0.8793249726295471,-1,-1,-1
417,6,485.35406,728.38513,126.13427999999999,97.20703000000003,0.7344431281089783,-1,-1,-1
417,7,748.9643,736.7081,245.84411999999998,157.74536,0.8654269576072693,-1,-1,-1
418,6,481.18048,727.39185,124.21722399999999,98.37854000000004,0.6955402493476868,-1,-1,-1
418,7,726.01575,733.25366,241.97771999999998,154.83289000000002,0.8555117845535278,-1,-1,-1
419,6,474.24854,726.3739,122.14782999999994,97.70812999999998,0.6041797399520874,-1,-1,-1
419,7,706.8527,732.4356,224.65117999999995,148.94256999999993,0.8672903180122375,-1,-1,-1
420,7,688.5552,733.7707,211.91998,142.76793999999995,0.8469798564910889,-1,-1,-1
421,7,672.14264,732.03235,199.14642000000003,140.99487,0.8380148410797119,-1,-1,-1
422,7,652.99133,730.01086,195.03143,138.25878999999998,0.8618465662002563,-1,-1,-1
423,7,639.31616,732.4696,181.6101,131.88207999999997,0.84451824426651,-1,-1,-1
424,7,623.03955,728.9905,180.49059999999997,131.84387000000004,0.8687256574630737,-1,-1,-1
425,7,609.6986,725.0427,172.39624000000003,131.31104000000005,0.8511713743209839,-1,-1,-1
426,7,595.153,725.6204,173.83978000000002,128.42224,0.836224377155304,-1,-1,-1
427,7,585.4854,729.483,165.83038,121.51104999999995,0.8312808275222778,-1,-1,-1
428,7,572.76196,732.6592,159.49927000000002,115.33691399999998,0.8407468199729919,-1,-1,-1
429,7,560.0718,731.70605,160.51965000000007,115.90063499999997,0.8272590041160583,-1,-1,-1
430,7,550.6737,730.24097,147.23022000000003,113.51745600000004,0.8247022032737732,-1,-1,-1
431,7,539.1362,732.6638,145.29529000000002,109.03516000000002,0.8108065724372864,-1,-1,-1
432,7,530.7405,725.5775,145.28381000000002,114.03643999999997,0.7997530102729797,-1,-1,-1
433,7,525.8413,725.39984,133.73260000000005,111.89684999999997,0.7667269706726074,-1,-1,-1
434,7,515.44214,728.15564,136.17047000000002,106.38567999999998,0.7413021922111511,-1,-1,-1
435,7,507.01868,732.0563,130.95061999999996,100.50232000000005,0.7500453591346741,-1,-1,-1
436,7,500.56952,730.72156,127.74097000000006,100.222534,0.6946119666099548,-1,-1,-1
437,7,492.13727,731.24255,126.49286000000001,99.07312000000002,0.6070214509963989,-1,-1,-1
