4,0,400.08347,1332.4287,1134.1432,586.5232000000001,0.6042671203613281,-1,-1,-1
5,0,795.30005,1283.0182,1148.7207,636.9818,0.6510886549949646,-1,-1,-1
6,0,1209.3881,1268.3649,1128.2643,647.2916,0.7943536639213562,-1,-1,-1
7,0,1559.6924,1250.079,1000.3076000000001,665.1910399999999,0.7421177625656128,-1,-1,-1
337,2,1711.1932,816.08276,848.8067600000002,477.4521500000001,0.8302286863327026,-1,-1,-1
338,2,1403.0803,822.7481,1135.6384000000003,478.42426,0.8239893317222595,-1,-1,-1
339,2,1125.2944,824.15436,1101.7390000000003,491.4330399999999,0.8151381611824036,-1,-1,-1
340,2,825.20844,825.3787,1091.1194,502.67938000000004,0.8230991959571838,-1,-1,-1
342,3,178.5765,853.8225,1104.3121,506.26062,0.8261057138442993,-1,-1,-1
343,3,1.1352539,864.0796,1054.9045,505.60852,0.7787943482398987,-1,-1,-1
373,4,1839.4102,735.3256,720.5898399999999,582.0212,0.7292413711547852,-1,-1,-1
374,4,1588.9172,743.9444,971.08276,585.0053000000001,0.8292146325111389,-1,-1,-1
375,4,1247.34,747.9365,1271.2094,598.8659700000001,0.8102125525474548,-1,-1,-1
376,4,932.5603,746.2175,1262.0713,609.4712,0.7991288900375366,-1,-1,-1
377,4,553.1302,750.4951,1305.2354,627.4865999999998,0.7444738745689392,-1,-1,-1
475,6,1724.0896,853.2178,832.0044,445.93566999999996,0.7827587723731995,-1,-1,-1
476,6,1414.4827,861.27716,1145.5173,451.26617,0.7685819268226624,-1,-1,-1
477,6,1116.7025,826.82666,1182.6447,501.2057,0.7943417429924011,-1,-1,-1
478,6,785.35126,828.49884,1222.8455,512.5718399999998,0.7506394982337952,-1,-1,-1
498,7,1608.8767,808.1604,951.1233,494.58593999999994,0.8336092829704285,-1,-1,-1
499,7,1267.2069,804.43634,1134.8448,504.77386,0.7982686758041382,-1,-1,-1
500,7,947.1979,830.19604,1145.475,497.01586999999995,0.7851685881614685,-1,-1,-1
501,7,631.8402,829.99725,1129.2003999999997,508.82477000000006,0.8015393018722534,-1,-1,-1
502,7,335.2028,838.07263,1148.1593,518.75867,0.7684266567230225,-1,-1,-1
503,7,3.2657623,849.1266,1150.8187,522.6618699999999,0.815640389919281,-1,-1,-1
