1,0,452.268,504.02374,328.09594999999996,249.84674000000007,0.9006620645523071,-1,-1,-1
1,1,1018.53625,411.3528,198.2935799999999,163.37576,0.8916139602661133,-1,-1,-1
1,2,1158.0186,258.2779,134.47606999999994,119.46188000000001,0.8496230840682983,-1,-1,-1
2,0,432.08047,506.33066,336.73996,250.93343999999996,0.9051952362060547,-1,-1,-1
2,1,1016.1822,411.13934,197.28325999999993,162.87328999999994,0.8956716656684875,-1,-1,-1
2,2,1157.3495,258.42462,135.53197999999998,119.90145999999999,0.8521876335144043,-1,-1,-1
3,0,410.70435,512.56085,344.44794,255.73113999999998,0.8979684114456177,-1,-1,-1
3,1,1011.7484,411.49933,200.57763999999997,165.60717999999997,0.8961443901062012,-1,-1,-1
3,2,1157.4312,259.66882,135.50854000000004,118.74011000000002,0.853731095790863,-1,-1,-1
4,0,389.51837,517.2406,352.03125,261.9655,0.8967834115028381,-1,-1,-1
4,1,1010.7497,412.88464,198.10174999999992,164.74956999999995,0.8940103054046631,-1,-1,-1
4,2,1157.3922,262.41205,135.16748000000007,118.89853,0.8415461182594299,-1,-1,-1
5,0,369.1474,520.3489,357.5419299999999,266.701,0.9045745134353638,-1,-1,-1
5,1,1008.44507,412.87802,199.70165999999995,165.80655000000002,0.8913047909736633,-1,-1,-1
5,2,1157.2363,261.77762,135.36255000000006,119.99588,0.8490911722183228,-1,-1,-1
6,0,348.38757,528.828,358.72028,268.55071999999996,0.8995606303215027,-1,-1,-1
6,1,1001.59094,412.83658,202.36182000000008,167.18849999999998,0.8877554535865784,-1,-1,-1
6,2,1156.5712,262.4617,134.62903000000006,120.01053000000002,0.8557040691375732,-1,-1,-1
7,0,324.63202,535.9394,366.06543,273.53412000000003,0.916121244430542,-1,-1,-1
7,1,997.9891,412.61667,203.1724200000001,168.43093999999996,0.8878082633018494,-1,-1,-1
7,2,1154.2668,263.97073,136.37940000000003,121.55237,0.8541713953018188,-1,-1,-1
8,0,293.71597,539.4171,382.45108,281.6443499999999,0.8952731490135193,-1,-1,-1
8,1,992.8646,415.52884,207.6411099999999,167.87966999999998,0.8899548649787903,-1,-1,-1
8,2,1155.8232,265.69482,135.83447,121.05788999999999,0.8459814190864563,-1,-1,-1
9,0,269.49896,547.9201,386.19927999999993,283.9416,0.8978704810142517,-1,-1,-1
9,1,991.98364,415.731,205.48120000000006,167.94412,0.8901253342628479,-1,-1,-1
9,2,1156.4279,265.53198,134.1128000000001,122.77575999999999,0.8978147506713867,-1,-1,-1
10,0,239.28822,554.05225,393.55589999999995,292.19270000000006,0.8936217427253723,-1,-1,-1
10,1,985.63025,415.74323,208.5181899999999,170.31518999999997,0.8897526264190674,-1,-1,-1
10,2,1155.0936,264.46017,136.16088999999988,124.34841999999998,0.897274374961853,-1,-1,-1
11,0,199.856,560.3979,410.91560000000004,301.6037600000001,0.9123753309249878,-1,-1,-1
11,1,981.4377,416.00867,208.8714,172.49780000000004,0.8872017860412598,-1,-1,-1
11,2,1156.0958,270.73514,134.3154300000001,120.07083,0.8713980913162231,-1,-1,-1
12,0,171.3304,567.8534,420.9186399999999,309.67596000000003,0.9094952940940857,-1,-1,-1
12,1,980.38916,415.93045,206.45922999999993,172.67415999999997,0.8913288712501526,-1,-1,-1
12,2,1157.6415,271.93805,131.43859999999995,118.84436,0.8685784339904785,-1,-1,-1
13,0,136.65942,578.778,430.85254000000003,311.51892,0.8880598545074463,-1,-1,-1
13,1,975.66736,417.51816,206.7263200000001,173.74899999999997,0.8986082077026367,-1,-1,-1
13,2,1156.9509,274.32712,131.13366999999994,118.09476000000001,0.8642439246177673,-1,-1,-1
14,0,104.10768,595.4517,438.71143,315.44780000000003,0.8897539377212524,-1,-1,-1
14,1,968.82513,417.67,211.3334400000001,174.7244,0.8865172863006592,-1,-1,-1
14,2,1156.0929,274.5625,133.39501999999993,119.50664999999998,0.8662921190261841,-1,-1,-1
15,0,63.54446,601.0299,455.24099999999993,328.77698,0.8944002985954285,-1,-1,-1
15,1,966.8467,417.36392,209.5646999999999,175.94057999999995,0.8823795914649963,-1,-1,-1
15,2,1155.3572,274.18256,135.01880000000006,121.25943000000001,0.8628370761871338,-1,-1,-1
16,0,30.937784,614.3401,453.22928,331.85608,0.8855171203613281,-1,-1,-1
16,1,960.072,416.3931,213.64294000000007,179.45981000000006,0.8809695839881897,-1,-1,-1
16,2,1154.4939,277.31082,133.64246000000003,119.30783000000002,0.8665577173233032,-1,-1,-1
17,0,1.981573,624.9054,449.88123,343.86298,0.8855255246162415,-1,-1,-1
17,1,953.2461,417.72916,217.60875999999996,179.05399,0.8877667784690857,-1,-1,-1
17,2,1153.3917,279.98032,133.8415500000001,117.66095000000001,0.8707510232925415,-1,-1,-1
18,0,0.0,647.301,415.10492,344.062,0.8860346078872681,-1,-1,-1
18,1,947.69135,419.39832,218.45038,181.28570000000002,0.8968657851219177,-1,-1,-1
18,2,1153.9329,280.41986,132.50610000000006,117.90027000000003,0.865995466709137,-1,-1,-1
19,0,0.0,660.3409,374.30402,345.66876,0.8954704999923706,-1,-1,-1
19,1,945.14355,421.73907,218.3601000000001,180.62151999999998,0.8984864950180054,-1,-1,-1
19,2,1152.5742,282.39365,132.81188999999995,118.26346000000001,0.874143123626709,-1,-1,-1
20,0,0.0,670.5732,340.72296,363.34906,0.8838542699813843,-1,-1,-1
20,1,940.85236,420.79834,219.33405000000005,185.00859999999994,0.8963655233383179,-1,-1,-1
20,2,1152.2562,283.19388,133.98424999999997,119.00452000000001,0.8724024295806885,-1,-1,-1
21,0,0.0,690.1562,306.28064,376.5289999999999,0.7223516702651978,-1,-1,-1
21,1,938.25287,424.17368,219.52643000000012,183.93033000000003,0.8958653211593628,-1,-1,-1
21,2,1151.1357,281.6154,133.93225000000007,121.06900000000002,0.8654384016990662,-1,-1,-1
22,0,0.429697,696.73126,254.09418,374.39606000000003,0.7615150809288025,-1,-1,-1
22,1,934.8029,422.98425,219.89288,186.14189999999996,0.9037127494812012,-1,-1,-1
22,2,1150.0225,281.23123,134.58105,122.23422,0.8667575716972351,-1,-1,-1
23,0,0.115127556,718.2077,221.77827,360.40240000000006,0.8011636734008789,-1,-1,-1
23,1,926.0654,424.9049,228.15442000000007,186.71252000000004,0.9043354988098145,-1,-1,-1
23,2,1149.6681,283.047,135.49207,122.15057000000002,0.8691906929016113,-1,-1,-1
24,1,921.90356,425.75772,228.14123999999993,186.48971999999998,0.9115333557128906,-1,-1,-1
24,2,1149.8103,283.35043,135.8737799999999,123.83765,0.8678372502326965,-1,-1,-1
25,1,917.7827,427.40045,226.0565200000001,186.38695999999993,0.9113637208938599,-1,-1,-1
25,2,1149.8069,286.02853,134.90868999999998,123.09122000000002,0.8735038042068481,-1,-1,-1
26,1,912.8949,430.40466,226.67334000000005,183.60553,0.9106554985046387,-1,-1,-1
26,2,1148.5194,286.73593,135.88806,122.82033999999999,0.8750032186508179,-1,-1,-1
27,1,907.24786,430.0253,226.68146000000002,185.72275000000002,0.9023606181144714,-1,-1,-1
27,2,1149.5763,289.35806,134.13806,121.77756,0.8756276965141296,-1,-1,-1
28,1,898.60974,431.72617,231.83776999999998,186.63675,0.8960303068161011,-1,-1,-1
28,2,1148.2538,289.90732,136.01709000000005,122.17242399999998,0.8787865042686462,-1,-1,-1
29,1,892.5345,432.3337,235.99554000000012,187.34273999999994,0.8971542119979858,-1,-1,-1
29,2,1149.3254,292.67404,133.63977,120.50009,0.8815760016441345,-1,-1,-1
30,1,883.58203,433.0924,241.30712999999992,187.83392000000003,0.8978276252746582,-1,-1,-1
30,2,1148.2172,294.52173,133.7889399999999,120.31212999999997,0.8812524676322937,-1,-1,-1
31,1,878.1819,433.1863,242.8551,187.78989000000007,0.9023334383964539,-1,-1,-1
31,2,1148.3369,295.36655,131.35852,119.41845999999998,0.8822439908981323,-1,-1,-1
32,1,874.7607,433.099,238.93866000000003,188.13353999999998,0.8981941342353821,-1,-1,-1
32,2,1147.8586,296.05148,130.93309999999997,120.98065000000003,0.8819724917411804,-1,-1,-1
33,1,871.74316,432.91824,236.98559999999998,189.23111,0.9071899652481079,-1,-1,-1
33,2,1149.1821,297.58762,128.70910000000003,120.29092400000002,0.8941003680229187,-1,-1,-1
34,1,865.5863,432.7992,237.11035000000004,190.47881999999998,0.9023761749267578,-1,-1,-1
34,2,1147.6031,297.67587,130.8366699999999,121.348206,0.9014965891838074,-1,-1,-1
35,1,859.30176,432.4986,238.26671999999996,193.40906000000007,0.9012398719787598,-1,-1,-1
35,2,1148.2194,298.56113,130.32567999999992,121.75528000000003,0.8886067867279053,-1,-1,-1
36,1,850.28955,431.81433,243.02441,198.23877,0.8983166217803955,-1,-1,-1
36,2,1146.6075,299.22757,131.64086999999995,122.33218399999998,0.8886557221412659,-1,-1,-1
37,1,842.6816,430.66177,248.10552999999993,200.90236999999996,0.9013921618461609,-1,-1,-1
37,2,1145.6633,300.19012,132.71423000000004,121.58752400000003,0.8886797428131104,-1,-1,-1
38,1,835.46674,430.34283,247.77764999999988,203.26532000000003,0.8991798758506775,-1,-1,-1
38,2,1145.7213,302.01352,132.54773,120.61899,0.8860583901405334,-1,-1,-1
39,1,825.5749,429.59924,250.51020000000005,205.30151,0.901069164276123,-1,-1,-1
39,2,1144.3698,304.34198,132.7491500000001,120.73345999999998,0.8857415318489075,-1,-1,-1
40,1,817.6906,429.60266,252.97687000000008,207.49541999999997,0.9049832224845886,-1,-1,-1
40,2,1141.3005,305.3356,134.89635999999996,121.06326000000001,0.8853726387023926,-1,-1,-1
41,1,813.0154,430.6646,250.75622999999996,209.16333000000003,0.9022884964942932,-1,-1,-1
41,2,1142.2393,306.9666,132.71924000000013,119.65163999999999,0.8823051452636719,-1,-1,-1
42,1,807.652,429.72516,249.5,212.80023,0.887719452381134,-1,-1,-1
42,2,1141.9369,306.7595,132.75207999999998,121.56423999999998,0.8797783255577087,-1,-1,-1
43,1,801.6295,429.54794,246.1436799999999,208.19253999999995,0.8837142586708069,-1,-1,-1
43,2,1141.0471,308.33655,134.6642999999999,121.37741,0.8862990736961365,-1,-1,-1
44,1,795.6201,430.2969,243.47667999999987,207.48123000000004,0.7985434532165527,-1,-1,-1
44,2,1140.6797,308.9231,134.47180000000003,120.61626999999999,0.8802741765975952,-1,-1,-1
45,1,784.6776,431.50656,248.71398999999997,210.43258999999995,0.7616615891456604,-1,-1,-1
45,2,1139.4016,309.67682,133.66931,121.63180499999999,0.877210259437561,-1,-1,-1
46,1,776.08136,431.82657,246.62523999999996,209.48538000000002,0.7315199971199036,-1,-1,-1
46,2,1138.4589,310.1612,133.63329999999996,121.79131999999998,0.8759403824806213,-1,-1,-1
47,1,766.2321,433.1102,247.20452999999998,214.43540000000002,0.7031130790710449,-1,-1,-1
47,2,1135.4271,309.07687,137.67883000000006,124.57388000000003,0.8764457106590271,-1,-1,-1
48,1,759.83594,432.48315,247.3274,217.56756999999993,0.7313075065612793,-1,-1,-1
48,2,1134.2014,310.08194,138.19957999999997,124.73727400000001,0.8758979439735413,-1,-1,-1
49,2,1132.312,311.99918,139.09033,124.89312999999999,0.8727796077728271,-1,-1,-1
50,2,1130.4069,311.51874,140.42676000000006,127.12691999999998,0.8866797089576721,-1,-1,-1
51,2,1129.0051,310.9326,139.64075000000003,127.69836399999997,0.8862684369087219,-1,-1,-1
52,2,1127.5721,309.93558,140.4226000000001,129.67275999999998,0.8754397630691528,-1,-1,-1
52,4,828.58356,479.68628,499.9340199999999,592.40234,0.812414824962616,-1,-1,-1
53,2,1127.7579,312.49887,138.0299,129.46677,0.8626251816749573,-1,-1,-1
53,4,846.414,461.4436,487.75884999999994,592.7480499999999,0.8530667424201965,-1,-1,-1
54,2,1128.4506,313.18124,137.06774999999993,128.42212,0.8726327419281006,-1,-1,-1
54,4,857.56836,464.62357,483.02099999999996,579.5703000000001,0.8532666563987732,-1,-1,-1
55,1,692.2398,443.21494,270.3733,230.07693,0.6610864400863647,-1,-1,-1
55,2,1127.5424,315.19733,136.23363999999992,128.34521,0.8747332692146301,-1,-1,-1
55,4,869.84344,446.52084,471.98540000000014,563.4596,0.871068000793457,-1,-1,-1
56,1,678.16113,445.86,276.9705799999999,229.64764000000002,0.8533558249473572,-1,-1,-1
56,2,1127.4296,315.40637,135.21508999999992,129.68768,0.8704121708869934,-1,-1,-1
56,4,884.7634,427.69348,460.14868,563.60443,0.8797762989997864,-1,-1,-1
57,1,668.0949,448.07104,274.21442,231.31530000000004,0.8781914710998535,-1,-1,-1
57,2,1127.0558,315.96237,134.93774000000008,128.34548999999998,0.8462452292442322,-1,-1,-1
57,4,899.77875,412.97845,450.6358,567.1616999999999,0.9049485325813293,-1,-1,-1
58,1,660.1087,449.16803,276.03503,232.45897999999994,0.8924073576927185,-1,-1,-1
58,2,1125.615,317.5427,136.57385,126.34448000000003,0.8069062829017639,-1,-1,-1
58,4,911.2911,421.6398,448.84966999999995,530.2471,0.8800539374351501,-1,-1,-1
59,1,648.83234,448.9818,284.9768700000001,236.13549999999998,0.9036469459533691,-1,-1,-1
59,2,1121.2568,316.81042,140.52929999999992,122.57928500000003,0.726579487323761,-1,-1,-1
59,4,918.7333,419.69135,446.3369000000001,519.3446999999999,0.8703768253326416,-1,-1,-1
60,1,634.8091,451.1574,292.67334000000005,238.29759999999993,0.9016585350036621,-1,-1,-1
60,4,931.7431,398.68176,434.84453999999994,517.6809000000001,0.8730513453483582,-1,-1,-1
61,1,623.4995,452.1383,298.34558000000004,240.75219999999996,0.8986597657203674,-1,-1,-1
61,4,942.3152,393.70685,423.5769,508.1737,0.8795238137245178,-1,-1,-1
62,1,613.94116,454.0356,300.8094,242.01212000000004,0.8993051648139954,-1,-1,-1
62,4,955.8638,389.19443,418.0907000000001,492.34439999999995,0.8855767250061035,-1,-1,-1
63,1,599.72906,452.9762,306.03827,245.15515,0.898247241973877,-1,-1,-1
63,4,967.9245,380.23358,417.8721300000001,489.31293,0.8974213004112244,-1,-1,-1
64,1,588.7899,453.27875,304.70154,248.21088000000003,0.9060003161430359,-1,-1,-1
64,4,981.43176,367.6524,405.6600299999999,482.2741700000001,0.9008880257606506,-1,-1,-1
65,1,571.2349,453.9865,309.6789,250.68200000000002,0.9058017134666443,-1,-1,-1
65,4,994.8252,362.97888,395.7671,478.34264999999994,0.8952634930610657,-1,-1,-1
66,1,557.24426,455.94965,313.35132,255.06029999999998,0.9087761044502258,-1,-1,-1
66,4,1007.8051,353.94308,387.10735999999997,478.4066,0.8880234956741333,-1,-1,-1
67,1,543.5829,455.27322,322.21582,258.5380599999999,0.903559148311615,-1,-1,-1
67,4,1015.83887,339.58762,383.58667000000014,480.99056999999993,0.8945873975753784,-1,-1,-1
68,1,525.2386,454.32748,334.75226,262.44406,0.9032514095306396,-1,-1,-1
68,4,1032.5287,346.21194,374.74414,465.27022999999997,0.883980393409729,-1,-1,-1
69,1,510.68088,456.36612,340.06326,265.8008699999999,0.8980123400688171,-1,-1,-1
69,4,1040.4237,346.4437,369.3855000000001,450.8743,0.8916342258453369,-1,-1,-1
70,1,497.23007,459.22394,342.34567,266.66259999999994,0.9009281992912292,-1,-1,-1
70,4,1048.3363,344.81235,365.41100000000006,442.0201,0.8914306163787842,-1,-1,-1
71,1,479.10733,461.94727,343.4791599999999,272.17711999999995,0.9113980531692505,-1,-1,-1
71,4,1057.5449,339.25302,361.3767,436.5082699999999,0.897608757019043,-1,-1,-1
72,1,466.3211,460.78906,345.95574999999997,276.6623,0.9143376350402832,-1,-1,-1
72,4,1067.194,333.09113,354.38733,437.29822,0.8963080644607544,-1,-1,-1
73,1,454.71704,458.2704,346.55926999999997,282.6853,0.9136337041854858,-1,-1,-1
73,4,1077.7878,327.88345,355.1106,430.70956000000007,0.9012007117271423,-1,-1,-1
74,1,442.2849,460.5885,347.45359999999994,285.44744999999995,0.9126839637756348,-1,-1,-1
74,4,1081.137,327.42392,352.45703000000003,423.52242999999993,0.8971606492996216,-1,-1,-1
75,1,422.61206,458.28815,355.47247,292.88428,0.9182220101356506,-1,-1,-1
75,4,1090.2131,322.85327,347.85277999999994,418.2752,0.9105388522148132,-1,-1,-1
76,1,412.7686,457.48877,350.13815,299.27832000000006,0.9168081879615784,-1,-1,-1
76,4,1093.5903,320.23108,345.99902,416.6508799999999,0.9165616035461426,-1,-1,-1
77,1,392.36957,452.89865,357.97643999999997,310.35983,0.9124785661697388,-1,-1,-1
77,4,1105.1167,319.91418,329.4248,404.1709599999999,0.9051547646522522,-1,-1,-1
78,1,375.60095,454.52533,364.96990000000005,311.74089999999995,0.9177519679069519,-1,-1,-1
78,4,1110.8447,324.60925,335.1152299999999,397.09003000000007,0.9036883115768433,-1,-1,-1
79,1,354.64838,454.21918,368.99,321.97283999999996,0.903573751449585,-1,-1,-1
79,4,1117.6235,324.74966,327.7223999999999,392.2289,0.9012462496757507,-1,-1,-1
80,1,340.4212,461.45877,370.12958000000003,318.7871400000001,0.8919331431388855,-1,-1,-1
80,4,1123.3392,323.24545,328.58032000000003,387.04190000000006,0.9030913710594177,-1,-1,-1
81,1,318.7348,474.79758,374.26494999999994,316.2316,0.9026675820350647,-1,-1,-1
81,4,1131.2631,319.58014,323.30126999999993,387.43378,0.9030696153640747,-1,-1,-1
82,1,298.22964,478.59656,382.94100000000003,319.10679999999996,0.8932541608810425,-1,-1,-1
82,4,1139.8153,320.65152,314.78649999999993,379.2288,0.9065840840339661,-1,-1,-1
83,1,277.81052,488.80243,385.36783,318.38745,0.9046977162361145,-1,-1,-1
83,4,1144.1252,319.0953,314.55504999999994,376.07675,0.9144976139068604,-1,-1,-1
84,1,250.96565,491.5561,404.54193,327.2848,0.9053758382797241,-1,-1,-1
84,4,1147.8702,319.17706,312.0313699999999,374.82512999999994,0.9121898412704468,-1,-1,-1
85,1,237.06653,492.65335,400.68213,332.57742,0.9064165949821472,-1,-1,-1
85,4,1155.8326,317.2077,310.6521,372.10814999999997,0.9105923771858215,-1,-1,-1
86,1,209.98764,495.51123,407.9039000000001,340.16815,0.9014467000961304,-1,-1,-1
86,4,1167.7759,316.11862,300.4915799999999,366.87192,0.9145991206169128,-1,-1,-1
87,1,188.02693,498.0948,412.65778,349.83324999999996,0.8953691720962524,-1,-1,-1
87,4,1172.6808,315.5579,297.5822800000001,363.9207,0.910304605960846,-1,-1,-1
88,1,159.86285,500.7062,424.34576000000004,355.87357000000003,0.8885340094566345,-1,-1,-1
88,4,1177.3136,319.63187,298.03845,358.46268000000003,0.9145854711532593,-1,-1,-1
89,1,133.32509,508.59668,432.5111,359.07465,0.8975075483322144,-1,-1,-1
89,4,1188.4452,318.7039,287.56872999999996,355.75967,0.9117100834846497,-1,-1,-1
89,5,1053.8712,383.6288,164.69885,131.37093999999996,0.830298900604248,-1,-1,-1
90,1,112.36936,518.04755,436.61514,363.01610000000005,0.8979185223579407,-1,-1,-1
90,4,1195.0641,319.10556,283.83447,351.41299999999995,0.9083711504936218,-1,-1,-1
90,5,1060.385,384.89798,164.36462000000006,130.4205,0.8696801662445068,-1,-1,-1
91,1,80.762436,527.5502,450.0919200000001,369.49902,0.8982676267623901,-1,-1,-1
91,4,1200.6124,319.24567,277.56726000000003,346.82385,0.9075549244880676,-1,-1,-1
91,5,1065.3785,386.07654,166.9431199999999,130.21813999999995,0.866209089756012,-1,-1,-1
92,1,55.70779,537.1582,450.891,377.48462000000006,0.8932532072067261,-1,-1,-1
92,4,1204.7534,316.0032,280.0724,346.3851599999999,0.9117326736450195,-1,-1,-1
92,5,1071.7378,387.80243,164.20714999999996,128.96655000000004,0.874049961566925,-1,-1,-1
93,1,33.31834,549.01514,453.1488,376.42065,0.8817503452301025,-1,-1,-1
93,4,1209.0609,318.5735,281.35339999999997,340.39080000000007,0.9065651893615723,-1,-1,-1
93,5,1082.7053,390.93216,157.80005000000006,127.15334999999999,0.8611713647842407,-1,-1,-1
94,1,6.9595237,559.03375,459.221,381.5086,0.8968769907951355,-1,-1,-1
94,4,1215.4587,316.00034,278.95751999999993,342.21677000000005,0.9105249643325806,-1,-1,-1
94,5,1086.1967,390.42746,158.6506300000001,127.77579000000003,0.8442835211753845,-1,-1,-1
95,1,0.17758368,573.75397,438.68973,383.54016,0.8967697024345398,-1,-1,-1
95,4,1222.1802,318.5416,273.91345,337.8931,0.9105757474899292,-1,-1,-1
95,5,1089.554,389.45856,159.45922999999993,128.89232999999996,0.8432554006576538,-1,-1,-1
96,1,0.0,589.435,422.73978,385.8885,0.8948035836219788,-1,-1,-1
96,4,1230.472,318.4479,266.6052199999999,335.85098000000005,0.9138616323471069,-1,-1,-1
96,5,1094.3815,387.7583,158.73486000000003,129.75530999999995,0.8431912064552307,-1,-1,-1
97,1,0.0,594.9846,392.86816,396.45966,0.878524899482727,-1,-1,-1
97,4,1238.3602,318.88043,262.05737,332.60992000000005,0.918110728263855,-1,-1,-1
97,5,1098.3885,386.05673,155.62133999999992,132.26273000000003,0.841347336769104,-1,-1,-1
98,1,0.0,602.8692,361.66248,405.99768000000006,0.8765817880630493,-1,-1,-1
98,4,1241.412,318.4865,259.4576400000001,331.15863,0.9178584218025208,-1,-1,-1
98,5,1101.1244,386.508,157.20605,131.23485999999997,0.847230076789856,-1,-1,-1
99,1,0.0,607.9489,336.25732,419.37127999999996,0.8725568652153015,-1,-1,-1
99,4,1245.6705,320.26947,257.5836200000001,327.4173,0.9168509840965271,-1,-1,-1
99,5,1103.3466,382.96164,156.5853300000001,135.59195,0.85806804895401,-1,-1,-1
100,1,0.49432752,613.33954,309.57516,431.69635000000005,0.8758683204650879,-1,-1,-1
100,4,1251.8325,321.76456,253.10619999999994,323.91562000000005,0.9199994206428528,-1,-1,-1
100,5,1105.7654,384.4612,156.44397000000004,135.47287,0.8542395830154419,-1,-1,-1
101,1,0.41496274,630.88574,279.67456,442.0497999999999,0.7653812766075134,-1,-1,-1
101,4,1257.2158,324.0134,248.54369999999994,318.12582000000003,0.9168071150779724,-1,-1,-1
101,5,1109.8973,383.18823,156.48450000000003,138.30286,0.8592402338981628,-1,-1,-1
102,1,0.33225057,653.0811,248.73518,422.63677999999993,0.7780168056488037,-1,-1,-1
102,4,1261.4801,327.01886,247.06188999999995,311.80304,0.9125279784202576,-1,-1,-1
102,5,1111.7618,383.59067,157.2669699999999,138.13161999999994,0.8588359355926514,-1,-1,-1
103,1,0.0,663.36237,221.37802,416.63762999999994,0.7477751970291138,-1,-1,-1
103,4,1263.3052,326.93243,247.23839999999996,309.76288000000005,0.9130725860595703,-1,-1,-1
103,5,1113.7985,383.87613,157.76135,138.59836000000007,0.8610005974769592,-1,-1,-1
104,4,1264.6672,327.54236,243.61547999999993,306.989,0.9103283882141113,-1,-1,-1
104,5,1114.558,384.41687,159.39013999999997,138.88617,0.862389087677002,-1,-1,-1
105,4,1266.3726,328.3807,242.60448999999994,304.35445999999996,0.9138717651367188,-1,-1,-1
105,5,1115.54,384.5098,158.25658999999996,138.37015000000002,0.8603007197380066,-1,-1,-1
106,4,1269.2736,330.4227,240.9775400000001,301.28195,0.9171606302261353,-1,-1,-1
106,5,1115.822,384.24475,159.25549999999998,139.85895,0.8656756281852722,-1,-1,-1
107,4,1272.1609,331.32706,238.93932999999993,297.86337,0.9174215197563171,-1,-1,-1
107,5,1116.6073,384.15295,159.74669999999992,140.49408,0.863610565662384,-1,-1,-1
108,4,1274.821,334.5339,235.44324000000006,292.04166,0.9162499308586121,-1,-1,-1
108,5,1117.3798,383.27914,159.8226299999999,141.49599999999998,0.8659477233886719,-1,-1,-1
109,4,1279.1289,333.5516,231.39453000000003,290.11307,0.9163078665733337,-1,-1,-1
109,5,1117.5126,384.1771,159.88904000000002,142.03732000000002,0.8763270974159241,-1,-1,-1
110,4,1281.6196,334.4797,231.20227,288.36245999999994,0.9177437424659729,-1,-1,-1
110,5,1117.817,384.1438,160.66112999999996,143.58930000000004,0.8742770552635193,-1,-1,-1
111,4,1286.316,337.21143,225.94066999999995,283.9254,0.9165542721748352,-1,-1,-1
111,5,1118.881,384.04538,159.34302000000002,145.16769999999997,0.8794279098510742,-1,-1,-1
112,4,1290.2589,337.05756,223.31628,282.62195,0.9159597754478455,-1,-1,-1
112,5,1118.3508,383.90417,158.67040999999995,145.19604000000004,0.8830534815788269,-1,-1,-1
113,4,1292.2029,337.75952,222.46497,279.4295,0.9133881330490112,-1,-1,-1
113,5,1119.0771,385.20245,157.74304000000006,144.95025999999996,0.8829561471939087,-1,-1,-1
113,6,821.09143,885.2825,507.03369999999995,194.71753000000012,0.6948923468589783,-1,-1,-1
114,4,1293.7268,337.30817,221.5942399999999,277.24207,0.910893440246582,-1,-1,-1
114,5,1116.9355,386.88736,161.1904300000001,144.42415999999997,0.8836240172386169,-1,-1,-1
115,4,1298.0984,335.89276,217.7597699999999,277.42145,0.9084939360618591,-1,-1,-1
115,5,1115.5472,385.63092,161.67529999999988,146.54486000000003,0.8884677886962891,-1,-1,-1
116,4,1298.3846,336.1707,217.98290999999995,273.82047,0.9083678126335144,-1,-1,-1
116,5,1116.0925,386.41495,162.22205000000008,145.85837000000004,0.8828042149543762,-1,-1,-1
117,4,1304.0013,336.713,212.96118,270.8509000000001,0.9086681604385376,-1,-1,-1
117,5,1116.5618,387.68118,160.83385999999996,146.2493,0.8792924284934998,-1,-1,-1
118,4,1305.383,337.11905,210.58727999999996,267.59256000000005,0.9080641865730286,-1,-1,-1
118,5,1114.8864,390.0113,159.2230199999999,146.85986000000003,0.9003658890724182,-1,-1,-1
119,4,1305.8345,335.2641,211.25098000000003,267.71935999999994,0.9081854820251465,-1,-1,-1
119,5,1113.5977,391.0482,161.59874999999988,144.99367999999998,0.8648505210876465,-1,-1,-1
120,4,1306.8907,332.8349,210.74010999999996,267.66138000000007,0.9063448905944824,-1,-1,-1
120,5,1109.7644,391.48886,165.97180000000003,144.55405000000002,0.8619022965431213,-1,-1,-1
120,6,872.2521,742.5398,470.1572299999999,337.4602,0.8073639273643494,-1,-1,-1
121,4,1310.4119,334.55594,208.12085000000002,262.92434999999995,0.9059585332870483,-1,-1,-1
121,5,1110.2501,391.49182,163.79027999999994,142.12201,0.8654543161392212,-1,-1,-1
121,6,877.53784,728.4068,467.10082999999986,351.5932,0.8269770741462708,-1,-1,-1
122,4,1311.8663,332.84326,209.05750000000012,263.02576,0.9044755101203918,-1,-1,-1
122,5,1107.8994,388.4018,166.99854000000005,144.98615000000007,0.8676968812942505,-1,-1,-1
122,6,890.7853,713.5519,454.115,366.4481199999999,0.8738906979560852,-1,-1,-1
123,4,1314.841,335.63437,208.28015000000005,256.67972,0.9012496471405029,-1,-1,-1
123,5,1105.2216,389.23447,169.33960000000002,145.55886999999996,0.8618009090423584,-1,-1,-1
123,6,900.0212,692.06506,445.82976999999994,386.94665999999995,0.7959865927696228,-1,-1,-1
124,4,1316.6093,335.0272,206.12023999999997,255.73928999999998,0.9017017483711243,-1,-1,-1
124,5,1094.9658,391.20102,177.80224999999996,146.50705,0.864902675151825,-1,-1,-1
124,6,917.713,684.9462,431.11670000000004,384.17267000000004,0.8757142424583435,-1,-1,-1
125,4,1322.0376,338.41293,202.6804199999999,250.50131000000005,0.8980968594551086,-1,-1,-1
125,5,1092.5005,391.20648,179.8728000000001,145.92645,0.8563910126686096,-1,-1,-1
125,6,920.7421,668.64014,434.24810000000014,399.8158000000001,0.8841696381568909,-1,-1,-1
126,4,1324.689,334.02762,201.48376000000007,251.65067000000005,0.8968096971511841,-1,-1,-1
126,5,1087.1147,386.27722,184.3551,153.98700000000002,0.8827141523361206,-1,-1,-1
126,6,927.23615,653.7034,429.31134,399.0534000000001,0.8901482224464417,-1,-1,-1
127,4,1328.1729,333.62628,200.3357000000001,250.69225999999998,0.8983440399169922,-1,-1,-1
127,5,1088.217,381.39322,183.1832300000001,160.17392,0.8946367502212524,-1,-1,-1
127,6,937.79034,636.8138,421.51886000000013,395.23040000000003,0.9044457077980042,-1,-1,-1
128,4,1333.5026,333.04474,194.26623999999993,249.48669999999998,0.8962268233299255,-1,-1,-1
128,5,1085.2736,383.86618,181.79027999999994,158.05800999999997,0.9000948667526245,-1,-1,-1
128,6,940.87415,626.9953,423.50317000000007,389.82079999999996,0.9023502469062805,-1,-1,-1
129,4,1336.7009,333.0258,192.41454999999996,247.50894000000005,0.8870646953582764,-1,-1,-1
129,5,1089.1669,381.5809,176.42993,161.59232000000003,0.8944684863090515,-1,-1,-1
129,6,952.8988,612.44025,411.96997,384.21924,0.9100812077522278,-1,-1,-1
130,4,1338.2866,330.724,191.40661999999998,248.26232999999996,0.8903825283050537,-1,-1,-1
130,5,1087.9883,385.1914,175.02087000000006,159.82318000000004,0.8982285857200623,-1,-1,-1
130,6,958.8545,598.0491,405.92675999999994,381.3567499999999,0.9086689352989197,-1,-1,-1
131,4,1338.5176,333.1027,192.42603000000008,244.52499999999998,0.8833833932876587,-1,-1,-1
131,5,1084.0143,384.73666,176.83312999999998,161.23294000000004,0.9000539183616638,-1,-1,-1
131,6,973.7356,586.9879,392.9503199999999,369.6178,0.9124736785888672,-1,-1,-1
132,4,1339.8124,332.41858,191.77233999999999,242.59607000000005,0.8767176270484924,-1,-1,-1
132,5,1079.6323,389.11002,177.9084499999999,157.04659999999996,0.9325559139251709,-1,-1,-1
132,6,980.2088,577.6766,392.7545799999999,364.13104,0.9055694937705994,-1,-1,-1
133,4,1339.9465,332.41727,191.80224999999996,242.73012999999997,0.8842377662658691,-1,-1,-1
133,5,1074.851,390.22845,180.73108000000002,157.1615,0.8950788974761963,-1,-1,-1
133,6,989.5527,561.93195,385.52679999999987,364.57953,0.9101592898368835,-1,-1,-1
134,4,1343.7723,331.55536,185.74975999999992,241.41289999999998,0.8803420066833496,-1,-1,-1
134,5,1075.7173,391.4999,177.97620000000006,158.86086999999998,0.8990732431411743,-1,-1,-1
134,6,997.6171,555.40564,380.6759599999999,351.98132,0.9110301733016968,-1,-1,-1
135,4,1344.7997,333.34497,185.03307999999993,239.49323000000004,0.8767600059509277,-1,-1,-1
135,5,1068.8374,389.9185,183.3762200000001,162.45938,0.9019978642463684,-1,-1,-1
135,6,1003.9086,544.9527,381.77582000000007,349.9317,0.9107362627983093,-1,-1,-1
136,4,1347.1986,331.99463,182.75499999999988,240.2185,0.8675076365470886,-1,-1,-1
136,5,1065.4678,390.58478,187.91467000000011,166.75060999999994,0.886441707611084,-1,-1,-1
136,6,1015.3046,537.58936,373.8769000000001,339.79229999999995,0.9195190072059631,-1,-1,-1
137,4,1349.1902,332.3099,179.91527999999994,238.01529,0.8654267191886902,-1,-1,-1
137,5,1061.9261,392.5425,189.44983000000002,167.40305,0.8909083604812622,-1,-1,-1
137,6,1025.8234,532.7895,367.61303999999996,332.30988,0.9147216081619263,-1,-1,-1
138,4,1348.8031,332.76636,179.68506000000002,236.85454999999996,0.8714911937713623,-1,-1,-1
138,5,1057.4152,394.29208,193.3252,167.84610000000004,0.9014235734939575,-1,-1,-1
138,6,1034.7806,525.83075,360.44153000000006,326.86078,0.9143943190574646,-1,-1,-1
139,4,1347.5085,333.7499,181.0929000000001,234.48122999999998,0.8771145939826965,-1,-1,-1
139,5,1051.0594,394.1686,198.73119999999994,166.29421999999994,0.8859159350395203,-1,-1,-1
139,6,1044.5463,516.4227,357.4447,325.15936,0.9107086062431335,-1,-1,-1
140,4,1349.4215,333.33798,178.85168,233.36136,0.8742151260375977,-1,-1,-1
140,5,1046.2131,394.37796,201.09912000000008,164.63381999999996,0.7271266579627991,-1,-1,-1
140,6,1053.5983,510.5193,349.04345999999987,317.89362,0.9145183563232422,-1,-1,-1
141,4,1351.6339,333.79843,175.91906999999992,231.199,0.864546000957489,-1,-1,-1
141,6,1062.8268,505.686,346.4167500000001,309.6123400000001,0.9282979369163513,-1,-1,-1
142,4,1351.37,332.02936,175.2406000000001,231.39391999999998,0.8548348546028137,-1,-1,-1
142,6,1067.7247,497.33594,345.0709199999999,309.55303999999995,0.9227831363677979,-1,-1,-1
143,4,1350.708,332.45422,177.93982000000005,229.72064000000006,0.8764675855636597,-1,-1,-1
143,6,1071.8448,490.08862,347.99512000000004,308.08502,0.9213377833366394,-1,-1,-1
144,4,1351.0826,330.9571,178.53150000000005,230.85834000000006,0.8447969555854797,-1,-1,-1
144,6,1082.273,486.18057,336.05602999999996,301.21786,0.9170034527778625,-1,-1,-1
145,4,1354.3644,329.10327,175.49559999999997,229.24622000000005,0.7905489206314087,-1,-1,-1
145,6,1091.7913,479.03625,329.5815399999999,298.14070000000004,0.9286124110221863,-1,-1,-1
146,4,1352.5754,328.9558,177.31017999999995,232.87139999999994,0.7570043802261353,-1,-1,-1
146,6,1096.671,478.8279,329.74181999999996,291.2649200000001,0.9166925549507141,-1,-1,-1
147,4,1356.0839,328.61496,173.09618999999998,226.08371,0.7094148397445679,-1,-1,-1
147,6,1105.208,473.2917,324.10546999999997,289.2265,0.9083178639411926,-1,-1,-1
148,4,1355.8519,327.42947,178.0650599999999,218.97751,0.725036084651947,-1,-1,-1
148,6,1114.5171,469.96777,322.9873,284.06976,0.9025996923446655,-1,-1,-1
149,4,1358.1367,329.09583,175.81054999999992,210.16101000000003,0.6736719012260437,-1,-1,-1
149,6,1124.3458,465.52777,317.74377000000004,282.61493,0.9078028202056885,-1,-1,-1
150,6,1131.9852,461.92862,316.44873000000007,278.0779,0.9132333397865295,-1,-1,-1
151,5,988.4789,402.4107,205.48328000000004,173.2998,0.8312896490097046,-1,-1,-1
151,6,1138.942,462.81094,314.21167000000014,271.1113000000001,0.9165061116218567,-1,-1,-1
152,5,983.02386,402.86624,208.2692300000001,175.92104999999998,0.871433436870575,-1,-1,-1
152,6,1145.8495,456.98523,310.75902999999994,269.1906,0.9138830304145813,-1,-1,-1
153,5,980.45245,402.99313,201.03289999999993,177.36477999999994,0.8966658115386963,-1,-1,-1
153,6,1154.5795,451.79373,307.49133000000006,266.93088,0.9178430438041687,-1,-1,-1
154,5,975.79816,403.89075,203.20452999999998,178.10931000000005,0.8760024905204773,-1,-1,-1
154,6,1161.6707,451.4004,302.9404299999999,265.81464000000005,0.9221736788749695,-1,-1,-1
155,5,967.04767,402.74878,211.33391999999992,182.01599,0.8806337714195251,-1,-1,-1
155,6,1170.9409,449.4899,297.19983,262.74526999999995,0.9082488417625427,-1,-1,-1
156,5,958.662,402.6512,216.25403000000006,184.41074000000003,0.8677698373794556,-1,-1,-1
156,6,1176.6835,446.9634,295.06140000000005,254.67458999999997,0.9213773012161255,-1,-1,-1
157,5,953.2239,406.1144,215.71679999999992,182.92221,0.8685593605041504,-1,-1,-1
157,6,1183.1492,446.69193,291.9548299999999,251.37290000000002,0.9065282344818115,-1,-1,-1
158,5,944.409,407.47052,224.56183,185.8136,0.8642284870147705,-1,-1,-1
158,6,1190.7877,444.3043,287.3370400000001,254.60562000000004,0.9054925441741943,-1,-1,-1
159,5,941.794,404.1148,223.64019999999994,191.30694999999997,0.8750425577163696,-1,-1,-1
159,6,1200.7534,441.01147,279.41345,252.67383,0.9019586443901062,-1,-1,-1
160,5,935.6256,408.018,227.73694000000012,190.72149999999993,0.8827304840087891,-1,-1,-1
160,6,1209.1768,438.38538,274.58214999999996,247.51989999999995,0.8933659791946411,-1,-1,-1
161,5,928.1672,407.366,232.32758,192.94625999999994,0.878672182559967,-1,-1,-1
161,6,1214.0276,437.04498,273.0830000000001,246.94415000000004,0.8952423334121704,-1,-1,-1
162,5,923.7144,411.83954,232.25372000000004,193.12933000000004,0.892450213432312,-1,-1,-1
162,6,1219.4344,437.6475,269.36768000000006,244.41140000000001,0.8970527648925781,-1,-1,-1
163,5,913.1231,413.2711,238.09197999999992,194.20187000000004,0.8769540190696716,-1,-1,-1
163,6,1220.7336,438.88913,271.11852999999996,240.91103999999996,0.9019169807434082,-1,-1,-1
164,5,911.9731,414.74026,231.91179999999997,194.61440999999996,0.888872504234314,-1,-1,-1
164,6,1225.3762,438.08603,270.90967,238.75161999999995,0.9038591980934143,-1,-1,-1
165,5,905.18024,415.27173,231.34235,197.21166999999997,0.877515971660614,-1,-1,-1
165,6,1232.4775,437.59253,267.97253,235.47040000000004,0.9072573781013489,-1,-1,-1
166,5,894.6922,414.67664,236.98491999999987,199.37072999999998,0.8716038465499878,-1,-1,-1
166,6,1235.0569,435.31662,267.01123000000007,233.69558999999998,0.9071442484855652,-1,-1,-1
166,8,1102.7076,408.67227,153.33508000000006,126.36679000000004,0.604835033416748,-1,-1,-1
167,5,883.1405,415.46112,243.6042500000001,200.40844999999996,0.8796329498291016,-1,-1,-1
167,6,1240.4602,435.90744,262.57385,231.20644999999996,0.908370316028595,-1,-1,-1
167,8,1100.4545,408.18127,155.6798100000001,129.59943000000004,0.8309227228164673,-1,-1,-1
168,5,878.27057,414.3941,242.71552000000008,202.76868000000002,0.8943138122558594,-1,-1,-1
168,6,1246.1841,435.8107,257.0479700000001,228.77126999999996,0.9057266116142273,-1,-1,-1
168,8,1096.9111,408.14224,159.39733999999999,129.44583,0.8921645879745483,-1,-1,-1
169,5,869.0593,416.1485,244.42406999999992,202.36035000000004,0.8935045003890991,-1,-1,-1
169,6,1251.8488,435.4892,252.16687000000002,227.77863000000002,0.9043169617652893,-1,-1,-1
169,8,1098.4357,408.364,158.6279300000001,130.31079000000005,0.8911780118942261,-1,-1,-1
170,5,864.7132,414.8859,243.4304800000001,204.57912999999996,0.8924136757850647,-1,-1,-1
170,6,1257.2249,436.1643,248.36474999999996,223.48406999999997,0.9053593277931213,-1,-1,-1
170,8,1102.3689,408.0622,155.04480000000012,131.27429,0.8961342573165894,-1,-1,-1
171,5,856.48755,413.79254,247.26244999999994,207.68445000000003,0.8904539942741394,-1,-1,-1
171,6,1260.5879,435.84354,245.90857000000005,220.24240000000003,0.9076734185218811,-1,-1,-1
171,8,1103.3337,410.21796,154.04248000000007,130.97301999999996,0.8886352181434631,-1,-1,-1
172,5,845.94696,416.49194,249.82562000000007,208.62964,0.8831316828727722,-1,-1,-1
172,6,1262.8701,435.88882,246.3294699999999,219.46976000000006,0.9033332467079163,-1,-1,-1
172,8,1102.4626,409.97397,156.2271699999999,132.68362000000002,0.8973503708839417,-1,-1,-1
173,5,838.318,415.57336,253.13573999999994,211.72577,0.888964831829071,-1,-1,-1
173,6,1265.4833,435.59637,246.41370000000006,218.45727999999997,0.8900361657142639,-1,-1,-1
173,8,1101.512,411.58478,158.53478999999993,131.39855999999997,0.8953503370285034,-1,-1,-1
174,5,824.3013,412.855,262.79200000000003,217.70363999999995,0.8960345387458801,-1,-1,-1
174,6,1271.1481,432.03738,243.77794999999992,220.20352000000003,0.8937068581581116,-1,-1,-1
174,8,1100.5276,412.04462,160.7107000000001,132.00347999999997,0.886179506778717,-1,-1,-1
175,5,817.4386,412.1998,263.19507,220.47513000000004,0.8948383331298828,-1,-1,-1
175,6,1273.5944,432.00494,243.37096999999994,218.01574999999997,0.8965261578559875,-1,-1,-1
175,8,1097.3389,411.69888,164.26073999999994,135.59781000000004,0.8889622688293457,-1,-1,-1
176,5,809.09235,415.74734,262.68536000000006,219.77059999999994,0.8921217918395996,-1,-1,-1
176,6,1275.4546,431.20215,243.07227000000012,215.21106000000003,0.8985894322395325,-1,-1,-1
176,8,1094.8329,411.69202,164.64660000000003,137.45520000000005,0.8875365257263184,-1,-1,-1
177,5,800.4805,415.50513,266.6200600000001,221.30078000000003,0.892693817615509,-1,-1,-1
177,6,1278.2764,429.05402,241.92858999999999,215.12921,0.8994225263595581,-1,-1,-1
177,8,1091.0173,412.52536,169.0434600000001,138.00405999999998,0.8809615969657898,-1,-1,-1
178,5,788.6714,415.0894,267.5118399999999,225.47202,0.8945251107215881,-1,-1,-1
178,6,1279.7451,429.1292,241.89782999999989,213.44225999999998,0.8991167545318604,-1,-1,-1
178,8,1091.0052,411.864,168.42174999999997,139.34990999999997,0.8774084448814392,-1,-1,-1
179,5,779.70013,414.6098,266.88776000000007,228.98920000000004,0.8969885110855103,-1,-1,-1
179,6,1286.2517,427.0723,236.98559999999998,212.10787999999997,0.9034605622291565,-1,-1,-1
179,8,1090.5894,412.8504,167.69896999999992,138.71837999999997,0.8812167644500732,-1,-1,-1
180,5,765.4757,415.10922,274.15355999999997,231.95328,0.9002084732055664,-1,-1,-1
180,6,1292.1862,425.0558,231.07360999999992,211.52881000000002,0.9019262790679932,-1,-1,-1
180,8,1087.2233,412.31125,170.1477,140.89486999999997,0.8974059224128723,-1,-1,-1
181,5,754.104,414.5956,278.75902999999994,234.28183,0.8960590958595276,-1,-1,-1
181,6,1296.28,425.47043,230.18982000000005,209.62680000000006,0.8999421000480652,-1,-1,-1
181,8,1086.9987,412.95026,169.95067999999992,139.93018,0.8770909309387207,-1,-1,-1
182,5,737.297,415.5828,285.75530000000003,236.69961999999998,0.8934319019317627,-1,-1,-1
182,6,1299.6772,426.5709,227.29932000000008,207.04819000000003,0.9027183651924133,-1,-1,-1
182,8,1084.6504,414.75958,172.02794999999992,140.9198,0.8775297403335571,-1,-1,-1
183,5,720.863,416.67908,289.7664199999999,237.99907999999994,0.900808572769165,-1,-1,-1
183,6,1303.5847,424.8181,225.44408999999996,205.24933000000004,0.9035336375236511,-1,-1,-1
183,8,1083.2723,413.79453,173.1622299999999,141.99691999999993,0.879755973815918,-1,-1,-1
184,5,713.4162,416.4257,289.60046,242.29123000000004,0.8972228169441223,-1,-1,-1
184,6,1307.0834,423.6008,222.26171999999997,205.06600999999995,0.9037399291992188,-1,-1,-1
184,8,1080.3335,416.0987,172.90723000000003,142.58898999999997,0.8779277801513672,-1,-1,-1
185,5,696.1664,414.5507,293.4787,248.60904000000005,0.9080906510353088,-1,-1,-1
185,6,1309.4169,426.20712,220.37707999999998,199.48733999999996,0.9018212556838989,-1,-1,-1
185,8,1077.8248,415.2403,174.33752000000004,144.20538000000005,0.8806952238082886,-1,-1,-1
186,5,684.4038,411.66742,298.65527,254.58832000000007,0.9043407440185547,-1,-1,-1
186,6,1311.9924,425.32657,219.23119999999994,199.10634999999996,0.8963099718093872,-1,-1,-1
186,8,1074.5681,415.0461,175.95519999999988,145.58449999999993,0.8840029239654541,-1,-1,-1
187,5,670.2447,416.1912,298.13390000000004,257.0674,0.8946512341499329,-1,-1,-1
187,6,1314.052,423.06116,217.7082499999999,198.18944999999997,0.8942865133285522,-1,-1,-1
187,8,1071.5132,416.69812,177.98082999999997,144.56128,0.884096086025238,-1,-1,-1
187,9,926.74115,372.4057,152.2570199999999,120.88916,0.6513100266456604,-1,-1,-1
188,5,653.3062,413.82397,305.31206999999995,260.88270000000006,0.8982561230659485,-1,-1,-1
188,6,1316.6304,424.80353,215.38599,195.44434,0.8929629921913147,-1,-1,-1
188,8,1069.9609,418.68335,177.7161900000001,143.92548,0.8832519054412842,-1,-1,-1
188,9,924.2388,368.32172,161.01952999999992,136.42352,0.6613345146179199,-1,-1,-1
189,5,633.51434,412.29456,312.2039199999999,267.1373300000001,0.9087136387825012,-1,-1,-1
189,6,1321.3812,425.4815,212.28015000000005,192.20276,0.9015337228775024,-1,-1,-1
189,8,1067.3253,420.26416,176.42724999999996,144.57434000000006,0.8801525235176086,-1,-1,-1
189,9,923.65674,366.56122,163.56139999999994,138.1893,0.6873570084571838,-1,-1,-1
190,5,619.7723,415.4429,309.21564,268.754,0.898524820804596,-1,-1,-1
190,6,1323.243,419.9351,211.29711999999995,195.27749999999997,0.8974485993385315,-1,-1,-1
190,8,1064.4121,421.05896,178.93884000000003,145.32757999999995,0.8770551681518555,-1,-1,-1
190,9,939.02637,371.3253,153.41992000000005,134.68637,0.6709445118904114,-1,-1,-1
191,5,598.7969,415.90207,320.53546000000006,274.96866,0.9040999412536621,-1,-1,-1
191,6,1325.4393,418.93875,208.57214,194.90823,0.8911207318305969,-1,-1,-1
191,8,1062.2018,426.7202,173.4101599999999,141.13269000000003,0.8781975507736206,-1,-1,-1
191,9,936.77356,374.37244,161.66907000000003,132.90233999999998,0.6318949460983276,-1,-1,-1
192,5,582.9993,420.16238,324.5091,275.44301999999993,0.9057201743125916,-1,-1,-1
192,6,1328.9192,424.21213,206.29809999999998,188.21493999999996,0.891864001750946,-1,-1,-1
192,8,1060.1261,427.3013,175.90258999999992,142.38339000000002,0.8756119608879089,-1,-1,-1
193,5,561.29755,419.3334,329.10712,281.67935,0.8882797360420227,-1,-1,-1
193,6,1332.4751,424.82147,205.20543999999995,183.42827999999997,0.8731451034545898,-1,-1,-1
193,8,1056.0515,429.19992,174.27051000000006,141.12716999999998,0.8727271556854248,-1,-1,-1
194,5,540.95953,420.52234,334.34002999999996,287.99298,0.9115375280380249,-1,-1,-1
194,6,1333.4359,424.81027,204.1601599999999,181.22652999999997,0.8702888488769531,-1,-1,-1
194,8,1052.4885,429.44754,171.75549999999998,142.45467999999994,0.8882099986076355,-1,-1,-1
195,5,518.63477,420.06284,343.6228,292.45578000000006,0.9106997847557068,-1,-1,-1
195,6,1338.2667,425.71173,201.90221999999994,178.24694999999997,0.8823301196098328,-1,-1,-1
195,8,1047.856,431.11276,173.91491999999994,141.41427999999996,0.8735636472702026,-1,-1,-1
196,5,496.2555,424.15942,352.98096,292.65173,0.9005360007286072,-1,-1,-1
196,6,1341.3899,426.19672,199.1491699999999,176.48743000000002,0.892476499080658,-1,-1,-1
196,8,1044.8483,433.97943,173.6980000000001,139.24310000000003,0.8889846801757812,-1,-1,-1
197,5,476.43665,423.25854,358.0105,297.781,0.9050912857055664,-1,-1,-1
197,6,1344.0131,424.0606,196.9084499999999,176.92560000000003,0.8955662846565247,-1,-1,-1
197,8,1041.1019,435.74808,172.6931199999999,140.13748000000004,0.8869932889938354,-1,-1,-1
198,5,456.24307,426.45947,361.53854,300.87445,0.9034487009048462,-1,-1,-1
198,6,1344.5859,423.6335,196.65526999999997,176.36641999999995,0.8940494060516357,-1,-1,-1
198,8,1036.681,436.63583,175.1042500000001,141.52328000000006,0.886812150478363,-1,-1,-1
199,5,434.0096,429.842,365.90097000000003,304.44174,0.8994094729423523,-1,-1,-1
199,6,1346.4303,424.25604,195.27685999999994,174.64710000000002,0.8916090130805969,-1,-1,-1
199,8,1029.8308,437.55945,177.38318000000004,143.74762000000004,0.8828652501106262,-1,-1,-1
200,5,416.55972,430.98358,366.09805,310.72599999999994,0.9006602168083191,-1,-1,-1
200,6,1347.2998,425.3997,194.49646000000007,170.60922,0.8853960633277893,-1,-1,-1
200,8,1025.0145,438.755,179.0554199999999,144.45006999999998,0.8832947611808777,-1,-1,-1
201,5,389.68735,432.63004,374.79922000000005,315.2714000000001,0.9065961241722107,-1,-1,-1
201,6,1349.1038,426.363,192.75902999999994,168.86410000000006,0.8841608762741089,-1,-1,-1
201,8,1024.6567,439.20728,174.74854000000005,143.74640000000005,0.8857021331787109,-1,-1,-1
202,5,366.6998,433.65457,384.06406000000004,322.8460999999999,0.8979580402374268,-1,-1,-1
202,6,1349.6345,422.3084,193.87914999999998,172.05286,0.8934304714202881,-1,-1,-1
202,8,1018.26135,439.58105,179.79944,145.95416,0.8904199600219727,-1,-1,-1
203,5,336.5731,430.74722,394.3084999999999,335.94302,0.9131155610084534,-1,-1,-1
203,6,1351.4803,419.19278,192.65442000000007,173.56685999999996,0.8937309384346008,-1,-1,-1
203,8,1011.74384,440.19684,183.94659999999988,148.42554,0.8921284675598145,-1,-1,-1
204,5,318.36957,437.65225,393.22058,333.45358,0.9100887179374695,-1,-1,-1
204,6,1353.4739,416.62027,190.97985999999992,173.22006,0.8841268420219421,-1,-1,-1
204,8,1007.4736,437.5155,186.05620999999996,152.54125999999997,0.8910970091819763,-1,-1,-1
205,5,292.2507,439.17203,402.8339,346.579,0.8972396850585938,-1,-1,-1
205,6,1354.786,415.60596,192.11816,173.44390999999996,0.8869467973709106,-1,-1,-1
205,8,1002.5802,437.03122,187.71142999999995,155.08181999999994,0.898991584777832,-1,-1,-1
206,5,265.8353,450.83945,408.66695999999996,345.98476999999997,0.8909590244293213,-1,-1,-1
206,6,1357.3347,415.41818,189.04442999999992,171.56984999999997,0.8961576223373413,-1,-1,-1
206,8,996.94763,442.32883,189.5924000000001,152.25399999999996,0.8781991004943848,-1,-1,-1
207,5,235.83702,454.78873,427.57842999999997,349.92599999999993,0.8884897828102112,-1,-1,-1
207,6,1358.2241,415.73294,188.58093000000008,170.23624000000007,0.8867301344871521,-1,-1,-1
207,8,994.8614,441.65076,188.75335999999993,154.67938000000004,0.8898002505302429,-1,-1,-1
208,5,210.86613,461.7234,429.46502999999996,356.1076699999999,0.8923187255859375,-1,-1,-1
208,6,1360.6752,416.5206,184.71045000000004,166.82857999999993,0.8734073042869568,-1,-1,-1
208,8,991.21246,442.5954,191.16705000000002,156.15807999999998,0.9013287425041199,-1,-1,-1
209,5,178.40182,469.1318,437.74893000000003,360.822,0.8943844437599182,-1,-1,-1
209,6,1361.8116,416.3192,183.53638,165.85626000000002,0.881686806678772,-1,-1,-1
209,8,985.47565,445.7347,192.95465000000002,155.61490000000003,0.8975375890731812,-1,-1,-1
209,10,816.4441,826.45355,499.21947999999986,253.54645000000005,0.6868584156036377,-1,-1,-1
209,11,1258.2245,328.77637,177.93774000000008,174.50741999999997,0.6044655442237854,-1,-1,-1
210,5,146.76193,470.66983,452.90378,372.62473000000006,0.8968376517295837,-1,-1,-1
210,6,1362.3927,415.69073,183.29870000000005,164.88457999999997,0.8687685132026672,-1,-1,-1
210,8,981.2168,445.66263,192.47680000000003,157.11984,0.9072049260139465,-1,-1,-1
210,11,1249.201,325.62347,181.38329999999996,176.94498,0.77592533826828,-1,-1,-1
211,5,119.49233,478.68967,460.10013,377.48939999999993,0.89146888256073,-1,-1,-1
211,6,1364.476,413.7373,181.52576,165.26549999999997,0.8641748428344727,-1,-1,-1
211,8,972.56256,445.82144,194.4960299999999,161.42874,0.8913872241973877,-1,-1,-1
211,10,854.5061,795.1068,466.46826,284.8932,0.6621164083480835,-1,-1,-1
211,11,1241.1523,323.59027,185.39428999999996,177.62366000000003,0.8613021373748779,-1,-1,-1
212,5,91.76227,482.7066,454.13745,388.1317,0.8720118403434753,-1,-1,-1
212,6,1366.3033,412.0503,180.08655,166.29565000000002,0.8795598149299622,-1,-1,-1
212,8,968.7738,446.66724,196.51427999999999,162.45776,0.8899936079978943,-1,-1,-1
212,10,871.7757,777.86426,456.40582000000006,302.13574000000006,0.8043074607849121,-1,-1,-1
212,11,1231.4281,324.72836,187.35168,174.68817,0.8886048197746277,-1,-1,-1
213,5,62.33974,492.11108,468.48123,395.12199999999996,0.8893761038780212,-1,-1,-1
213,6,1367.8567,411.95093,177.5712900000001,164.95531999999997,0.8818227648735046,-1,-1,-1
213,8,963.3512,449.79364,197.63880000000006,159.05431999999996,0.9030356407165527,-1,-1,-1
213,10,886.1215,747.35406,449.77837999999997,332.64594,0.8640576601028442,-1,-1,-1
213,11,1222.0071,324.56787,186.24720000000002,173.73422,0.8817130923271179,-1,-1,-1
214,5,26.756987,497.52383,476.3161,407.2618,0.8715250492095947,-1,-1,-1
214,6,1368.3077,410.7084,176.59008999999992,165.09231999999997,0.883397102355957,-1,-1,-1
214,8,955.73425,450.68988,199.34008999999992,159.79272000000003,0.8951485753059387,-1,-1,-1
214,10,899.16254,729.22437,445.21442,350.77563,0.8978879451751709,-1,-1,-1
214,11,1213.5261,322.67462,185.01073999999994,174.69507,0.8907992243766785,-1,-1,-1
215,5,3.7734888,510.1874,476.11722,409.82663,0.8843901753425598,-1,-1,-1
215,6,1368.5194,410.634,175.42883000000006,162.793,0.8901563286781311,-1,-1,-1
215,8,948.00446,451.12598,202.0619499999999,161.97644000000003,0.8951402306556702,-1,-1,-1
215,10,917.77936,713.5691,433.5622000000001,358.5113499999999,0.9085460305213928,-1,-1,-1
215,11,1196.5529,323.4555,189.80347000000006,172.85019,0.8550092577934265,-1,-1,-1
216,5,0.013074874,524.09106,451.1554,414.06122000000005,0.8806166648864746,-1,-1,-1
216,6,1369.9844,410.08786,174.57141000000001,162.87136999999996,0.8843703269958496,-1,-1,-1
216,8,943.7209,451.94675,201.36615000000006,161.30239999999998,0.8919920325279236,-1,-1,-1
216,10,930.0642,696.88544,429.42993,346.11979999999994,0.904839038848877,-1,-1,-1
216,11,1207.0706,321.89435,169.41698999999994,171.19811999999996,0.7607520222663879,-1,-1,-1
217,5,0.0,545.57086,417.91864,416.09590000000003,0.8718860149383545,-1,-1,-1
217,6,1370.6503,410.61847,173.16382,159.97466999999995,0.8856407999992371,-1,-1,-1
217,8,939.4362,452.06836,200.28998000000013,164.53099999999995,0.8881731629371643,-1,-1,-1
217,10,947.70245,679.409,416.96245999999996,346.2563000000001,0.9075230956077576,-1,-1,-1
217,11,1180.5836,321.71515,184.3817100000001,171.58709999999996,0.620493471622467,-1,-1,-1
217,12,1097.5339,418.10468,159.7762499999999,128.72576999999995,0.6724711656570435,-1,-1,-1
218,5,0.0,553.14246,393.18045,431.5843,0.8630059957504272,-1,-1,-1
218,6,1370.5192,411.0096,173.6773700000001,158.08524,0.87698894739151,-1,-1,-1
218,8,932.0699,454.93484,204.0559699999999,162.81082000000004,0.8913934826850891,-1,-1,-1
218,10,960.37573,661.62695,409.76123000000007,342.95355000000006,0.9152700304985046,-1,-1,-1
218,11,1189.3256,321.8018,162.28539999999998,165.63506999999998,0.6635274291038513,-1,-1,-1
218,12,1096.2219,417.54227,161.49072,129.86660999999998,0.7759561538696289,-1,-1,-1
219,5,0.0,561.6019,360.29013,440.7763,0.845066487789154,-1,-1,-1
219,6,1371.7977,411.26343,170.89599999999996,156.2597,0.7873173356056213,-1,-1,-1
219,8,923.3077,454.2795,208.4249900000001,165.72482000000002,0.8877885937690735,-1,-1,-1
219,10,976.25055,650.6545,401.42596000000003,333.07270000000005,0.9117386937141418,-1,-1,-1
219,12,1092.9563,413.8731,165.16356999999994,134.49487,0.8536937236785889,-1,-1,-1
220,5,0.0,569.0492,335.22025,463.7829599999999,0.8575698733329773,-1,-1,-1
220,6,1374.9438,411.1902,167.81079,154.44646999999998,0.8099892735481262,-1,-1,-1
220,8,916.9911,455.64978,208.0093999999999,166.50446000000005,0.8912779092788696,-1,-1,-1
220,10,984.96954,634.45514,403.00873,330.32043,0.912725567817688,-1,-1,-1
220,12,1093.1462,412.52188,166.88635,136.97786999999994,0.8859097957611084,-1,-1,-1
221,5,0.0,588.7882,301.81845,475.21155,0.803450882434845,-1,-1,-1
221,6,1375.8558,408.64453,168.52832000000012,153.94122,0.8474022746086121,-1,-1,-1
221,8,907.661,453.44946,213.07348999999988,172.13959000000006,0.890155553817749,-1,-1,-1
221,10,1000.15826,621.4851,394.0715999999999,324.0019,0.9120694398880005,-1,-1,-1
221,12,1091.8615,410.11044,168.36182000000008,140.43466000000006,0.8878516554832458,-1,-1,-1
222,5,0.8666038,607.7568,257.643,469.32805999999994,0.8040045499801636,-1,-1,-1
222,6,1375.0725,408.22504,169.43554999999992,153.66120000000006,0.8166928291320801,-1,-1,-1
222,8,901.72986,456.74127,213.65478999999993,170.07672000000002,0.8926162123680115,-1,-1,-1
222,10,1017.61066,611.03253,385.10601999999994,316.4192499999999,0.9199105501174927,-1,-1,-1
222,12,1093.0696,413.49777,167.85277999999994,138.92978,0.8888868093490601,-1,-1,-1
223,5,0.47252652,617.6591,227.16888,462.3408800000001,0.7324270009994507,-1,-1,-1
223,6,1377.4316,407.44122,166.44812000000002,153.46019999999993,0.8064888119697571,-1,-1,-1
223,8,891.16815,459.76395,216.36419999999998,168.24587999999994,0.8947473168373108,-1,-1,-1
223,10,1025.9746,599.0199,380.7957799999999,311.81854,0.917243480682373,-1,-1,-1
223,12,1093.3336,412.61035,167.83410000000003,140.43389999999994,0.8875946998596191,-1,-1,-1
224,5,0.0741291,648.7409,206.98343,430.22209999999995,0.6443018913269043,-1,-1,-1
224,6,1379.2789,407.90518,164.97509999999988,151.72665000000006,0.8535330295562744,-1,-1,-1
224,8,884.9781,459.34998,213.89300000000003,172.19373000000002,0.8993372917175293,-1,-1,-1
224,10,1038.8926,585.49664,376.3786600000001,307.6236,0.9045263528823853,-1,-1,-1
224,12,1093.4397,410.79596,167.66956000000005,142.45660000000004,0.8927037715911865,-1,-1,-1
225,5,0.027809141,688.17096,151.20406,391.2579999999999,0.6262728571891785,-1,-1,-1
225,6,1378.9519,408.726,165.51171999999997,150.77917000000002,0.870466411113739,-1,-1,-1
225,8,878.67755,460.0115,216.88469999999995,172.98062,0.8906785249710083,-1,-1,-1
225,10,1053.3611,577.15845,367.6116999999999,299.33582,0.9194240570068359,-1,-1,-1
225,12,1093.6693,410.57474,169.4860799999999,143.21132999999998,0.9026284217834473,-1,-1,-1
226,5,0.07459401,689.0357,110.47765,389.81634999999994,0.6377204656600952,-1,-1,-1
226,6,1379.6774,405.75427,165.0925299999999,153.05327999999997,0.8636320233345032,-1,-1,-1
226,8,862.8541,462.71228,221.96936000000005,174.95684999999997,0.8803541660308838,-1,-1,-1
226,10,1065.5176,566.1924,363.72803,295.53014999999994,0.9143097400665283,-1,-1,-1
226,12,1094.4092,409.57474,170.39428999999996,146.61428999999998,0.8984870910644531,-1,-1,-1
227,6,1382.1235,405.9625,163.2343800000001,150.95316000000003,0.8680441975593567,-1,-1,-1
227,8,857.47516,464.28082,223.8692000000001,174.08843999999993,0.896325409412384,-1,-1,-1
227,10,1074.3379,560.12396,360.885,288.84551999999996,0.9154083728790283,-1,-1,-1
227,12,1095.0846,410.7952,170.41577000000007,146.4321,0.893424928188324,-1,-1,-1
228,6,1382.023,406.45526,163.70154000000002,150.49242999999996,0.8656806945800781,-1,-1,-1
228,8,847.491,465.18564,226.12470000000008,175.03806000000003,0.8773965835571289,-1,-1,-1
228,10,1083.1406,552.28485,357.4561799999999,287.31945999999994,0.9169304370880127,-1,-1,-1
228,12,1094.823,404.02792,171.40978999999993,154.02706999999998,0.8949385285377502,-1,-1,-1
229,6,1382.8657,405.68372,163.23352,150.67474000000004,0.8733630180358887,-1,-1,-1
229,8,838.1439,465.1437,229.14478000000008,177.68599999999998,0.8844240307807922,-1,-1,-1
229,10,1097.0906,541.9665,352.65599999999995,284.96637,0.9136765599250793,-1,-1,-1
229,12,1093.3197,412.02567,173.01746000000003,147.18180000000007,0.8945289254188538,-1,-1,-1
229,13,907.96423,328.97452,245.54138000000012,163.36969,0.6694811582565308,-1,-1,-1
230,6,1382.4048,403.664,163.98071000000004,151.82703000000004,0.8725820183753967,-1,-1,-1
230,8,825.14966,466.51923,233.63428,180.45079999999996,0.8874655365943909,-1,-1,-1
230,10,1106.891,536.87024,348.3118999999999,276.8091999999999,0.9081491231918335,-1,-1,-1
230,12,1092.1868,416.61545,174.43383999999992,143.45108000000005,0.8885865211486816,-1,-1,-1
230,13,884.4887,328.75693,254.29509999999993,160.51196,0.7084110379219055,-1,-1,-1
231,6,1384.8662,402.66772,161.6491699999999,149.44440000000003,0.8834895491600037,-1,-1,-1
231,8,816.6409,464.7321,236.48798,183.79526000000004,0.893211841583252,-1,-1,-1
231,10,1116.313,531.9323,340.75880000000006,271.1791400000001,0.9082836508750916,-1,-1,-1
231,12,1091.4713,412.11584,176.40917999999988,150.64281999999997,0.8883827924728394,-1,-1,-1
231,13,857.04443,329.75198,248.78308000000004,151.40625,0.6200408935546875,-1,-1,-1
232,6,1384.1887,402.77737,163.71911999999998,149.24032999999997,0.8778204917907715,-1,-1,-1
232,8,805.1716,463.34286,237.98834,185.53377999999998,0.8802506923675537,-1,-1,-1
232,10,1126.8564,529.0466,336.3203000000001,264.3651699999999,0.9097525477409363,-1,-1,-1
232,12,1089.0256,412.6117,178.66467000000011,149.74042000000003,0.8900359869003296,-1,-1,-1
232,13,825.86053,333.39886,248.38909999999998,159.73572000000001,0.663141131401062,-1,-1,-1
233,6,1385.2205,405.11545,163.26367000000005,146.21964000000003,0.8570220470428467,-1,-1,-1
233,8,796.1322,461.72244,238.90344000000005,190.76498000000004,0.876105546951294,-1,-1,-1
233,10,1137.7646,522.05585,322.86852999999996,258.43084999999996,0.8959275484085083,-1,-1,-1
233,12,1088.3994,415.26434,177.30383000000006,148.20062000000001,0.8769582509994507,-1,-1,-1
233,13,785.0555,335.0056,273.7762999999999,163.94382000000002,0.6665217876434326,-1,-1,-1
234,6,1385.0376,404.5318,162.98853000000008,144.81377999999995,0.8582658767700195,-1,-1,-1
234,8,783.83484,460.46198,244.82457999999997,195.67657000000003,0.877778947353363,-1,-1,-1
234,10,1143.6499,519.66516,323.7506000000001,249.00054999999998,0.8956650495529175,-1,-1,-1
234,12,1086.9371,415.31873,178.73682000000008,148.83362000000005,0.8742913007736206,-1,-1,-1
234,13,759.0433,340.05865,267.22784,166.4219,0.6926231384277344,-1,-1,-1
235,6,1386.6053,403.80338,161.72289999999998,142.45968999999997,0.8440606594085693,-1,-1,-1
235,8,772.8467,464.20023,246.36017000000004,194.95267000000007,0.8922573924064636,-1,-1,-1
235,10,1157.4818,512.66504,304.41345,243.3537,0.815789520740509,-1,-1,-1
235,12,1085.605,416.22858,181.1549,150.34082000000006,0.882905125617981,-1,-1,-1
235,13,737.7764,340.78958,261.12645999999995,168.68808,0.6654757261276245,-1,-1,-1
236,6,1383.9161,402.71814,164.64453000000003,144.66289999999998,0.8144076466560364,-1,-1,-1
236,8,758.255,465.7835,254.44817999999998,198.15399000000002,0.8947231769561768,-1,-1,-1
236,10,1166.2717,509.93497,307.87256,241.41769999999997,0.8777595162391663,-1,-1,-1
236,12,1083.8412,419.8561,183.6368399999999,148.53744999999998,0.8855464458465576,-1,-1,-1
237,6,1382.8892,403.1593,161.88977,145.16637999999995,0.8193255662918091,-1,-1,-1
237,8,749.42615,466.35507,255.63366999999994,201.44333,0.9036962985992432,-1,-1,-1
237,10,1174.2432,508.27524,304.7364499999999,240.32564999999994,0.8998381495475769,-1,-1,-1
237,12,1081.5104,422.41205,184.2718500000001,148.11090000000002,0.8888368010520935,-1,-1,-1
238,6,1383.0143,402.03058,160.07996000000003,145.18737999999996,0.8195728659629822,-1,-1,-1
238,8,734.13007,467.91602,259.16998,200.58812999999998,0.8794732093811035,-1,-1,-1
238,10,1179.8912,500.62875,307.91319999999996,238.56032999999996,0.8950048089027405,-1,-1,-1
238,12,1079.2719,421.97253,184.8538799999999,148.94849,0.8889184594154358,-1,-1,-1
239,6,1378.9999,401.78293,163.10485999999992,140.20419999999996,0.8454805016517639,-1,-1,-1
239,8,721.8063,473.10944,259.1192,199.83166999999997,0.898478627204895,-1,-1,-1
239,10,1189.4077,497.72824,300.57079999999996,235.41159000000005,0.894841730594635,-1,-1,-1
239,12,1076.7633,421.80203,186.1468500000001,148.95840000000004,0.8929643630981445,-1,-1,-1
240,6,1378.0801,403.7116,163.00866999999994,138.73004000000003,0.7213301062583923,-1,-1,-1
240,8,709.3866,476.8109,263.69244000000003,201.17357999999996,0.8953771591186523,-1,-1,-1
240,10,1195.9946,492.7345,301.5334499999999,233.01349000000005,0.893450915813446,-1,-1,-1
240,12,1074.42,422.497,185.0815399999999,150.47192,0.8925009965896606,-1,-1,-1
241,6,1376.1353,404.41003,164.1904300000001,137.11829,0.6488330364227295,-1,-1,-1
241,8,695.023,480.68787,266.6079,200.27814,0.8893415927886963,-1,-1,-1
241,10,1204.4718,489.1192,293.19190000000003,231.64966000000004,0.8884106874465942,-1,-1,-1
241,12,1071.5247,423.9761,187.93212999999992,147.21670000000006,0.8932721614837646,-1,-1,-1
242,8,681.1121,482.3555,268.3927,203.18539999999996,0.8890770077705383,-1,-1,-1
242,10,1205.7565,486.96243,294.2705000000001,229.49686000000003,0.8875492811203003,-1,-1,-1
242,12,1067.8325,424.4982,190.47228999999993,149.81106999999997,0.894098162651062,-1,-1,-1
243,8,666.3482,484.9635,273.63007000000005,203.81757,0.8859057426452637,-1,-1,-1
243,10,1213.0354,482.132,292.8269,226.30325,0.8779648542404175,-1,-1,-1
243,12,1064.4456,425.62097,188.16491999999994,150.33539000000002,0.9179773330688477,-1,-1,-1
244,8,651.7434,485.72916,273.8980700000001,208.19570999999996,0.8982256054878235,-1,-1,-1
244,10,1219.9977,481.22345,290.02502000000004,221.63427999999993,0.8822062611579895,-1,-1,-1
244,12,1061.6947,430.11542,189.94434,148.94794000000002,0.8946586847305298,-1,-1,-1
245,8,635.7815,486.46332,280.30725000000007,211.00397000000004,0.8933056592941284,-1,-1,-1
245,10,1230.9232,478.6281,283.08374000000003,219.83263999999997,0.8858843445777893,-1,-1,-1
245,12,1059.5531,430.66718,191.42993,149.80188000000004,0.9007526636123657,-1,-1,-1
246,8,613.2258,486.67947,288.77941999999996,215.74655,0.8924607634544373,-1,-1,-1
246,10,1236.7709,476.38345,278.9402,217.26399999999995,0.8849375247955322,-1,-1,-1
246,12,1056.3818,430.68555,193.5317399999999,150.48853000000003,0.9011331796646118,-1,-1,-1
247,8,592.2212,489.624,294.45074,217.18435999999997,0.8944705724716187,-1,-1,-1
247,10,1244.9845,475.76797,273.68859999999995,215.09897,0.8881202340126038,-1,-1,-1
247,12,1052.1906,432.37424,194.91809000000012,150.82039999999995,0.8956484794616699,-1,-1,-1
248,8,575.0205,489.68906,296.56103999999993,223.30385999999993,0.8980817198753357,-1,-1,-1
248,10,1250.2009,478.58612,271.2309600000001,207.71399000000002,0.8945384621620178,-1,-1,-1
248,12,1048.187,431.91644,195.45861999999988,153.06793,0.8973159193992615,-1,-1,-1
249,8,556.7628,492.26688,305.4231,226.36917000000005,0.9010118842124939,-1,-1,-1
249,10,1255.6838,476.41928,269.81945999999994,207.00150000000002,0.8806824684143066,-1,-1,-1
249,12,1045.771,432.48758,193.02062999999998,152.64902000000006,0.9152466654777527,-1,-1,-1
250,8,538.00903,492.20782,306.47803,235.05432000000002,0.8991421461105347,-1,-1,-1
250,10,1261.439,475.32648,264.97217,203.79131999999998,0.8871328234672546,-1,-1,-1
250,12,1039.2736,432.68347,196.10779000000002,153.84064000000006,0.9068514704704285,-1,-1,-1
251,8,515.80023,494.19452,313.40454,236.52808000000005,0.8939601182937622,-1,-1,-1
251,10,1264.4856,474.91965,261.8108,198.81967000000003,0.873519778251648,-1,-1,-1
251,12,1034.3987,431.85803,198.5398,154.83074999999997,0.8901990056037903,-1,-1,-1
252,8,496.89624,496.20056,312.57775999999996,241.39368000000002,0.900454580783844,-1,-1,-1
252,10,1272.6948,470.97867,254.14624000000003,198.32156000000003,0.8695737719535828,-1,-1,-1
252,12,1031.0579,433.56787,198.17895999999996,156.41711000000004,0.8946826457977295,-1,-1,-1
253,8,472.20645,501.26962,323.85561999999993,245.44711,0.9089186191558838,-1,-1,-1
253,10,1278.4205,470.85593,249.03759999999988,192.85934000000003,0.8625422716140747,-1,-1,-1
253,12,1026.13,434.16885,199.56519000000003,156.64774,0.8942466974258423,-1,-1,-1
254,8,457.20758,506.16275,317.04882999999995,243.90767999999997,0.8982334136962891,-1,-1,-1
254,10,1282.5754,470.01822,253.37450999999987,192.04397999999998,0.8635156154632568,-1,-1,-1
254,12,1020.2593,434.9128,201.79455999999993,157.66617000000002,0.8936153054237366,-1,-1,-1
255,8,428.10043,511.70245,326.75034,245.28534000000002,0.8997558951377869,-1,-1,-1
255,10,1287.1453,470.98682,251.9840099999999,189.68262,0.8653848171234131,-1,-1,-1
255,12,1015.9311,436.64108,202.0779399999999,158.39028999999994,0.8852933645248413,-1,-1,-1
256,8,404.45142,515.8898,337.93809999999996,249.96667000000002,0.9022876620292664,-1,-1,-1
256,10,1290.4421,469.53314,251.71143000000006,188.05573000000004,0.8689486980438232,-1,-1,-1
256,12,1011.0558,437.5305,202.58678999999995,160.16293000000002,0.8923376798629761,-1,-1,-1
257,8,376.18033,522.62933,344.17062,256.53747999999996,0.9214974641799927,-1,-1,-1
257,10,1297.2482,468.45093,245.89136000000008,188.5935,0.8753737807273865,-1,-1,-1
257,12,1002.9018,435.28928,207.0011599999999,164.05966000000006,0.8904389142990112,-1,-1,-1
258,8,350.0806,528.8973,348.6227,259.89342999999997,0.9050456285476685,-1,-1,-1
258,10,1298.1575,466.17514,246.67419999999993,188.15140000000002,0.8749394416809082,-1,-1,-1
258,12,997.789,434.95963,206.31133999999997,167.17221,0.8873612284660339,-1,-1,-1
259,8,324.8384,533.6094,352.62485000000004,266.3122000000001,0.9090689420700073,-1,-1,-1
259,10,1307.6375,468.0985,240.99425999999994,184.83892999999995,0.8730019927024841,-1,-1,-1
259,12,990.1993,438.2722,206.50177000000008,163.31826999999998,0.9025928974151611,-1,-1,-1
