29,0,886.7482,480.09134,98.99596999999994,86.44009399999999,0.7233436107635498,-1,-1,-1
30,0,882.4395,479.85898,101.32086000000004,88.52756,0.7806252241134644,-1,-1,-1
31,0,879.0312,480.76157,101.48541,88.97189000000003,0.781430184841156,-1,-1,-1
32,0,876.3937,481.44525,100.71796000000006,89.03045999999995,0.7751819491386414,-1,-1,-1
33,0,872.6162,482.646,101.99352999999996,88.68237000000005,0.7829908132553101,-1,-1,-1
34,0,867.3921,483.62543,104.67962999999997,89.33935500000001,0.7923833131790161,-1,-1,-1
35,0,861.7252,483.3909,107.29827999999998,89.46017500000005,0.8195462226867676,-1,-1,-1
36,0,856.33966,484.05115,108.94695999999999,90.07873500000005,0.8295302987098694,-1,-1,-1
37,0,848.7683,484.72885,111.94018600000004,90.84328999999997,0.8348976969718933,-1,-1,-1
38,0,845.204,486.8948,109.51727000000005,90.04458600000004,0.8426098823547363,-1,-1,-1
39,0,838.8708,487.8262,112.07220500000005,89.94205,0.8387875556945801,-1,-1,-1
40,0,832.1001,489.14844,113.57861000000003,90.50079,0.843317985534668,-1,-1,-1
41,0,824.7274,487.8663,116.82152999999994,93.50393999999994,0.851778507232666,-1,-1,-1
42,0,815.01874,486.9287,117.04101600000001,95.27776999999998,0.8451718091964722,-1,-1,-1
43,0,806.8088,486.31085,120.10839999999996,97.77563500000002,0.8504360914230347,-1,-1,-1
44,0,796.8642,483.61426,125.22582999999997,101.19378999999998,0.860226571559906,-1,-1,-1
45,0,786.1097,484.25342,129.80999999999995,102.36188000000004,0.8470329642295837,-1,-1,-1
46,0,775.1411,483.93735,131.26453000000004,103.57247999999998,0.8598814010620117,-1,-1,-1
47,0,763.2292,483.70065,135.34618999999998,103.22189000000003,0.8536253571510315,-1,-1,-1
48,0,750.0459,481.52228,138.1925,106.00976600000001,0.8299271464347839,-1,-1,-1
49,0,733.94775,482.0364,142.39690999999993,105.89621000000005,0.8507687449455261,-1,-1,-1
50,0,717.07947,478.52698,151.5285,109.31853999999998,0.8746345043182373,-1,-1,-1
51,0,698.18146,475.0641,155.50201000000004,113.01952999999997,0.8573774099349976,-1,-1,-1
52,0,673.9954,470.9506,164.25054999999998,115.97903399999996,0.8809778094291687,-1,-1,-1
53,0,657.85254,468.18533,170.6753,118.96096999999997,0.8745550513267517,-1,-1,-1
54,0,634.78296,466.14627,174.39959999999996,119.50246999999996,0.8521809577941895,-1,-1,-1
55,0,605.3433,461.09024,188.63775999999996,124.69766000000004,0.8633158802986145,-1,-1,-1
56,0,582.99725,456.3669,192.61699999999996,126.47182999999995,0.8413717746734619,-1,-1,-1
57,0,552.75433,451.24884,196.32367,130.23260000000005,0.8480880260467529,-1,-1,-1
58,0,511.5551,446.7435,223.58301,132.46115000000003,0.8297408819198608,-1,-1,-1
59,0,468.27213,440.08102,237.64950000000005,138.44729999999998,0.8316441178321838,-1,-1,-1
60,0,420.44043,437.25366,254.08734000000004,140.62128,0.8445161581039429,-1,-1,-1
61,0,374.45898,429.0346,272.19257000000005,145.0885,0.8363534808158875,-1,-1,-1
62,0,318.2992,421.3952,289.1075399999999,148.87139999999994,0.8401718139648438,-1,-1,-1
63,0,261.43436,407.3863,302.2148,160.44293000000005,0.8532505035400391,-1,-1,-1
64,0,201.8228,399.61646,321.47906,164.93604,0.8258705139160156,-1,-1,-1
64,1,0.0,662.0467,754.8448,492.47626,0.7867390513420105,-1,-1,-1
65,0,125.94252,384.9242,355.8164,176.01514000000003,0.8012200593948364,-1,-1,-1
65,1,105.09808,663.71185,698.0652,455.42816000000005,0.7759795188903809,-1,-1,-1
66,0,44.003296,366.9494,389.94702,187.55243000000002,0.7731753587722778,-1,-1,-1
66,1,254.83675,672.2082,610.3429000000001,389.16913,0.7670332193374634,-1,-1,-1
67,0,0.49369335,350.75644,359.79135,194.70901000000003,0.7778560519218445,-1,-1,-1
67,1,381.09988,675.16174,526.6101,365.9355499999999,0.8058854937553406,-1,-1,-1
68,0,0.0,332.76068,296.3687,209.40314,0.7271889448165894,-1,-1,-1
68,1,477.44055,673.68823,482.23931999999996,331.7224,0.8120248913764954,-1,-1,-1
69,1,592.69244,666.6155,407.97144000000003,307.1903,0.8067501783370972,-1,-1,-1
70,1,676.95544,666.5103,351.46519999999987,284.41016,0.8385176658630371,-1,-1,-1
71,1,729.32837,667.424,325.14014,264.8393,0.8217139840126038,-1,-1,-1
72,1,772.21875,661.99036,310.97753999999986,244.30920000000003,0.8382863402366638,-1,-1,-1
73,1,819.1891,657.66437,287.8472999999999,224.19988999999998,0.8449575304985046,-1,-1,-1
74,1,860.67334,652.9932,261.92895999999996,214.14313000000004,0.8630103468894958,-1,-1,-1
75,1,895.4153,648.8861,247.59314000000006,203.48979999999995,0.8412597179412842,-1,-1,-1
76,1,923.771,643.3259,235.9544699999999,198.8053,0.8486192226409912,-1,-1,-1
77,1,948.48816,641.82654,221.82983000000002,187.04700000000003,0.8394985795021057,-1,-1,-1
78,1,969.376,639.5435,209.5485799999999,182.12341000000004,0.8364534974098206,-1,-1,-1
79,1,996.0419,635.0393,194.05346999999995,176.31421,0.8401201367378235,-1,-1,-1
79,2,0.0,518.4623,377.67184,331.2090999999999,0.6899141073226929,-1,-1,-1
80,1,1008.71716,630.02356,184.28845000000013,172.12457000000006,0.8375470042228699,-1,-1,-1
80,2,0.0,529.4732,486.27347,313.4458599999999,0.7960712313652039,-1,-1,-1
81,1,1020.84064,628.9819,179.0994300000001,164.45940999999993,0.8493159413337708,-1,-1,-1
81,2,3.3173084,543.55115,554.20496,282.14606000000003,0.8184940218925476,-1,-1,-1
82,1,1033.0488,627.0296,167.23021999999992,155.6015,0.8587972521781921,-1,-1,-1
82,2,131.58102,549.805,513.06433,258.1209,0.8232366442680359,-1,-1,-1
83,1,1042.6063,622.70325,163.6173100000001,154.13678000000004,0.8472809195518494,-1,-1,-1
83,2,253.56055,557.56177,462.3941699999999,237.45709,0.8045294284820557,-1,-1,-1
84,1,1049.2295,618.9118,159.29674999999997,152.37560999999994,0.8341928124427795,-1,-1,-1
84,2,355.82047,562.11365,425.72286999999994,222.79742,0.8043819069862366,-1,-1,-1
85,1,1054.8235,615.16925,156.30908,149.52086999999995,0.8643930554389954,-1,-1,-1
85,2,442.83237,563.77094,379.28164999999996,209.93309999999997,0.7626247406005859,-1,-1,-1
86,1,1062.2499,614.8478,149.24720000000002,142.70703000000003,0.8387557864189148,-1,-1,-1
86,2,536.8986,575.4654,324.61840000000007,189.06519000000003,0.7902610898017883,-1,-1,-1
87,1,1067.488,612.0965,147.0695800000001,140.13043000000005,0.8142303228378296,-1,-1,-1
87,2,595.6502,576.01825,301.12285999999995,183.74023,0.7931011915206909,-1,-1,-1
88,1,1071.4142,609.21643,144.35193000000004,137.09533999999996,0.8026126623153687,-1,-1,-1
88,2,647.5915,581.30786,273.68859999999995,171.29102,0.8148772716522217,-1,-1,-1
89,1,1074.4178,606.31964,142.86462000000006,134.44286999999997,0.8141793608665466,-1,-1,-1
89,2,701.94916,580.3285,249.56244000000004,159.95789000000002,0.8249808549880981,-1,-1,-1
90,1,1081.0533,603.02264,135.75330000000008,133.52893000000006,0.8347675204277039,-1,-1,-1
90,2,745.0861,579.1809,231.48479999999995,155.88244999999995,0.855833888053894,-1,-1,-1
91,1,1083.1349,600.2596,134.16869999999994,129.03479000000004,0.828411877155304,-1,-1,-1
91,2,785.3382,578.5341,211.97131000000002,150.43506000000002,0.88333660364151,-1,-1,-1
92,1,1083.5903,591.7193,134.04944,133.90228000000002,0.826087474822998,-1,-1,-1
92,2,808.37823,577.91406,202.24115000000006,146.28197999999998,0.8512134552001953,-1,-1,-1
93,1,1084.42,592.2023,133.0976599999999,129.90826000000004,0.8068081736564636,-1,-1,-1
93,2,840.1104,575.597,187.39777000000004,142.57355000000007,0.8807916641235352,-1,-1,-1
94,1,1084.7405,588.5067,129.53943000000004,129.22028,0.8051713705062866,-1,-1,-1
94,2,865.1245,575.2433,174.35875999999996,137.58745999999996,0.838934063911438,-1,-1,-1
95,1,1085.6946,585.4273,124.58007999999995,125.20190400000001,0.8394532203674316,-1,-1,-1
95,2,884.95905,574.07855,166.05792000000008,134.07690000000002,0.8457382321357727,-1,-1,-1
96,1,1086.0773,580.63855,123.06799000000001,127.37353500000006,0.8322639465332031,-1,-1,-1
96,2,900.5703,574.0611,157.17773,128.95439999999996,0.8481622338294983,-1,-1,-1
97,1,1087.987,580.1903,120.20544399999994,121.84637499999997,0.8204341530799866,-1,-1,-1
97,2,916.65686,573.7493,149.53161999999998,123.027466,0.8463003039360046,-1,-1,-1
98,1,1086.1511,577.4666,120.81945999999994,120.63897999999995,0.776703953742981,-1,-1,-1
98,2,933.78046,574.1051,139.76189999999997,118.34826999999996,0.853417694568634,-1,-1,-1
99,1,1087.8761,577.2002,117.14856000000009,115.65990999999997,0.7778354287147522,-1,-1,-1
99,2,945.8889,573.0399,137.50304999999992,114.17309599999999,0.8675442337989807,-1,-1,-1
100,1,1086.1204,576.41565,117.5125700000001,114.33123999999998,0.7715087532997131,-1,-1,-1
100,2,959.1582,574.1743,130.71545000000003,109.00671399999999,0.8422874808311462,-1,-1,-1
101,1,1088.3684,573.3635,114.39111000000003,111.64435000000003,0.770733654499054,-1,-1,-1
101,2,967.0378,572.99194,124.93744000000004,106.27422999999999,0.8499618172645569,-1,-1,-1
102,1,1086.5612,572.1681,115.88489000000004,109.16881999999998,0.768255352973938,-1,-1,-1
102,2,978.4317,572.02136,120.74627999999996,104.53015000000005,0.8545932769775391,-1,-1,-1
103,1,1087.2887,570.1923,115.27404999999999,107.74805000000003,0.7535352110862732,-1,-1,-1
103,2,987.6295,571.3627,115.93517999999995,101.97600999999997,0.8721404671669006,-1,-1,-1
104,1,1092.2815,566.7367,109.30260999999996,106.80658000000005,0.7384026050567627,-1,-1,-1
104,2,993.83527,570.59204,112.50152600000001,99.08825999999999,0.83937007188797,-1,-1,-1
105,1,1091.7169,565.9792,108.71863000000008,103.85168499999997,0.7481611371040344,-1,-1,-1
105,2,1000.3477,569.0762,107.51214600000003,96.67931999999996,0.8113719820976257,-1,-1,-1
106,1,1093.004,564.27527,107.01184000000012,103.09618999999998,0.7162604928016663,-1,-1,-1
106,2,1004.146,566.438,106.03442399999994,95.27435000000003,0.7902141213417053,-1,-1,-1
106,3,0.08444786,542.2083,407.63394,361.45856000000003,0.6386739611625671,-1,-1,-1
107,1,1092.5275,562.93005,106.2790500000001,101.40905999999995,0.6873630285263062,-1,-1,-1
107,2,1009.5074,565.5004,103.28094499999997,92.42651000000001,0.7538533806800842,-1,-1,-1
107,3,0.0,372.85547,517.0632,535.4964600000001,0.6102201342582703,-1,-1,-1
108,1,1090.5374,561.1701,106.72362999999996,100.42474000000004,0.6193825602531433,-1,-1,-1
108,2,1013.14105,564.1151,103.92071499999997,90.79021999999998,0.7488505244255066,-1,-1,-1
109,2,1014.9372,560.909,104.16949499999998,91.51575000000003,0.7338787913322449,-1,-1,-1
109,3,0.0,416.42572,632.58093,438.45184,0.7205033898353577,-1,-1,-1
110,2,1017.7561,558.88416,101.6001,90.72339,0.6358104944229126,-1,-1,-1
110,3,37.525032,437.51974,659.959,404.88034,0.808768630027771,-1,-1,-1
111,2,1022.1695,557.2672,98.78765999999996,88.367615,0.616831362247467,-1,-1,-1
111,3,143.23666,450.90063,604.5333,379.99414,0.7832778096199036,-1,-1,-1
112,3,247.46912,461.78455,552.43,350.00946000000005,0.791326105594635,-1,-1,-1
113,3,367.00116,478.94888,471.24614999999994,323.3223,0.8103400468826294,-1,-1,-1
114,3,497.95285,492.38712,379.65145999999993,292.02383,0.8442977666854858,-1,-1,-1
115,3,561.2562,503.30215,350.95758,272.05062999999996,0.8544918298721313,-1,-1,-1
116,3,608.4093,510.05353,331.74628000000007,257.8166,0.8654365539550781,-1,-1,-1
117,3,657.53076,515.52136,305.93304,247.10303,0.8575127124786377,-1,-1,-1
118,1,1089.5884,541.6858,90.64916999999991,95.06646999999998,0.6012067794799805,-1,-1,-1
118,3,693.06213,518.71173,304.94672,240.0711,0.8706542253494263,-1,-1,-1
119,1,1089.9039,541.09424,89.63867000000005,94.40399000000002,0.6145825386047363,-1,-1,-1
119,3,732.67474,520.3225,295.76300000000003,225.19457999999997,0.8670691847801208,-1,-1,-1
120,1,1087.748,539.0053,90.98986999999988,96.49676499999998,0.61423659324646,-1,-1,-1
120,3,768.00134,521.65466,267.0796,219.76929000000007,0.8991457223892212,-1,-1,-1
121,3,796.8179,527.02637,254.45154000000002,211.19891000000007,0.8841860294342041,-1,-1,-1
122,3,824.1896,531.4548,240.87024000000008,199.30169999999998,0.8876641988754272,-1,-1,-1
123,3,847.2103,530.4859,227.93957999999998,198.05431999999996,0.8797965049743652,-1,-1,-1
124,3,871.3338,534.0601,210.11370999999997,188.98681999999997,0.8859835267066956,-1,-1,-1
125,3,887.6629,537.44916,207.80975000000012,181.72913000000005,0.8764004707336426,-1,-1,-1
126,3,908.58124,538.7239,188.7273600000001,177.68378000000007,0.8972588777542114,-1,-1,-1
127,3,920.4632,538.96295,183.14397999999994,175.01398000000006,0.88301682472229,-1,-1,-1
128,3,935.98804,537.12396,174.82494999999994,171.39142000000004,0.8916406631469727,-1,-1,-1
129,3,947.17236,538.698,168.84655999999995,165.41558999999995,0.8952194452285767,-1,-1,-1
129,4,866.33026,484.05093,101.00951999999995,82.95821999999998,0.626741886138916,-1,-1,-1
130,3,959.1368,538.6554,161.23431000000005,161.76575000000003,0.8826004266738892,-1,-1,-1
130,4,860.5518,484.38406,104.58258000000001,84.69064000000003,0.6911158561706543,-1,-1,-1
131,3,967.2033,540.62537,158.33441000000005,155.76642000000004,0.8746017217636108,-1,-1,-1
131,4,856.06287,486.2443,104.42620999999997,84.26626600000003,0.7226744294166565,-1,-1,-1
132,3,980.64136,539.2889,146.67162999999994,152.67316000000005,0.8797300457954407,-1,-1,-1
132,4,851.5221,488.4553,103.84862999999996,83.81863400000003,0.7677547931671143,-1,-1,-1
133,3,987.7362,542.4474,142.50279999999998,145.08685000000003,0.8811122179031372,-1,-1,-1
133,4,846.38403,488.5348,104.44872999999995,85.37060499999995,0.7768675684928894,-1,-1,-1
134,3,996.02734,544.7001,138.15649999999994,139.64562999999998,0.8634352087974548,-1,-1,-1
134,4,841.608,489.0836,106.23108000000002,85.73891999999995,0.7758861780166626,-1,-1,-1
135,3,1002.66626,543.2612,134.77514999999994,138.04840000000002,0.8660593032836914,-1,-1,-1
135,4,834.0422,491.39548,107.944885,85.19437000000005,0.789781391620636,-1,-1,-1
136,3,1006.6084,543.7169,132.1825,133.17125999999996,0.8561544418334961,-1,-1,-1
136,4,826.4947,491.825,108.46807999999999,86.47625999999997,0.8238750696182251,-1,-1,-1
137,3,1009.6366,541.8763,129.55468999999994,131.37671,0.8442056179046631,-1,-1,-1
137,4,818.11865,492.5871,111.98828000000003,86.92046999999997,0.8230271339416504,-1,-1,-1
138,3,1014.57385,539.5749,128.62889999999993,129.17242,0.8390185236930847,-1,-1,-1
138,4,808.80774,489.75067,116.20904500000006,90.40222000000006,0.8400644659996033,-1,-1,-1
139,3,1019.30774,537.786,127.1777340000001,127.87701400000003,0.8510959148406982,-1,-1,-1
139,4,800.3565,487.50552,119.11272999999994,92.66311999999999,0.8523696660995483,-1,-1,-1
140,3,1021.3503,536.20026,124.2515259999999,125.28973399999995,0.8587587475776672,-1,-1,-1
140,4,791.8065,489.61774,121.48015999999996,93.66967999999997,0.8408921360969543,-1,-1,-1
141,3,1024.4303,536.75775,121.53186000000005,121.39892599999996,0.8759021759033203,-1,-1,-1
141,4,779.4176,490.26022,124.78943000000004,94.81259,0.8436943292617798,-1,-1,-1
142,3,1026.6057,535.28705,119.58581499999991,118.83037999999999,0.8658212423324585,-1,-1,-1
142,4,767.61316,490.63443,128.05676000000005,95.62759399999999,0.8466335535049438,-1,-1,-1
143,3,1028.9915,534.0346,115.28931000000011,116.42327999999998,0.8631160855293274,-1,-1,-1
143,4,753.6195,490.82584,130.25432999999998,94.48569000000003,0.8414669632911682,-1,-1,-1
144,3,1030.5189,533.06384,113.68298000000004,113.66283999999996,0.8578896522521973,-1,-1,-1
144,4,740.37213,490.39203,134.89526,94.87768600000004,0.8441823720932007,-1,-1,-1
145,3,1033.0485,532.9587,111.53136999999992,109.954834,0.8477222919464111,-1,-1,-1
145,4,721.7253,488.43503,141.16009999999994,96.97446000000002,0.85061115026474,-1,-1,-1
146,3,1033.1787,533.06744,109.9857199999999,107.5426,0.8394060134887695,-1,-1,-1
146,4,699.6278,486.0403,150.84247000000005,99.45656999999994,0.8356633186340332,-1,-1,-1
147,3,1033.5007,532.8346,108.40526999999997,103.90093999999999,0.8203324675559998,-1,-1,-1
147,4,678.31256,483.883,156.54840000000002,100.54846000000003,0.8470051884651184,-1,-1,-1
148,3,1033.9546,530.7857,107.1705300000001,102.98321499999997,0.8131114840507507,-1,-1,-1
148,4,657.46277,479.2371,167.2663,105.16622999999998,0.848656415939331,-1,-1,-1
149,3,1035.3989,528.6526,104.46008000000006,101.06848000000002,0.8131498694419861,-1,-1,-1
149,4,634.012,476.13593,171.83069,107.03198000000003,0.8564804196357727,-1,-1,-1
150,3,1036.4973,528.22095,102.81335399999989,98.45276000000001,0.8233010768890381,-1,-1,-1
150,4,605.95856,471.88422,184.76868000000002,110.69164999999998,0.8453436493873596,-1,-1,-1
151,3,1035.1027,526.40125,103.64038000000005,98.03979500000003,0.8386098146438599,-1,-1,-1
151,4,571.296,465.11652,190.74457000000007,115.69982999999996,0.8448387980461121,-1,-1,-1
152,3,1037.3315,524.99286,99.94543500000009,96.80413999999996,0.8383933901786804,-1,-1,-1
152,4,542.5172,463.22888,197.65497000000005,113.85802999999999,0.832539975643158,-1,-1,-1
153,3,1038.181,526.63354,97.73046999999997,92.77575999999999,0.7835578918457031,-1,-1,-1
153,4,499.2445,456.2397,214.81464000000005,119.63257000000004,0.8299989700317383,-1,-1,-1
154,3,1039.2755,523.4085,97.67858999999999,94.38897999999995,0.6730636954307556,-1,-1,-1
154,4,454.40445,450.19626,231.17331000000001,124.94986,0.8475741147994995,-1,-1,-1
155,4,401.65768,441.07828,249.34493999999995,130.88607999999994,0.8373693823814392,-1,-1,-1
156,4,335.9141,434.023,271.62100000000004,132.04210999999998,0.8499819040298462,-1,-1,-1
157,4,272.48453,424.08582,290.2740800000001,137.58649000000003,0.8429479002952576,-1,-1,-1
158,4,216.73602,417.0702,305.70184,142.77124000000003,0.8409237265586853,-1,-1,-1
159,4,123.73405,403.041,347.50915999999995,149.66013000000004,0.808070719242096,-1,-1,-1
160,4,19.10615,383.96268,400.79422,155.63509999999997,0.7966101765632629,-1,-1,-1
161,4,0.9473324,364.95352,349.52237,169.95639000000006,0.7176805734634399,-1,-1,-1
168,5,31.263638,682.7424,787.81055,498.3439300000001,0.7386151552200317,-1,-1,-1
169,5,198.32324,690.71533,652.6026000000002,440.0646999999999,0.7931832671165466,-1,-1,-1
170,5,331.68686,696.1152,560.1404,389.9508699999999,0.8255299925804138,-1,-1,-1
171,5,443.99405,698.8119,493.02432,338.8763399999999,0.8173432350158691,-1,-1,-1
172,5,562.2542,692.2291,428.67444,313.13245000000006,0.8220625519752502,-1,-1,-1
173,5,645.28094,685.3678,364.96367999999995,290.93054000000006,0.8391590118408203,-1,-1,-1
174,5,710.2767,676.9769,334.1276200000001,274.53693,0.8459879159927368,-1,-1,-1
175,5,758.18115,675.789,312.3242200000001,249.74212999999997,0.8751469254493713,-1,-1,-1
176,5,794.09717,670.1577,302.09619999999995,230.92242,0.8555775880813599,-1,-1,-1
177,5,838.5902,664.7249,278.8403300000001,215.38336000000004,0.8795604109764099,-1,-1,-1
178,5,882.9739,661.65216,249.07373000000007,200.07270000000005,0.8747857809066772,-1,-1,-1
179,5,912.7174,657.4853,235.52673000000004,191.78368999999998,0.8696449995040894,-1,-1,-1
180,5,947.03815,652.0526,216.91510000000005,183.16742,0.8492228388786316,-1,-1,-1
181,5,970.3995,651.7046,201.23784999999998,174.04498,0.86917644739151,-1,-1,-1
182,5,991.35706,647.5563,186.99512000000004,166.55084,0.8772042989730835,-1,-1,-1
183,5,1007.61316,641.5287,177.25012000000004,162.83483999999999,0.8560698628425598,-1,-1,-1
184,5,1023.2342,637.1758,166.8723799999999,156.99010999999996,0.8646519184112549,-1,-1,-1
185,5,1037.2716,635.4234,158.2137499999999,149.26427999999999,0.8808671236038208,-1,-1,-1
186,5,1045.2043,633.2922,154.34534000000008,143.63531,0.8824295997619629,-1,-1,-1
187,5,1051.4689,630.9931,149.2402300000001,137.28710999999998,0.8677133321762085,-1,-1,-1
188,5,1060.5515,629.1102,145.20947,134.46386999999993,0.8789625763893127,-1,-1,-1
189,5,1073.6814,626.41705,135.50195000000008,127.65008499999999,0.8610488176345825,-1,-1,-1
190,5,1077.6648,622.744,133.58679000000006,125.04651000000001,0.857549786567688,-1,-1,-1
191,5,1087.6088,619.8881,125.61084000000005,122.50878999999998,0.8542101979255676,-1,-1,-1
192,5,1089.4507,618.438,129.09008999999992,119.20581000000004,0.8588780760765076,-1,-1,-1
193,5,1094.225,617.2675,123.30358999999999,115.88153,0.8511240482330322,-1,-1,-1
194,5,1096.7863,613.54425,121.92040999999995,113.66424600000005,0.8685441017150879,-1,-1,-1
194,6,922.011,515.66724,106.51477,89.77697999999998,0.760787308216095,-1,-1,-1
195,5,1101.9464,611.4815,118.53223000000003,110.61517000000003,0.8619644641876221,-1,-1,-1
195,6,917.8792,517.6582,108.17278999999996,90.37067000000002,0.7907499074935913,-1,-1,-1
196,5,1102.9952,608.88824,118.41955600000006,108.34216000000004,0.8604342937469482,-1,-1,-1
196,6,912.2053,516.6481,112.72046000000012,94.6712,0.8197929263114929,-1,-1,-1
197,5,1104.7264,606.4879,114.96045000000004,106.29980499999999,0.860371470451355,-1,-1,-1
197,6,907.8993,517.42706,112.53583000000003,95.90948500000002,0.8361997008323669,-1,-1,-1
198,5,1105.6725,604.38367,113.19324000000006,104.59002999999996,0.8632157444953918,-1,-1,-1
198,6,903.38153,518.5216,112.59844999999996,97.34631000000002,0.8544456362724304,-1,-1,-1
199,5,1107.9912,602.96747,109.22620000000006,100.99254999999994,0.8595210313796997,-1,-1,-1
199,6,896.70276,520.3102,111.34112500000003,97.47009000000003,0.8509293794631958,-1,-1,-1
200,5,1108.765,600.5876,107.80835000000002,99.29083000000003,0.852131724357605,-1,-1,-1
200,6,887.8435,519.9619,116.70306400000004,100.99163999999996,0.8917079567909241,-1,-1,-1
201,5,1109.166,597.3796,106.9362799999999,98.47069999999997,0.8370173573493958,-1,-1,-1
201,6,877.016,520.8275,121.98657000000003,103.02099599999997,0.858059287071228,-1,-1,-1
202,5,1108.8015,595.6398,104.70690999999988,96.85479999999995,0.7768234014511108,-1,-1,-1
202,6,866.7942,520.90027,125.17798000000005,104.90814,0.8769555687904358,-1,-1,-1
203,5,1109.2996,593.17474,103.65356399999996,95.00109999999995,0.7670990228652954,-1,-1,-1
203,6,853.1742,523.6055,128.29345999999998,104.42908,0.8666518926620483,-1,-1,-1
204,5,1109.0748,590.95386,102.20885999999996,94.449524,0.6595736742019653,-1,-1,-1
204,6,839.16833,525.13464,133.68646,105.99536,0.8559665083885193,-1,-1,-1
205,6,819.0132,520.535,141.65343999999993,112.66107,0.8717615008354187,-1,-1,-1
206,6,801.82837,517.1588,146.06860000000006,118.82397500000002,0.8662511706352234,-1,-1,-1
207,6,779.9726,516.92255,153.10979999999995,117.92682000000002,0.85594242811203,-1,-1,-1
208,6,756.37415,522.3498,166.04462,118.18988000000002,0.8583410978317261,-1,-1,-1
209,6,725.89777,520.7389,176.90607,120.53601000000003,0.8301376104354858,-1,-1,-1
210,6,694.6223,517.2862,187.38318000000004,129.04693999999995,0.8535210490226746,-1,-1,-1
211,6,657.2645,514.15607,200.54236000000003,133.32452,0.8754816055297852,-1,-1,-1
212,6,611.42303,510.6841,223.03796,136.36264,0.8500280380249023,-1,-1,-1
213,6,558.6273,505.09653,245.45403999999996,144.00119,0.8496427536010742,-1,-1,-1
213,7,775.8877,491.67905,122.56219499999997,92.16677999999996,0.7395229339599609,-1,-1,-1
214,6,497.45197,498.1799,263.8710300000001,150.42203000000006,0.8477465510368347,-1,-1,-1
214,7,767.29596,492.67157,124.64904999999999,91.94701999999995,0.7976250052452087,-1,-1,-1
215,6,420.11508,492.1813,303.13248000000004,157.54031000000003,0.8452194929122925,-1,-1,-1
215,7,755.1653,493.17407,126.78894000000003,91.26183999999995,0.8381428718566895,-1,-1,-1
216,6,355.84027,481.5655,319.36188,169.54095,0.8372356295585632,-1,-1,-1
216,7,743.9184,491.32654,131.63165000000004,94.47229000000004,0.850152850151062,-1,-1,-1
217,6,259.21973,468.82755,357.56848,183.17147999999997,0.8316475749015808,-1,-1,-1
217,7,728.1776,490.9625,140.35284000000001,95.13016000000005,0.8471717834472656,-1,-1,-1
218,6,167.24443,454.46674,404.51648,200.3349,0.774289071559906,-1,-1,-1
218,7,715.7295,487.72565,144.99249999999995,98.51935000000003,0.8557977080345154,-1,-1,-1
219,6,70.786575,446.09384,470.05743000000007,212.85897999999997,0.744271993637085,-1,-1,-1
219,7,699.2097,486.72076,150.38745000000006,99.52429000000001,0.8385351300239563,-1,-1,-1
220,6,3.2182693,427.53278,479.5604,226.54706,0.721102774143219,-1,-1,-1
220,7,681.1907,484.09167,160.26135,101.51044000000002,0.849132776260376,-1,-1,-1
221,7,666.2696,482.21387,163.10100999999997,103.23718000000002,0.8557367920875549,-1,-1,-1
222,6,0.0,414.93024,284.9495,240.22778000000005,0.6600833535194397,-1,-1,-1
222,7,650.2458,479.9911,167.23717999999997,104.12157999999994,0.8423353433609009,-1,-1,-1
223,7,624.20026,476.7939,176.27526999999998,105.82162500000004,0.8610029816627502,-1,-1,-1
224,7,603.40375,474.70093,186.7409,109.48504999999994,0.8375399708747864,-1,-1,-1
225,7,579.6592,470.64093,187.83875,111.57574499999998,0.8280326128005981,-1,-1,-1
226,7,555.82227,466.77893,192.86406999999997,115.04077000000001,0.8302085399627686,-1,-1,-1
227,7,520.8823,461.16663,209.06183,116.43987999999996,0.860437273979187,-1,-1,-1
228,7,487.23135,458.36868,216.07968000000005,121.30343999999997,0.8209422826766968,-1,-1,-1
229,7,452.35046,452.0468,236.36017000000004,125.80188000000004,0.8424054980278015,-1,-1,-1
230,7,405.48047,444.55658,253.13324000000006,131.45837,0.8260418772697449,-1,-1,-1
231,7,354.25845,438.69968,279.74606,132.02016999999995,0.8395097255706787,-1,-1,-1
232,7,306.59476,433.08774,299.18070000000006,133.49228,0.8332605957984924,-1,-1,-1
233,7,256.84518,423.92426,306.35788,140.19489,0.8352605700492859,-1,-1,-1
234,7,199.43958,417.33035,337.51570000000004,144.34548999999998,0.8378936052322388,-1,-1,-1
235,7,147.66568,408.11795,352.16742,150.44594999999998,0.8438723683357239,-1,-1,-1
236,7,48.904755,389.31857,413.45648,164.20853,0.7667708992958069,-1,-1,-1
237,7,11.235249,378.01346,393.96198,166.24276999999995,0.7524142861366272,-1,-1,-1
238,7,0.8266449,365.8817,324.8426,173.04901000000007,0.7306403517723083,-1,-1,-1
272,8,886.09296,473.49677,95.74163999999996,86.46411000000006,0.649586021900177,-1,-1,-1
273,8,882.02875,474.7233,98.14801,86.27493000000004,0.7348510026931763,-1,-1,-1
274,8,879.6424,474.43756,99.63604999999995,87.89196999999996,0.7291355133056641,-1,-1,-1
275,8,876.25134,473.88596,102.61510999999996,90.87613000000005,0.7669093012809753,-1,-1,-1
276,8,873.97363,474.4936,104.37396000000001,91.579834,0.7708852887153625,-1,-1,-1
276,9,946.9286,507.29932,100.17699999999991,90.44116000000002,0.6306707859039307,-1,-1,-1
277,8,871.40826,474.72638,104.72259499999996,92.77642999999995,0.7631715536117554,-1,-1,-1
277,9,943.08777,507.2876,103.0510250000001,93.34051499999998,0.6481887102127075,-1,-1,-1
277,10,0.0,618.4447,837.1884,501.9524000000001,0.7125158905982971,-1,-1,-1
278,8,865.4604,473.03656,109.66528000000005,95.65967,0.789294421672821,-1,-1,-1
278,9,940.35834,506.0791,104.79889000000003,96.68023999999997,0.6767854690551758,-1,-1,-1
278,10,114.93089,617.883,745.29553,457.9361000000001,0.7620627284049988,-1,-1,-1
279,8,861.5309,473.22754,113.02588000000003,98.25317400000006,0.8047012090682983,-1,-1,-1
279,10,311.18097,620.7092,605.45044,394.71264999999994,0.8053110837936401,-1,-1,-1
280,8,858.3747,473.38748,114.41876000000002,99.32681000000002,0.8067643046379089,-1,-1,-1
280,9,936.5267,509.79413,103.3638299999999,98.18413999999996,0.6160022020339966,-1,-1,-1
280,10,444.05392,628.7693,524.9053999999999,361.09027000000003,0.765173077583313,-1,-1,-1
281,8,855.3446,474.5759,114.73559599999999,99.13101,0.7914312481880188,-1,-1,-1
281,9,931.71674,512.1484,107.75262499999997,99.49530000000004,0.7204647064208984,-1,-1,-1
281,10,556.9404,631.9316,458.56116,309.21515,0.7964379191398621,-1,-1,-1
282,8,848.4465,472.3921,117.86572000000001,103.99396000000002,0.7946591377258301,-1,-1,-1
282,9,928.9256,511.3117,108.97394000000008,101.884094,0.7241949439048767,-1,-1,-1
282,10,659.45245,633.6909,396.7718,279.3567499999999,0.8204755187034607,-1,-1,-1
283,8,844.293,474.4684,120.23315400000001,102.54953,0.7883539795875549,-1,-1,-1
283,9,923.61127,512.50543,111.15716600000007,103.98424999999997,0.7335932850837708,-1,-1,-1
283,10,721.4752,632.00214,364.95299999999986,259.78441999999995,0.8476026058197021,-1,-1,-1
284,8,842.4221,474.44467,117.44000000000005,104.29593,0.7564812898635864,-1,-1,-1
284,9,918.2359,513.4284,112.74921000000006,104.40881000000002,0.8025921583175659,-1,-1,-1
284,10,768.12537,625.1627,342.1383000000001,246.38196000000005,0.835123598575592,-1,-1,-1
285,8,835.11163,475.6878,121.63158999999996,103.21081499999997,0.7912589907646179,-1,-1,-1
285,9,916.25385,514.00336,112.64874000000009,106.37170400000002,0.8123222589492798,-1,-1,-1
285,10,824.04553,620.21344,304.63415999999995,229.73059,0.8459612131118774,-1,-1,-1
286,8,830.19617,476.16315,124.92638999999997,105.18005000000005,0.7809784412384033,-1,-1,-1
286,9,911.362,513.12286,115.10174599999993,109.36053500000003,0.8151435256004333,-1,-1,-1
286,10,868.43396,617.1909,285.5418699999999,214.88458000000003,0.8540944457054138,-1,-1,-1
287,8,825.276,478.6566,126.07727,102.23025499999994,0.7650392651557922,-1,-1,-1
287,9,905.8611,514.6244,118.66613999999993,109.41833499999996,0.820792019367218,-1,-1,-1
287,10,899.2365,614.0342,257.59003000000007,204.90503,0.8640422821044922,-1,-1,-1
288,8,816.2449,476.24887,131.534,106.33114999999998,0.7462827563285828,-1,-1,-1
288,9,898.464,514.23834,122.46209999999996,114.23473999999999,0.8423208594322205,-1,-1,-1
288,10,935.1086,611.3444,231.38812000000007,196.19561999999996,0.8634303212165833,-1,-1,-1
289,8,807.7501,477.30704,129.43993999999998,106.85097999999999,0.7078531980514526,-1,-1,-1
289,9,890.9368,516.71375,125.09387000000004,112.34911999999997,0.852652370929718,-1,-1,-1
289,10,960.7054,608.39844,214.8574799999999,185.64111000000003,0.8540081977844238,-1,-1,-1
290,8,798.5697,476.35193,134.66832999999997,108.24566999999996,0.7263668179512024,-1,-1,-1
290,9,884.4486,518.48987,128.04869999999994,112.32049600000005,0.8619803786277771,-1,-1,-1
290,10,987.33655,609.0625,193.92542000000003,173.40778,0.8711130023002625,-1,-1,-1
291,8,793.5049,475.33826,135.36608999999999,109.69475999999997,0.6547048091888428,-1,-1,-1
291,9,875.6346,520.43866,131.08330999999998,113.05755599999998,0.8170980215072632,-1,-1,-1
291,10,1007.5209,606.6489,175.30591000000004,166.31317,0.8741523623466492,-1,-1,-1
292,9,866.79785,517.7814,138.80267000000003,117.54730000000006,0.8210436701774597,-1,-1,-1
292,10,1022.71106,602.21,169.5055000000001,162.83043999999995,0.8742741346359253,-1,-1,-1
293,9,854.09985,515.6874,147.67377,125.19408999999996,0.8230306506156921,-1,-1,-1
293,10,1030.6499,601.3824,167.4298100000001,155.93646,0.8815716505050659,-1,-1,-1
294,9,840.1293,519.2164,155.15062999999998,123.96197499999994,0.8178256750106812,-1,-1,-1
294,10,1040.4813,598.64905,158.18408,149.24730999999997,0.8745175004005432,-1,-1,-1
295,9,826.9942,516.5095,157.87029999999993,126.57989499999996,0.8161405324935913,-1,-1,-1
295,10,1051.6713,596.01715,152.14380000000006,144.60479999999995,0.8760783672332764,-1,-1,-1
296,9,813.3562,516.2407,165.17584,129.45818999999995,0.8410601019859314,-1,-1,-1
296,10,1058.5433,592.71356,145.4122299999999,139.78229,0.8799668550491333,-1,-1,-1
297,9,797.87695,516.2684,169.07610999999997,129.45367,0.8287184238433838,-1,-1,-1
297,10,1061.4834,592.0989,141.22449000000006,136.59271,0.869070827960968,-1,-1,-1
298,9,779.0508,515.61786,173.94873000000007,130.79889000000003,0.8455318808555603,-1,-1,-1
298,10,1066.0769,589.13477,136.09386999999992,132.62775,0.8605640530586243,-1,-1,-1
299,9,758.4596,516.5598,184.09937000000002,133.09631000000002,0.8744520545005798,-1,-1,-1
299,10,1071.5989,587.6969,131.73644999999988,126.81493999999998,0.8661273717880249,-1,-1,-1
300,9,737.89185,516.38367,192.09271,134.28912000000003,0.8540357351303101,-1,-1,-1
300,10,1077.0397,585.64624,124.94164999999998,122.32532000000003,0.8586564660072327,-1,-1,-1
301,9,708.85895,513.64154,205.00091999999995,137.58507999999995,0.8604919910430908,-1,-1,-1
301,10,1080.6935,584.2124,122.83130000000006,117.92029000000002,0.8491506576538086,-1,-1,-1
302,9,682.403,517.549,213.90094,132.7179,0.8686603903770447,-1,-1,-1
302,10,1082.7145,583.17926,120.14159999999993,112.157104,0.8534887433052063,-1,-1,-1
303,9,648.6774,515.29596,228.43726000000004,136.20703000000003,0.8541061878204346,-1,-1,-1
303,10,1083.25,581.70184,117.26733400000012,107.65417500000001,0.8434023261070251,-1,-1,-1
304,9,612.3242,514.31885,238.04669,135.81219999999996,0.8542137742042542,-1,-1,-1
304,10,1085.9066,578.827,115.02758999999992,106.24518,0.8181594610214233,-1,-1,-1
305,9,566.8376,509.25742,260.2102699999999,140.10220000000004,0.8542018532752991,-1,-1,-1
305,10,1085.3644,576.18964,114.88220000000001,102.98175000000003,0.8317779898643494,-1,-1,-1
306,9,521.7916,505.67923,273.0511,143.63192999999995,0.850563108921051,-1,-1,-1
306,10,1086.4498,573.4788,112.72998000000007,102.10583499999996,0.8319395780563354,-1,-1,-1
307,9,470.65878,500.7431,286.7048,147.005,0.8511903882026672,-1,-1,-1
307,10,1086.087,569.9571,111.8222659999999,101.29718000000003,0.8279033899307251,-1,-1,-1
308,9,405.24463,486.38144,315.213,158.84866,0.8082553744316101,-1,-1,-1
308,10,1085.4563,568.2003,111.33301000000006,98.71825999999999,0.8066240549087524,-1,-1,-1
309,9,344.22852,474.83502,333.7268,171.48914000000002,0.779751718044281,-1,-1,-1
309,10,1085.1296,566.0746,108.97046,98.160034,0.7392803430557251,-1,-1,-1
310,9,269.8598,458.78278,352.97925000000004,182.93573000000004,0.6404338479042053,-1,-1,-1
310,10,1086.2356,562.9509,106.63647500000002,96.36639400000001,0.6705622673034668,-1,-1,-1
310,11,848.0911,495.93304,103.03534000000002,81.64098999999999,0.6678963303565979,-1,-1,-1
311,9,187.28552,444.66095,408.72748,197.23358000000002,0.6452392935752869,-1,-1,-1
311,10,1087.049,561.3051,105.35852,95.20416,0.6430387496948242,-1,-1,-1
311,11,840.1457,496.73434,106.46209999999996,81.42867999999999,0.6660991907119751,-1,-1,-1
312,9,80.65347,434.1074,468.87277000000006,207.03049,0.6630666851997375,-1,-1,-1
312,10,1086.5865,559.8465,102.96056999999996,93.35888999999997,0.658623456954956,-1,-1,-1
312,11,832.6231,497.07632,109.52795400000002,83.56869500000005,0.7103052139282227,-1,-1,-1
313,10,1085.9146,557.1165,102.51953000000003,92.6626,0.6372775435447693,-1,-1,-1
313,11,826.2653,496.40378,109.45172000000002,85.24026500000002,0.7963464260101318,-1,-1,-1
314,9,0.36673546,417.19427,405.98264,221.30298,0.6631467938423157,-1,-1,-1
314,11,818.3901,494.4748,110.76238999999998,87.36931999999996,0.8080825805664062,-1,-1,-1
315,11,808.7652,494.6785,112.96771000000001,87.97397000000001,0.8313480019569397,-1,-1,-1
316,11,801.3202,494.86383,115.51434000000006,90.43877999999995,0.8328818678855896,-1,-1,-1
317,11,791.5978,493.78625,116.26427999999999,91.15485000000001,0.8564164638519287,-1,-1,-1
318,11,782.99274,495.08847,118.42651000000001,90.47378499999996,0.8360453248023987,-1,-1,-1
319,11,772.9452,497.60257,119.48968500000001,87.61709599999995,0.8366109132766724,-1,-1,-1
320,11,758.34076,497.51434,121.38251000000002,87.75537000000003,0.838661253452301,-1,-1,-1
321,11,742.56323,496.77954,128.34015,88.89104999999995,0.8476449251174927,-1,-1,-1
322,11,726.9518,493.9231,131.91698999999994,91.26300000000003,0.8572288155555725,-1,-1,-1
323,11,710.1936,491.19006,141.80322,93.82763999999997,0.8523895740509033,-1,-1,-1
324,11,692.954,487.15448,143.63573999999994,96.04437000000001,0.8527531027793884,-1,-1,-1
325,11,669.35846,483.1842,155.26080000000002,101.19140999999996,0.8652361631393433,-1,-1,-1
326,11,652.30676,482.88403,156.57501000000002,99.55102500000004,0.8502055406570435,-1,-1,-1
327,11,624.80035,479.19388,166.64617999999996,102.47696000000002,0.8671619296073914,-1,-1,-1
328,11,599.14014,474.576,177.16527999999994,106.63971000000004,0.8500229716300964,-1,-1,-1
329,11,570.97217,466.88528,182.35082999999997,111.97701999999998,0.8507810235023499,-1,-1,-1
330,11,545.2834,465.24515,194.01513999999997,112.84066999999999,0.8297809958457947,-1,-1,-1
331,11,505.97018,460.59045,207.71047999999996,116.71313500000002,0.8481156229972839,-1,-1,-1
332,11,463.45435,452.13565,222.99919999999997,121.67941000000002,0.8204420208930969,-1,-1,-1
333,11,421.889,449.35226,233.60233000000005,121.18227999999999,0.8264908790588379,-1,-1,-1
334,11,369.52576,441.29675,259.09442,124.86651600000005,0.8452908992767334,-1,-1,-1
334,13,0.0,526.876,339.4948,351.7318700000001,0.609110951423645,-1,-1,-1
335,11,313.16275,436.47937,284.01968000000005,126.00842,0.8432442545890808,-1,-1,-1
335,13,0.0,539.2168,446.6741,328.20043999999996,0.7102461457252502,-1,-1,-1
336,11,261.8026,429.30917,293.96435999999994,132.70394999999996,0.8247714042663574,-1,-1,-1
336,13,0.036907196,547.1232,535.24915,306.8985,0.8003091216087341,-1,-1,-1
337,11,215.1246,420.11987,299.09518,136.91192999999998,0.8158702850341797,-1,-1,-1
337,13,32.220695,558.502,574.4955,275.01544,0.84566330909729,-1,-1,-1
338,11,142.0517,410.6349,331.4619,139.50940000000003,0.8022871613502502,-1,-1,-1
338,13,197.73729,558.3276,470.6341,259.30229999999995,0.819033145904541,-1,-1,-1
339,11,48.15731,388.98657,382.7631,152.67834,0.7626715302467346,-1,-1,-1
339,13,288.42102,564.15137,440.7187,242.65173000000004,0.8112006187438965,-1,-1,-1
339,14,854.56006,481.9897,103.253784,85.95257599999997,0.6703937649726868,-1,-1,-1
340,11,3.45428,377.86053,356.36703,156.76330000000002,0.8114505410194397,-1,-1,-1
340,13,392.77307,572.1138,383.2467,219.83911,0.8127009868621826,-1,-1,-1
340,14,850.37177,482.12418,105.15093999999999,86.86153999999999,0.8116308450698853,-1,-1,-1
341,11,0.9909868,368.11533,312.09268,164.80057,0.727915346622467,-1,-1,-1
341,13,500.86002,578.5217,320.42501999999996,202.70709,0.8431044220924377,-1,-1,-1
341,14,845.8567,482.32498,107.58319000000006,87.35311999999999,0.8276386260986328,-1,-1,-1
342,13,564.79407,584.04083,294.1372,188.95647999999994,0.8707090616226196,-1,-1,-1
342,14,840.8535,483.76263,108.84875499999998,88.16894499999995,0.8188176155090332,-1,-1,-1
343,13,616.892,586.3015,272.4391499999999,179.91625999999997,0.8332712054252625,-1,-1,-1
343,14,835.38104,485.8232,108.23364000000004,86.86429000000004,0.8516067862510681,-1,-1,-1
344,13,659.86816,588.77057,255.17034999999998,173.06835999999998,0.8542789816856384,-1,-1,-1
344,14,830.0064,486.01602,108.65594499999997,87.89017000000001,0.8543421030044556,-1,-1,-1
345,13,702.7991,588.78485,238.40863000000002,164.71051,0.8427629470825195,-1,-1,-1
345,14,821.03156,485.16577,110.99853500000006,89.952515,0.8396345973014832,-1,-1,-1
346,13,744.48474,589.96466,219.03796,154.77948000000004,0.8287672400474548,-1,-1,-1
346,14,812.3301,485.02512,115.37665000000004,90.79074000000003,0.8384464383125305,-1,-1,-1
347,13,781.8546,589.40375,203.07372999999995,148.76433999999995,0.8417695164680481,-1,-1,-1
347,14,805.6206,483.78687,118.35668999999996,93.36053500000003,0.8485302329063416,-1,-1,-1
348,13,807.7855,587.4843,194.99701000000005,146.60168,0.8623903393745422,-1,-1,-1
348,14,799.88025,483.35748,117.93628000000001,94.84204,0.8551314473152161,-1,-1,-1
349,13,834.12463,585.3122,185.38666,142.01093000000003,0.8566462397575378,-1,-1,-1
349,14,791.46387,484.58304,122.71271000000002,95.50716999999997,0.8432826399803162,-1,-1,-1
350,13,856.40796,583.9869,175.51000999999997,139.43462999999997,0.8406403660774231,-1,-1,-1
350,14,782.6237,484.054,124.65508999999997,98.12302,0.831157386302948,-1,-1,-1
351,13,875.35,583.64294,168.79272000000003,135.18317000000002,0.8555886745452881,-1,-1,-1
351,14,772.2411,484.97287,125.59589000000005,97.41189600000001,0.8564958572387695,-1,-1,-1
352,13,892.79926,584.9443,160.53546000000006,130.44867,0.8480615019798279,-1,-1,-1
352,14,761.16486,486.22275,129.69701999999995,96.55551000000003,0.8434703946113586,-1,-1,-1
353,13,909.51306,583.7199,155.28039999999987,128.04578000000004,0.8444456458091736,-1,-1,-1
353,14,749.10443,483.5746,132.74761999999998,100.60718000000003,0.8587343096733093,-1,-1,-1
354,13,923.26794,584.97894,144.86583999999993,122.74450999999999,0.8324683308601379,-1,-1,-1
354,14,736.60596,482.33414,134.57117000000005,102.19516000000004,0.8686757683753967,-1,-1,-1
355,13,937.7775,584.10846,140.25873000000013,118.59606999999994,0.8395195007324219,-1,-1,-1
355,14,718.812,480.1961,144.72919000000002,104.03008999999997,0.8791273832321167,-1,-1,-1
356,13,946.9055,582.8284,137.05175999999994,113.81146000000001,0.8443459868431091,-1,-1,-1
356,14,704.2385,475.3418,149.19592,107.98016000000001,0.8591070175170898,-1,-1,-1
357,13,959.5074,583.2014,131.05620999999996,109.66345000000001,0.8348084092140198,-1,-1,-1
357,14,683.03625,473.25754,155.44146999999998,109.15811000000002,0.8670759797096252,-1,-1,-1
358,13,968.5087,582.28656,126.92914000000007,107.71075399999995,0.8357345461845398,-1,-1,-1
358,14,662.9752,468.51996,160.28363000000002,116.60863999999998,0.8686426281929016,-1,-1,-1
359,13,978.7589,581.4158,122.01440400000001,104.95410000000004,0.8394297361373901,-1,-1,-1
359,14,646.16614,465.1142,166.48352,117.81237999999996,0.8565433621406555,-1,-1,-1
360,13,989.0213,580.3622,116.1289700000001,101.44690000000003,0.8443822264671326,-1,-1,-1
360,14,621.2182,463.78775,172.11645999999996,118.21011000000004,0.8566858768463135,-1,-1,-1
361,13,992.0239,579.0982,115.60668999999996,99.59546,0.8474456071853638,-1,-1,-1
361,14,596.7047,458.29868,183.14086999999995,123.16354000000001,0.8488584756851196,-1,-1,-1
362,13,998.7328,576.9703,112.02124000000003,98.68413999999996,0.8326603174209595,-1,-1,-1
362,14,563.4664,449.43756,189.14031999999997,131.43939000000006,0.862385630607605,-1,-1,-1
363,13,1003.9978,576.9297,107.99939000000006,94.63189999999997,0.8398702144622803,-1,-1,-1
363,14,536.066,445.0427,198.59349999999995,134.13754,0.8457385301589966,-1,-1,-1
364,13,1006.80963,574.05597,108.05646000000002,95.36626999999999,0.8522549271583557,-1,-1,-1
364,14,500.30948,441.86707,205.34273999999994,135.80511,0.8598702549934387,-1,-1,-1
365,13,1009.3753,572.91504,108.45770000000005,92.27453600000001,0.8338154554367065,-1,-1,-1
365,14,455.23224,432.74747,227.79541,144.45992999999999,0.8606852889060974,-1,-1,-1
366,13,1013.41437,571.6794,104.82013000000006,90.78368999999998,0.7849861979484558,-1,-1,-1
366,14,414.2605,428.6526,234.04254000000003,144.45667000000003,0.8499114513397217,-1,-1,-1
367,13,1017.08203,570.4486,102.11693999999989,89.51184,0.761989176273346,-1,-1,-1
367,14,358.7252,419.5483,255.08194000000003,151.29300000000006,0.8723989725112915,-1,-1,-1
368,13,1020.6804,568.5876,100.19762999999989,88.27959999999996,0.6806352734565735,-1,-1,-1
368,14,305.90085,409.17224,275.79099999999994,158.34807999999998,0.8692243099212646,-1,-1,-1
369,14,249.88008,399.62067,284.88726999999994,166.22107000000005,0.8549450635910034,-1,-1,-1
370,14,184.27762,389.32648,311.31583,173.81060999999994,0.8431000113487244,-1,-1,-1
371,14,130.43968,377.2449,310.12305,176.61667000000006,0.8371198177337646,-1,-1,-1
372,14,46.776463,356.57452,335.2745,186.46509000000003,0.79932701587677,-1,-1,-1
373,14,1.1851072,337.3895,323.93207,200.67862000000002,0.8321223855018616,-1,-1,-1
374,14,0.0,323.92133,269.99808,210.59644000000003,0.8120890855789185,-1,-1,-1
388,15,0.010347366,521.26276,430.21725,335.63892,0.7480626702308655,-1,-1,-1
389,15,0.0,528.2652,508.0168,318.65063,0.8241696357727051,-1,-1,-1
390,15,11.062288,543.3385,589.942,287.5043999999999,0.8315664529800415,-1,-1,-1
391,15,171.99933,546.4484,499.44232,263.7038,0.8171930909156799,-1,-1,-1
392,15,295.63513,558.4846,447.52423,240.84380999999996,0.8268904089927673,-1,-1,-1
393,15,404.80887,564.431,391.81784,218.80249000000003,0.8495769500732422,-1,-1,-1
394,15,513.8734,568.8695,324.8749399999999,200.64966000000004,0.8567904829978943,-1,-1,-1
395,15,579.44714,573.89453,300.01746,189.15936,0.8680870532989502,-1,-1,-1
396,15,639.7944,576.6365,272.97437,177.05060000000003,0.8760862946510315,-1,-1,-1
397,15,687.7382,579.2268,253.55016999999998,164.24103000000002,0.857150673866272,-1,-1,-1
398,15,738.9386,580.34595,230.15044999999998,155.78741000000002,0.8730499744415283,-1,-1,-1
399,15,777.22144,581.3152,216.53448000000003,149.13092000000006,0.8878760933876038,-1,-1,-1
400,15,810.218,582.022,204.25189,142.04332999999997,0.8668001294136047,-1,-1,-1
401,15,841.7908,580.3688,187.19103999999993,137.55475,0.8586772084236145,-1,-1,-1
401,16,930.6393,515.97784,100.52429000000006,88.23736599999995,0.7003017067909241,-1,-1,-1
402,15,866.6914,581.4299,176.24132999999995,132.70502,0.8311229348182678,-1,-1,-1
402,16,926.9516,515.5043,102.51544000000001,90.234375,0.6970875859260559,-1,-1,-1
403,15,894.0109,581.6162,162.11896000000002,127.20911000000001,0.8691404461860657,-1,-1,-1
403,16,920.27966,520.9805,102.83471999999995,85.831726,0.6150104999542236,-1,-1,-1
404,15,912.37067,583.6346,156.21686,119.95050000000003,0.8392112255096436,-1,-1,-1
404,16,913.8918,522.6446,106.12639999999999,88.15917999999999,0.635974109172821,-1,-1,-1
405,15,930.6978,583.3918,147.75092000000006,116.27655000000004,0.8425239324569702,-1,-1,-1
405,16,910.41156,521.602,108.75567999999998,92.38964999999996,0.7140905261039734,-1,-1,-1
406,15,947.87177,581.004,141.98723999999993,113.76513999999997,0.8411172032356262,-1,-1,-1
406,16,908.45776,521.57574,107.40472399999999,93.33362,0.7238864302635193,-1,-1,-1
407,15,962.39185,581.04974,134.11583999999993,108.57464600000003,0.8682211637496948,-1,-1,-1
407,16,901.621,524.3091,108.41881999999998,93.58325000000002,0.8469530940055847,-1,-1,-1
408,15,972.2387,579.12805,129.81207000000006,107.53643999999997,0.8528019189834595,-1,-1,-1
408,16,892.7965,524.94885,112.3125,94.43358999999998,0.8346524238586426,-1,-1,-1
409,15,984.46234,578.7035,124.35760499999992,103.42114000000004,0.8429567217826843,-1,-1,-1
409,16,882.6296,525.2049,116.75494400000002,94.80932600000006,0.8500164747238159,-1,-1,-1
410,15,992.09955,575.8741,120.12615999999991,102.37865999999997,0.8445385694503784,-1,-1,-1
410,16,873.4028,524.8459,121.98394999999994,97.45563000000004,0.8531432747840881,-1,-1,-1
411,15,999.5884,574.26746,116.40259000000003,100.83050500000002,0.8534358739852905,-1,-1,-1
411,16,858.942,523.9558,125.76489000000004,100.11986999999999,0.8602691292762756,-1,-1,-1
412,15,1005.77716,572.97546,113.50714000000005,97.19092,0.8506865501403809,-1,-1,-1
412,16,850.3735,524.7827,126.76044000000002,99.81433000000004,0.8512361645698547,-1,-1,-1
413,15,1008.4854,570.91705,114.39593500000001,95.18322999999998,0.8443195223808289,-1,-1,-1
413,16,834.6571,524.28107,132.57543999999996,101.48852499999998,0.8390635251998901,-1,-1,-1
414,15,1016.64984,569.79895,110.08221400000002,92.57030999999995,0.8270289301872253,-1,-1,-1
414,16,816.4183,521.76263,141.33452999999997,105.95801000000006,0.8678843975067139,-1,-1,-1
415,15,1019.9673,568.0333,107.2432859999999,91.75506599999994,0.811262845993042,-1,-1,-1
415,16,799.1045,522.43774,147.52807999999993,106.44244400000002,0.859703540802002,-1,-1,-1
416,15,1024.547,565.187,103.11962999999992,90.41387999999995,0.799643337726593,-1,-1,-1
416,16,779.5265,520.14087,150.26306,108.92883000000006,0.8685688972473145,-1,-1,-1
417,15,1028.1805,562.91187,101.1237799999999,88.69214,0.7720950841903687,-1,-1,-1
417,16,758.59216,519.41473,161.34766000000002,111.476135,0.8701683878898621,-1,-1,-1
418,15,1028.8988,559.5676,101.64661000000001,89.09027000000003,0.6816211342811584,-1,-1,-1
418,16,734.6388,517.7663,166.27466000000004,114.183044,0.8705520033836365,-1,-1,-1
419,16,706.1284,515.0951,173.72442999999998,119.65362500000003,0.8669155836105347,-1,-1,-1
420,16,672.6132,512.6567,192.35595999999998,121.95147999999995,0.8656946420669556,-1,-1,-1
421,16,643.82666,508.3103,198.69079999999997,125.58594000000005,0.8695051074028015,-1,-1,-1
422,16,602.8814,506.22415,217.88140999999996,129.02682000000004,0.856454610824585,-1,-1,-1
423,16,554.09576,498.981,243.35468000000003,134.79489,0.8616617321968079,-1,-1,-1
424,16,506.23132,492.2287,257.86987,141.40166999999997,0.8498018980026245,-1,-1,-1
425,16,449.29315,487.94672,279.55529999999993,144.23046999999997,0.8696871399879456,-1,-1,-1
426,16,391.91806,480.13068,294.97513,149.76971000000003,0.8723741173744202,-1,-1,-1
427,16,323.75778,466.90845,322.04464999999993,161.56804999999997,0.8421645164489746,-1,-1,-1
428,16,248.73305,460.2873,349.1322599999999,169.79541,0.8270025849342346,-1,-1,-1
428,17,851.5201,487.4604,105.620544,83.65484999999995,0.7079864740371704,-1,-1,-1
429,16,165.98976,450.10013,394.17126,180.29703,0.7852150201797485,-1,-1,-1
429,17,847.80664,486.81708,103.64917000000003,86.59418,0.658242404460907,-1,-1,-1
430,16,105.50375,437.50558,425.70438,194.12050999999997,0.720242977142334,-1,-1,-1
430,17,842.11255,489.2747,105.13879399999996,83.00217000000004,0.6187294125556946,-1,-1,-1
431,16,9.968328,415.0918,474.41974,213.90833000000003,0.7778700590133667,-1,-1,-1
431,17,835.44714,488.59473,107.39477499999998,85.47400000000005,0.747708797454834,-1,-1,-1
432,16,1.5843391,406.16812,407.76904,216.46127000000007,0.7577235102653503,-1,-1,-1
432,17,827.84845,489.28503,107.83611999999994,85.02637000000004,0.7860192656517029,-1,-1,-1
433,17,820.5757,489.5707,109.33037999999999,86.43686000000002,0.8190571665763855,-1,-1,-1
434,17,815.2357,488.84576,110.04162599999995,87.42821999999995,0.8387584686279297,-1,-1,-1
435,17,807.5687,489.79892,112.27148399999999,87.33902000000006,0.8454127311706543,-1,-1,-1
436,17,799.9254,489.43338,114.54674999999997,89.61258000000004,0.8435773849487305,-1,-1,-1
437,17,790.69653,490.73724,116.11730999999997,89.54717999999997,0.8436087965965271,-1,-1,-1
438,17,780.3816,490.3083,120.25585999999998,91.05255000000005,0.85071861743927,-1,-1,-1
439,17,768.04755,491.44565,124.63225999999997,91.21933000000001,0.8624890446662903,-1,-1,-1
440,17,754.0651,491.0001,128.41070000000002,91.23440600000004,0.8458127975463867,-1,-1,-1
441,17,741.1311,490.0159,133.19568000000004,93.52170000000001,0.8664949536323547,-1,-1,-1
442,17,725.8668,487.28232,135.21820000000002,96.67465000000004,0.8673213720321655,-1,-1,-1
443,17,709.7701,485.88983,141.22577,97.27056999999996,0.8543815016746521,-1,-1,-1
444,17,690.16113,481.56805,148.0426,101.34179999999998,0.8633188009262085,-1,-1,-1
445,17,667.4235,479.91742,155.79302999999993,103.32830999999999,0.8633193969726562,-1,-1,-1
446,17,643.9245,475.95557,162.17365000000007,107.35205000000002,0.8615936636924744,-1,-1,-1
447,17,617.483,473.57196,172.33623999999998,107.98388999999997,0.8613420724868774,-1,-1,-1
448,17,593.8725,469.31036,181.49121000000002,111.30218499999995,0.8383985161781311,-1,-1,-1
449,17,563.30817,464.58093,184.75749999999994,112.29571500000003,0.8553632497787476,-1,-1,-1
450,17,521.252,459.19684,204.99622,117.73778999999996,0.8325854539871216,-1,-1,-1
451,17,482.48785,453.22607,219.94286999999997,122.13116499999995,0.8582748770713806,-1,-1,-1
452,17,442.22345,450.29517,232.50646999999998,124.07781999999997,0.8577876091003418,-1,-1,-1
453,17,397.82913,440.83643,246.91104,127.92797999999999,0.8428901433944702,-1,-1,-1
454,17,331.11542,434.77545,273.5005,130.45043999999996,0.8439182043075562,-1,-1,-1
455,17,267.43463,423.3596,291.3279999999999,139.37032999999997,0.8464495539665222,-1,-1,-1
456,17,211.86624,416.31738,303.8573999999999,141.5224,0.8478707075119019,-1,-1,-1
457,17,120.35965,404.71906,347.23254,148.38611000000003,0.8187183737754822,-1,-1,-1
458,17,30.18695,383.86414,385.88397,161.15703999999994,0.7972790598869324,-1,-1,-1
459,17,1.4317036,365.46564,351.56503,171.97771999999998,0.7811211943626404,-1,-1,-1
481,18,0.0,439.82123,386.94626,447.70525999999995,0.6877450942993164,-1,-1,-1
482,18,0.7422924,423.9641,472.4799,444.76854999999995,0.6158617734909058,-1,-1,-1
483,18,0.0,452.67133,570.9435,410.4132000000001,0.771844744682312,-1,-1,-1
484,18,0.5097866,471.89874,658.80615,370.91418,0.8168584108352661,-1,-1,-1
485,18,52.034615,488.99442,637.27673,342.1238000000001,0.838398277759552,-1,-1,-1
486,18,148.9482,499.6749,588.2256,318.46236999999996,0.8201223015785217,-1,-1,-1
487,18,262.27466,511.3243,514.2513999999999,296.07412999999997,0.7672813534736633,-1,-1,-1
488,18,336.47318,521.08795,475.02518000000003,269.1137,0.8187416195869446,-1,-1,-1
489,18,452.15768,530.3836,405.8263999999999,248.48241999999993,0.8377439379692078,-1,-1,-1
490,18,526.2744,537.15857,354.99573,237.19397000000004,0.863780677318573,-1,-1,-1
491,18,579.59955,542.71185,335.0865,223.16967999999997,0.8756143450737,-1,-1,-1
492,18,629.2231,546.4228,313.11469999999997,213.52954,0.8808977603912354,-1,-1,-1
493,18,667.6271,549.5685,296.36627,204.33942000000002,0.8688197731971741,-1,-1,-1
494,18,709.8198,552.2646,277.96453999999994,193.53386999999998,0.8609206676483154,-1,-1,-1
495,18,743.47437,554.2876,264.1703,188.53032999999994,0.8759156465530396,-1,-1,-1
496,18,771.2196,557.83575,255.82409999999993,181.75298999999995,0.8750337362289429,-1,-1,-1
497,18,800.185,559.381,239.22002999999995,175.31280000000004,0.8772211670875549,-1,-1,-1
498,18,825.4988,560.87134,225.68896000000007,168.21953999999994,0.8760266900062561,-1,-1,-1
499,18,853.18146,561.7677,210.9241300000001,163.45385999999996,0.8645601272583008,-1,-1,-1
500,18,874.3202,562.4441,198.09521000000007,158.17016999999998,0.876400351524353,-1,-1,-1
501,18,887.38025,564.88513,193.83202999999992,152.46007999999995,0.8768532872200012,-1,-1,-1
502,18,905.2677,564.25494,182.48656999999992,149.53985999999998,0.8735666275024414,-1,-1,-1
503,18,918.75,565.7915,175.61059999999998,143.36035000000004,0.8708803057670593,-1,-1,-1
504,18,934.5976,565.1638,164.4718600000001,139.44574,0.8771146535873413,-1,-1,-1
505,18,946.6658,565.30414,160.50952000000007,136.45751999999993,0.8757991194725037,-1,-1,-1
506,18,956.3999,566.1829,153.4814500000001,131.99683000000005,0.8810380101203918,-1,-1,-1
507,18,965.476,564.5726,148.14764000000002,129.29107999999997,0.8821537494659424,-1,-1,-1
507,19,0.13823509,505.77554,444.26434,338.36758,0.6832777261734009,-1,-1,-1
508,18,973.3714,564.40814,142.1413,126.15081999999995,0.8702017068862915,-1,-1,-1
508,19,0.0,519.7281,505.26447,312.58545000000004,0.7728880643844604,-1,-1,-1
509,18,983.2165,563.6075,135.29485999999997,122.02533000000005,0.8808513283729553,-1,-1,-1
509,19,1.323843,534.26306,595.27124,284.00487999999996,0.8348900675773621,-1,-1,-1
510,18,990.12146,561.3413,131.49572999999998,120.30205999999998,0.8847880959510803,-1,-1,-1
510,19,145.7681,545.90924,509.48885999999993,259.59583,0.8198933005332947,-1,-1,-1
511,18,993.5154,561.2157,130.45117000000005,117.13751000000002,0.8795402646064758,-1,-1,-1
511,19,259.29605,549.90234,461.03286999999995,242.97675000000004,0.823176920413971,-1,-1,-1
512,18,997.63214,560.533,127.36028999999996,115.80962999999997,0.8605772256851196,-1,-1,-1
512,19,356.54782,560.19104,420.88083000000006,222.03583000000003,0.8319684267044067,-1,-1,-1
513,18,1001.08167,559.5053,124.59447999999998,114.23308999999995,0.8545448780059814,-1,-1,-1
513,19,467.54285,561.48206,349.17412999999993,211.52514999999994,0.8607049584388733,-1,-1,-1
514,18,1004.1275,558.86414,123.42071499999997,110.42193599999996,0.8526186347007751,-1,-1,-1
514,19,537.60394,566.2595,315.33948,197.7785,0.8703444600105286,-1,-1,-1
515,18,1007.9773,557.2645,121.71129999999994,108.08611999999994,0.8483835458755493,-1,-1,-1
515,19,595.4609,572.33936,292.35175000000004,186.97186,0.8808260560035706,-1,-1,-1
516,18,1011.66956,556.77045,118.49938999999995,104.79474000000005,0.8300114870071411,-1,-1,-1
516,19,644.1802,575.97833,276.2497000000001,176.62238000000002,0.8783975839614868,-1,-1,-1
517,18,1014.229,554.77515,116.34289599999988,104.09680000000003,0.8382993936538696,-1,-1,-1
517,19,687.0678,580.091,252.47131000000002,163.66765999999996,0.8613861203193665,-1,-1,-1
518,18,1017.6012,551.4991,114.60363999999993,104.50799600000005,0.8345663547515869,-1,-1,-1
518,19,733.77325,579.43854,228.45038,158.10626000000002,0.8699597120285034,-1,-1,-1
519,18,1017.9123,548.7692,113.71038999999996,104.59051499999998,0.8374801278114319,-1,-1,-1
519,19,769.1389,581.98334,215.11077999999998,148.44452,0.8617624044418335,-1,-1,-1
520,18,1020.14844,546.36145,111.25049000000001,103.49255000000005,0.805340051651001,-1,-1,-1
520,19,801.24567,582.19763,201.07421999999997,144.85608000000002,0.8702768087387085,-1,-1,-1
521,18,1022.245,544.32526,108.84777999999994,101.03094499999997,0.7764155864715576,-1,-1,-1
521,19,825.84607,581.87537,191.64471000000003,138.71014000000002,0.8644742965698242,-1,-1,-1
522,18,1022.65845,543.43207,108.11462399999994,100.27080999999998,0.7777433395385742,-1,-1,-1
522,19,852.59326,581.2989,179.92395,134.62152000000003,0.8727338910102844,-1,-1,-1
523,18,1023.7095,542.4849,106.58019999999999,97.99347,0.6960271000862122,-1,-1,-1
523,19,875.7153,581.99493,168.79425000000003,128.22266000000002,0.8690084218978882,-1,-1,-1
524,18,1021.87427,540.88336,108.28088000000002,97.59997599999997,0.6075255870819092,-1,-1,-1
524,19,894.2234,579.9701,162.2310799999999,125.41138000000001,0.8611269593238831,-1,-1,-1
525,19,912.5019,580.07794,153.21002,121.02917500000001,0.85537189245224,-1,-1,-1
526,19,924.36206,579.4301,149.7805199999999,118.2926,0.8463816046714783,-1,-1,-1
527,19,939.8945,577.42126,141.9998199999999,115.48950000000002,0.8710265159606934,-1,-1,-1
528,19,948.7223,573.98376,138.91833000000008,114.80066,0.8545432090759277,-1,-1,-1
529,19,961.7916,573.4582,132.02819999999997,110.14287999999999,0.8478668332099915,-1,-1,-1
530,19,967.1846,573.38617,128.61914000000002,106.37543000000005,0.8588255643844604,-1,-1,-1
531,19,975.29834,570.827,123.52172999999993,104.97167999999999,0.8378271460533142,-1,-1,-1
532,19,981.14087,570.10236,119.859375,102.38666,0.7858985662460327,-1,-1,-1
532,20,0.0,772.9682,774.3154,427.0318,0.7838088274002075,-1,-1,-1
533,19,987.208,568.7938,115.69690000000003,99.54052999999999,0.6817794442176819,-1,-1,-1
533,20,143.72165,777.3675,697.5375000000001,414.43707000000006,0.846380889415741,-1,-1,-1
534,20,322.69098,776.4799,576.9450999999999,359.9937,0.8370694518089294,-1,-1,-1
535,20,461.10468,768.48315,495.02593999999993,313.75890000000004,0.8534782528877258,-1,-1,-1
536,20,575.4174,754.10394,428.31573000000003,289.63336000000004,0.8756297826766968,-1,-1,-1
537,20,624.1084,741.2388,408.03283999999996,275.3538199999999,0.853532612323761,-1,-1,-1
538,20,704.4368,724.36456,354.15545999999995,258.27332,0.8635962009429932,-1,-1,-1
538,21,866.55695,484.76392,102.61608999999999,80.93358999999998,0.6341468095779419,-1,-1,-1
539,20,760.49426,719.3851,315.97130000000004,237.31781,0.8517838716506958,-1,-1,-1
539,21,863.90784,485.96945,103.06048599999997,81.29251000000005,0.6298907399177551,-1,-1,-1
540,20,807.33527,715.9129,295.96209999999996,211.75421000000006,0.8248921036720276,-1,-1,-1
540,21,858.0637,485.59216,105.30505000000005,82.78082,0.7138569951057434,-1,-1,-1
541,20,849.59985,707.58765,278.42369999999994,202.13103999999998,0.8603212833404541,-1,-1,-1
541,21,852.75366,485.83536,108.14568999999995,83.20315599999998,0.7646564245223999,-1,-1,-1
542,20,892.9159,701.07825,252.04845999999998,185.95056,0.8656339049339294,-1,-1,-1
542,21,848.8922,487.3452,108.29198999999994,82.95519999999999,0.7181946039199829,-1,-1,-1
543,20,918.95276,696.27484,240.05640000000005,182.56646999999998,0.8680385947227478,-1,-1,-1
543,21,846.1773,486.11127,109.48559599999999,85.15850999999998,0.7716947793960571,-1,-1,-1
544,20,944.8858,689.28375,226.20354999999995,179.57989999999995,0.8707640171051025,-1,-1,-1
544,21,839.62976,487.00885,110.12267999999995,85.02007999999995,0.770872175693512,-1,-1,-1
545,20,975.31946,683.7058,209.97655999999995,169.45837000000006,0.8541929721832275,-1,-1,-1
545,21,833.2243,487.84018,111.20525999999995,85.56118999999995,0.817040205001831,-1,-1,-1
546,20,996.3018,680.40845,195.2675200000001,160.74077999999997,0.8839142918586731,-1,-1,-1
546,21,828.1784,489.4131,113.750854,85.15259000000003,0.8104196190834045,-1,-1,-1
547,20,1016.823,674.7842,180.37378,156.17052999999999,0.882387638092041,-1,-1,-1
547,21,821.5084,490.22223,114.97076400000003,85.95849600000003,0.8126949667930603,-1,-1,-1
548,20,1029.9023,669.17584,173.4215099999999,150.66991999999993,0.8710473775863647,-1,-1,-1
548,21,816.4429,490.06644,115.60479999999995,86.78171000000003,0.8116393685340881,-1,-1,-1
549,20,1046.8146,663.2805,160.83789000000002,144.59473000000003,0.880225419998169,-1,-1,-1
549,21,809.2718,487.6581,118.67047000000002,89.24716000000001,0.8419356942176819,-1,-1,-1
550,20,1057.3578,660.0009,155.56908999999996,139.62170000000003,0.8716633915901184,-1,-1,-1
550,21,803.8763,487.35947,118.75629000000004,89.66598499999998,0.8524845838546753,-1,-1,-1
551,20,1064.4502,653.9808,151.69066999999995,136.40868999999998,0.8667656183242798,-1,-1,-1
551,21,798.0818,487.79086,119.49536,89.94601400000005,0.8601536750793457,-1,-1,-1
552,20,1075.3335,651.31195,142.9023400000001,130.57727,0.8656961917877197,-1,-1,-1
552,21,792.88873,487.77057,118.15814,91.17584,0.8470701575279236,-1,-1,-1
553,20,1081.7894,646.06647,138.12354000000005,129.18970000000002,0.8695710897445679,-1,-1,-1
553,21,783.23145,488.23663,121.79870600000004,92.31219499999997,0.8576325178146362,-1,-1,-1
554,20,1087.938,642.8891,134.44616999999994,124.55120999999997,0.8711398243904114,-1,-1,-1
554,21,774.5471,488.6015,125.26720999999998,92.34942999999998,0.8675472736358643,-1,-1,-1
555,20,1092.6097,638.9245,132.03747999999996,120.92322000000001,0.8798330426216125,-1,-1,-1
555,21,767.2316,488.55377,127.834656,92.65935999999999,0.8716452121734619,-1,-1,-1
556,20,1096.3633,635.1705,128.64758000000006,116.558044,0.8742563724517822,-1,-1,-1
556,21,758.07245,489.04892,132.35741999999993,93.24215999999996,0.8538410067558289,-1,-1,-1
557,20,1101.3658,631.3806,123.75036999999998,115.67980999999997,0.8644009828567505,-1,-1,-1
557,21,750.59125,488.17395,130.48821999999996,93.82934599999999,0.8614487648010254,-1,-1,-1
558,20,1104.9661,627.36237,119.71337999999992,112.47686999999996,0.873202383518219,-1,-1,-1
558,21,739.17645,486.16534,136.20074,95.84118999999998,0.8689025044441223,-1,-1,-1
559,20,1107.0232,623.9187,116.10070999999994,110.33916999999997,0.8859061598777771,-1,-1,-1
559,21,727.3262,485.82944,139.01141000000007,96.93471999999997,0.8508092164993286,-1,-1,-1
560,20,1107.7709,619.3148,113.39879999999994,107.81957999999997,0.8622514605522156,-1,-1,-1
560,21,716.6708,483.52634,145.02697999999998,99.27579000000003,0.8840267658233643,-1,-1,-1
561,20,1107.6956,616.0657,113.01648,106.0213,0.8583242297172546,-1,-1,-1
561,21,703.23346,480.92548,145.67180999999994,102.16198999999995,0.8720729947090149,-1,-1,-1
562,20,1107.0522,613.00867,113.48974599999997,104.56744400000002,0.8535083532333374,-1,-1,-1
562,21,690.56836,480.22928,153.55297999999993,101.40152,0.8568883538246155,-1,-1,-1
563,20,1107.4291,609.801,112.66748000000007,103.250854,0.8395376205444336,-1,-1,-1
563,21,670.005,476.21774,160.66784999999993,106.35434000000004,0.8703283667564392,-1,-1,-1
564,20,1108.1017,606.9919,107.75622599999997,99.28332499999999,0.8376792669296265,-1,-1,-1
564,21,656.62964,475.34647,169.15430000000003,108.29470999999995,0.8654383420944214,-1,-1,-1
565,20,1107.6649,603.4234,105.8771999999999,97.56982400000004,0.8237650394439697,-1,-1,-1
565,21,644.41003,473.78217,169.43701,108.33013999999997,0.8545241355895996,-1,-1,-1
566,20,1108.3927,600.7784,103.29442999999992,95.56439,0.7812986969947815,-1,-1,-1
566,21,622.7808,471.39026,177.56457999999998,109.13714600000003,0.8627566695213318,-1,-1,-1
567,20,1106.8187,597.11304,105.04114000000004,96.07617000000005,0.7549483180046082,-1,-1,-1
567,21,603.83093,468.36395,180.76275999999996,113.77307000000002,0.8558164238929749,-1,-1,-1
568,20,1106.8911,594.88403,103.35913000000005,93.47753999999998,0.736790120601654,-1,-1,-1
568,21,585.09406,464.71854,185.48717999999997,113.31252999999998,0.8655580878257751,-1,-1,-1
569,20,1107.6401,592.21747,100.71325999999999,91.6626,0.6956890225410461,-1,-1,-1
569,21,562.82385,462.31116,192.06451000000004,115.70074499999998,0.8549948930740356,-1,-1,-1
570,20,1107.6519,590.09503,98.11255000000006,88.50555399999996,0.6500130891799927,-1,-1,-1
570,21,537.7482,458.91867,202.59722999999997,120.00540000000001,0.8572348356246948,-1,-1,-1
571,20,1105.4451,586.3474,98.21239999999989,87.90111999999999,0.618195116519928,-1,-1,-1
571,21,510.52893,453.55502,211.90642999999994,122.62918000000002,0.8584015965461731,-1,-1,-1
572,21,470.31473,448.77167,235.74202999999994,127.10821499999997,0.8339030742645264,-1,-1,-1
573,21,444.21338,444.47064,243.55432000000002,128.73175000000003,0.8593655824661255,-1,-1,-1
574,21,403.71906,439.1759,256.3728,132.16321,0.8399572968482971,-1,-1,-1
575,21,364.8058,433.0264,271.4303,135.46486999999996,0.854261577129364,-1,-1,-1
576,21,314.55182,427.50473,297.31579999999997,138.361,0.8467926383018494,-1,-1,-1
577,21,271.06198,420.40912,310.6952800000001,144.18365,0.8634694218635559,-1,-1,-1
578,21,222.25504,416.06412,327.12032999999997,146.56326,0.8493330478668213,-1,-1,-1
579,21,162.71371,407.81308,355.95669999999996,152.20656999999994,0.8358710408210754,-1,-1,-1
580,21,110.59332,394.82895,370.46936,158.60867000000002,0.8280812501907349,-1,-1,-1
581,21,45.75744,381.6774,405.21310000000005,166.81473,0.8031539916992188,-1,-1,-1
582,21,2.0235062,365.52698,398.90604,174.62909000000002,0.8021204471588135,-1,-1,-1
583,21,0.5145073,354.80435,345.00934,182.78922,0.7516767978668213,-1,-1,-1
615,22,861.2118,494.90417,102.00268600000004,81.14386000000002,0.6630502343177795,-1,-1,-1
616,22,857.7322,495.1827,103.67052999999999,82.06540000000001,0.685356080532074,-1,-1,-1
617,22,850.5551,495.7645,105.305115,82.53774999999996,0.7786652445793152,-1,-1,-1
618,22,846.12787,496.61246,106.64544999999998,82.50619499999999,0.7456367015838623,-1,-1,-1
619,22,840.6004,496.3182,110.23479999999995,83.83413999999999,0.8324890732765198,-1,-1,-1
620,22,833.99554,497.20212,110.20123000000001,85.36471599999999,0.8363985419273376,-1,-1,-1
621,22,827.6127,495.9176,111.35559,87.90099999999995,0.8351441621780396,-1,-1,-1
622,22,821.6133,496.69598,114.39404000000002,88.10070999999999,0.8382617831230164,-1,-1,-1
623,22,811.08093,493.5008,118.94910000000004,91.88177500000006,0.8403809666633606,-1,-1,-1
624,22,805.9891,493.20374,122.02264400000001,93.29309000000006,0.8530558347702026,-1,-1,-1
