13,0,1442.1874,320.03693,477.8126199999999,297.39117,0.7322626113891602,-1,-1,-1
14,0,1396.5309,320.2051,519.4271000000001,288.2178,0.8125982880592346,-1,-1,-1
15,0,1373.4426,313.77225,511.88329999999996,286.71323000000007,0.8345849514007568,-1,-1,-1
16,0,1329.6869,305.4314,536.723,287.982,0.8555446267127991,-1,-1,-1
17,0,1300.5221,302.3847,543.6548,289.40862999999996,0.8541526794433594,-1,-1,-1
18,0,1276.7076,294.5467,539.31323,289.28723,0.8585963249206543,-1,-1,-1
19,0,1233.3998,288.6068,551.1018000000001,283.75043000000005,0.8324014544487,-1,-1,-1
20,0,1198.625,285.51926,540.34924,277.6561,0.8386313319206238,-1,-1,-1
21,0,1162.2045,279.82382,548.203,274.7977,0.8211793899536133,-1,-1,-1
22,0,1140.3909,268.82822,537.9018600000002,278.92320000000007,0.8276126980781555,-1,-1,-1
23,0,1106.6191,266.6201,530.9567999999999,269.7913500000001,0.8420466184616089,-1,-1,-1
24,0,1071.9872,266.54874,535.9855,260.46945,0.8552459478378296,-1,-1,-1
25,0,1031.4036,259.03918,547.9490000000001,259.80005000000006,0.8425531983375549,-1,-1,-1
26,0,996.2127,254.6257,544.4906599999999,261.81442,0.8495827317237854,-1,-1,-1
27,0,974.8031,250.59424,524.2354999999999,255.53670999999997,0.8597250580787659,-1,-1,-1
28,0,937.90063,246.01958,520.8334999999998,251.04387,0.8569998741149902,-1,-1,-1
29,0,895.2201,240.09056,527.89526,244.29587999999998,0.8535227179527283,-1,-1,-1
30,0,863.21796,233.63303,526.2698399999999,242.50094999999996,0.8455590009689331,-1,-1,-1
31,0,851.75006,229.74208,502.98273000000006,237.06119999999999,0.8433571457862854,-1,-1,-1
32,0,818.45435,229.02301,506.47155999999995,230.83101999999997,0.8313617706298828,-1,-1,-1
33,0,782.0892,226.73134,507.97455,227.62578000000002,0.8284435272216797,-1,-1,-1
34,0,740.90283,215.99413,510.19263,231.5262,0.839386522769928,-1,-1,-1
35,0,718.0676,218.08557,484.85450000000003,221.36511,0.8481653332710266,-1,-1,-1
36,0,690.2317,211.49324,481.1670999999999,219.82337999999996,0.8348672986030579,-1,-1,-1
37,0,670.3553,209.28192,462.38811999999996,214.13918999999999,0.8617217540740967,-1,-1,-1
38,0,632.97406,206.66187,454.16899999999987,206.81909,0.8517780900001526,-1,-1,-1
39,0,611.5798,204.44946,433.4010599999999,199.89365000000004,0.8888826966285706,-1,-1,-1
40,0,585.24725,199.72903,418.45134999999993,200.04259999999996,0.8804180026054382,-1,-1,-1
41,0,559.4071,196.04466,418.60741999999993,197.94273,0.8806806206703186,-1,-1,-1
42,0,541.5984,193.54016,398.7279,194.94632,0.8693794012069702,-1,-1,-1
43,0,507.1579,189.24,397.57605000000007,191.63817,0.8646079897880554,-1,-1,-1
44,0,484.9312,191.54753,381.45996,183.06386000000003,0.8815150260925293,-1,-1,-1
45,0,460.20355,188.02727,371.66515999999996,180.59233,0.8697264194488525,-1,-1,-1
46,0,440.1339,185.82664,366.03284,177.34366999999997,0.8689491152763367,-1,-1,-1
47,0,419.90506,183.40517,345.56260000000003,174.16844000000003,0.8683797121047974,-1,-1,-1
48,0,397.81512,178.01909,339.69568000000004,173.55168000000003,0.8663250207901001,-1,-1,-1
49,0,382.01767,174.49045,328.09616,171.46820000000002,0.8711228370666504,-1,-1,-1
50,0,365.36395,174.47101,310.99176000000006,168.31109999999998,0.8604093194007874,-1,-1,-1
51,0,341.73767,175.66296,310.63623000000007,164.31573000000003,0.8672134876251221,-1,-1,-1
52,0,321.81796,179.55058,298.5898700000001,155.80013,0.8739617466926575,-1,-1,-1
53,0,305.66928,178.21379,288.43447999999995,154.07683,0.8745385408401489,-1,-1,-1
54,0,290.17667,176.50188,276.66898,151.86655999999996,0.886111855506897,-1,-1,-1
55,0,271.95728,175.99234,268.20404,147.83783,0.8620579838752747,-1,-1,-1
56,0,256.9416,173.37349,256.9107,145.80516,0.8732520937919617,-1,-1,-1
57,0,242.1572,171.30437,251.20785999999998,146.32576,0.8816161751747131,-1,-1,-1
58,0,228.50383,171.85248,239.7679,143.7767,0.8638635873794556,-1,-1,-1
59,0,213.58405,176.35019,240.0611,135.20477,0.8626472353935242,-1,-1,-1
60,0,195.02528,172.63655,234.23832999999996,135.2169,0.8748141527175903,-1,-1,-1
61,0,182.83508,168.497,225.43136999999996,137.05158999999998,0.8777921795845032,-1,-1,-1
62,0,169.33908,172.50314,219.97778000000002,129.23352000000003,0.8943710923194885,-1,-1,-1
63,0,157.65994,171.62608,212.41974,127.10985,0.8757856488227844,-1,-1,-1
64,0,141.23224,168.19864,206.95824999999996,127.23031600000002,0.86964350938797,-1,-1,-1
65,0,130.05148,168.27754,199.19067000000004,124.25279,0.8785510063171387,-1,-1,-1
66,0,122.036385,164.76991,194.11282,125.83247000000003,0.8791561126708984,-1,-1,-1
67,0,109.21302,165.82785,187.50127999999998,119.81558000000001,0.8771020770072937,-1,-1,-1
68,0,101.034615,166.05365,180.94803,118.49590999999998,0.8701239824295044,-1,-1,-1
69,0,89.71521,165.18004,176.40924,117.96693400000001,0.8606293797492981,-1,-1,-1
70,0,78.69506,163.43463,172.96880999999996,116.53546000000003,0.8498315215110779,-1,-1,-1
71,0,65.43315,166.25945,164.88772999999998,110.60151999999997,0.799681544303894,-1,-1,-1
72,0,59.752583,167.4221,162.88419999999996,109.54362500000002,0.8302522301673889,-1,-1,-1
73,0,46.956722,166.75688,161.3951,109.23310999999998,0.8494604229927063,-1,-1,-1
74,0,38.743526,166.98457,155.70337,106.75197,0.8566239476203918,-1,-1,-1
75,0,34.826473,169.0095,147.24142,103.47166400000003,0.8659460544586182,-1,-1,-1
76,0,28.507132,167.73999,142.79008,102.57491999999999,0.8600819706916809,-1,-1,-1
77,0,19.915937,166.88547,143.83878000000004,100.50020999999998,0.7438871264457703,-1,-1,-1
78,0,11.679138,167.36743,138.75407,99.22402999999997,0.6910904049873352,-1,-1,-1
121,1,0.25183436,189.79045,115.233116,125.14812000000003,0.7356568574905396,-1,-1,-1
122,1,0.13237952,192.13307,121.78553,126.62263500000003,0.7041398286819458,-1,-1,-1
123,1,0.0,192.25014,130.53436,126.76734999999996,0.8124003410339355,-1,-1,-1
124,1,0.0,192.69572,139.9596,129.41316,0.859553337097168,-1,-1,-1
125,1,0.0,192.17435,151.23627,132.15268000000003,0.8735401630401611,-1,-1,-1
126,1,0.0,192.06396,159.43195,136.79681,0.8739493489265442,-1,-1,-1
127,1,0.0,194.16925,171.70193,138.91263,0.8560127019882202,-1,-1,-1
128,1,0.0,194.12184,182.83427,142.81904999999998,0.8737164735794067,-1,-1,-1
129,1,0.0,196.17215,192.02777,143.75525,0.8882421851158142,-1,-1,-1
130,1,0.0,195.78752,205.66669,147.10338,0.8939390778541565,-1,-1,-1
131,1,4.2477174,196.32428,210.55916,148.77263999999997,0.863930344581604,-1,-1,-1
132,1,8.41906,198.2221,216.91672,149.14230000000003,0.8787428736686707,-1,-1,-1
133,1,15.120655,200.2193,219.81117,148.25436,0.8772545456886292,-1,-1,-1
134,1,18.140514,200.10834,227.76903,151.56973,0.886833131313324,-1,-1,-1
135,1,18.581713,200.02635,237.10898,152.92078999999998,0.8881544470787048,-1,-1,-1
136,1,27.809713,200.84366,237.84215,154.79266,0.8882231116294861,-1,-1,-1
137,1,26.795881,202.86316,245.96024999999997,157.72104000000002,0.9026764035224915,-1,-1,-1
138,1,36.884476,203.82465,245.10811,158.00342000000003,0.8977178931236267,-1,-1,-1
139,1,49.42989,203.2868,240.99043,159.14133,0.8967340588569641,-1,-1,-1
140,1,55.66612,204.57982,242.57111999999998,161.56908,0.902911365032196,-1,-1,-1
141,1,61.486813,204.7778,246.74118000000004,162.48163,0.9050178527832031,-1,-1,-1
142,1,67.41288,204.77039,248.33319000000003,165.01926,0.9061189293861389,-1,-1,-1
143,1,72.70834,205.86311,251.52017,166.41557,0.9084656238555908,-1,-1,-1
144,1,76.93656,206.06836,254.56436000000002,167.39377,0.9081014394760132,-1,-1,-1
145,1,81.462074,206.04834,257.05526999999995,170.67739999999998,0.9061954617500305,-1,-1,-1
146,1,84.65269,208.92146,260.45654,167.984,0.9110492467880249,-1,-1,-1
147,1,93.37065,208.77612,259.13263,170.33969000000002,0.9022016525268555,-1,-1,-1
148,1,99.24227,209.47006,261.68143,171.36566,0.8984791040420532,-1,-1,-1
149,1,102.498344,208.66417,266.50208,174.80833,0.9013481140136719,-1,-1,-1
150,1,111.87665,208.49573,264.8296,176.88134999999997,0.9066703915596008,-1,-1,-1
151,1,114.81224,208.57974,272.52435,180.6582,0.9060233235359192,-1,-1,-1
152,1,117.871574,211.4955,279.97852,179.33144,0.9023233652114868,-1,-1,-1
153,1,125.86972,210.15605,280.0801,181.64412,0.9026696085929871,-1,-1,-1
154,1,129.84964,209.34685,288.27654999999993,187.22016999999997,0.9053447246551514,-1,-1,-1
155,1,132.84793,211.23143,296.86789999999996,185.69657999999998,0.9003486633300781,-1,-1,-1
156,1,138.96078,210.43619,304.4557,188.67358000000002,0.9060115814208984,-1,-1,-1
157,1,148.87798,212.88687,306.6877400000001,187.76732999999996,0.9146677255630493,-1,-1,-1
158,1,154.80261,213.12756,314.78690000000006,192.27361999999997,0.9064819812774658,-1,-1,-1
159,1,163.25064,214.38235,326.4642600000001,196.13678000000002,0.8962334394454956,-1,-1,-1
160,1,181.26965,215.19824,325.70398,200.44491999999997,0.8995860815048218,-1,-1,-1
161,1,190.50784,217.44296,338.15927,203.19156,0.8996226787567139,-1,-1,-1
162,1,200.34483,219.74835,346.51983999999993,204.16750999999996,0.9062654972076416,-1,-1,-1
163,1,211.8168,220.95084,354.1501200000001,208.88602,0.899066686630249,-1,-1,-1
164,1,229.19019,221.22562,359.18432999999993,213.72754000000003,0.8987035155296326,-1,-1,-1
165,1,246.03429,225.54677,374.4030000000001,218.83872999999997,0.9108604788780212,-1,-1,-1
166,1,262.86282,228.72144,385.9794,222.97794000000002,0.8993237614631653,-1,-1,-1
167,1,280.1607,233.21484,405.90685999999994,227.52313,0.903106153011322,-1,-1,-1
168,1,301.50916,235.46733,416.82710000000003,235.79130000000004,0.9004889130592346,-1,-1,-1
169,1,318.55737,239.09007,435.31116,240.66178999999997,0.9021310210227966,-1,-1,-1
170,1,344.61188,240.9384,454.91888,247.88844,0.88639897108078,-1,-1,-1
171,1,375.44098,243.86482,472.39124,253.80849,0.8968613743782043,-1,-1,-1
172,1,400.63736,246.75308,499.9952,264.55557,0.8869268894195557,-1,-1,-1
173,1,429.4187,252.38066,526.8897,271.7940699999999,0.8767768144607544,-1,-1,-1
174,1,460.96832,254.51482,552.24963,284.04547,0.8668049573898315,-1,-1,-1
175,1,510.8474,258.9249,568.2943000000001,301.43198000000007,0.8678414225578308,-1,-1,-1
176,1,548.09503,264.5253,603.5572999999999,308.7187799999999,0.855941653251648,-1,-1,-1
177,1,588.3854,273.2652,624.2016599999998,310.23010000000005,0.8232501745223999,-1,-1,-1
178,1,656.8686,282.4746,652.5229000000002,326.33953999999994,0.835141658782959,-1,-1,-1
179,1,707.46545,293.67908,666.7613499999999,328.48108,0.858616292476654,-1,-1,-1
180,1,753.2024,304.0885,731.9696,334.7901,0.8539817333221436,-1,-1,-1
181,1,834.26965,305.9364,747.8159,355.69928,0.829594075679779,-1,-1,-1
182,1,901.99097,312.54733,757.1979,364.9107399999999,0.8328269720077515,-1,-1,-1
183,1,1000.8721,339.0279,756.6842000000001,377.4419,0.8003110885620117,-1,-1,-1
184,1,1059.7578,354.14017,795.74756,387.9290500000001,0.7937169075012207,-1,-1,-1
185,1,1178.3374,366.8658,739.7085,403.31125000000003,0.821774959564209,-1,-1,-1
186,1,1281.1545,392.63858,638.78955,399.28317,0.8357277512550354,-1,-1,-1
187,1,1407.2511,413.1186,512.7489,457.84283000000005,0.6700271964073181,-1,-1,-1
257,2,41.495903,179.12245,135.91049,103.20882000000003,0.7324227094650269,-1,-1,-1
258,2,32.581944,178.97295,130.8,100.93635600000002,0.6797885894775391,-1,-1,-1
