1,0,443.3334,513.13586,508.67959999999994,292.82201999999995,0.8598313927650452,-1,-1,-1
1,1,1079.9297,77.110306,233.21729000000005,142.66348,0.8495364189147949,-1,-1,-1
1,2,1455.3666,502.72495,336.4356700000001,252.34201000000002,0.8495228290557861,-1,-1,-1
2,0,468.90927,505.47223,503.83993999999996,317.70879999999994,0.8553057909011841,-1,-1,-1
2,1,1095.6937,70.77243,223.57861000000003,140.58551,0.8475497364997864,-1,-1,-1
2,2,1446.0889,499.11972,337.90344000000005,251.62948999999998,0.8605150580406189,-1,-1,-1
3,0,520.8175,528.55304,506.1891999999999,314.06934,0.8564508557319641,-1,-1,-1
3,1,1126.7832,65.34436,206.71497,137.6077,0.836371660232544,-1,-1,-1
3,2,1434.6349,492.1515,341.14563,250.11071999999996,0.8555781245231628,-1,-1,-1
4,0,560.2044,542.22705,501.0014,314.44025,0.8597122430801392,-1,-1,-1
4,1,1147.423,60.529007,195.86059999999998,132.95732,0.8376139998435974,-1,-1,-1
4,2,1423.3702,485.07187,337.43640000000005,248.60733000000005,0.8592168688774109,-1,-1,-1
5,0,609.85767,560.2242,499.3778000000001,310.67230000000006,0.8793842196464539,-1,-1,-1
5,1,1166.921,54.802906,187.32836999999995,132.19319,0.8467970490455627,-1,-1,-1
5,2,1405.6527,472.60046,343.17626999999993,255.47479999999996,0.8759438991546631,-1,-1,-1
6,0,655.01263,567.1847,504.2510399999999,330.0491999999999,0.8684041500091553,-1,-1,-1
6,1,1185.6266,50.984814,178.40613000000008,128.55301,0.8721954822540283,-1,-1,-1
6,2,1396.3152,465.7827,344.66553,255.97253,0.8638470768928528,-1,-1,-1
7,0,701.2453,589.3351,523.6867,335.24712999999997,0.8633591532707214,-1,-1,-1
7,1,1205.5874,45.66999,169.0063500000001,127.76160400000002,0.8572166562080383,-1,-1,-1
7,2,1384.2045,458.7086,343.89855999999986,258.1661,0.8621352910995483,-1,-1,-1
8,0,754.47266,604.0926,531.8142000000001,340.8565699999999,0.866085410118103,-1,-1,-1
8,1,1223.9241,40.53922,154.8366699999999,124.49867,0.8559470176696777,-1,-1,-1
8,2,1370.6047,454.8652,350.3315399999999,250.5505,0.8564392328262329,-1,-1,-1
9,0,813.29767,619.3135,531.2059,349.86072,0.8512586355209351,-1,-1,-1
9,1,1234.2435,35.608448,149.80260999999996,124.37392,0.8750801682472229,-1,-1,-1
9,2,1349.945,447.37103,359.64660000000003,253.36358999999993,0.8609526753425598,-1,-1,-1
10,0,876.6724,643.00824,529.6154,349.1172,0.8617215752601624,-1,-1,-1
10,1,1243.3446,31.934593,144.90697999999998,123.16331,0.8716011643409729,-1,-1,-1
10,2,1333.1597,442.79672,358.38293,249.21261999999996,0.8525078892707825,-1,-1,-1
11,0,939.1368,662.8619,527.45013,347.24096999999995,0.8698890209197998,-1,-1,-1
11,1,1258.1627,27.25984,136.08923000000004,120.29054,0.8818517923355103,-1,-1,-1
11,2,1319.2311,435.2946,365.0472399999999,247.5405,0.8655930757522583,-1,-1,-1
12,0,1006.6994,679.73346,516.6889999999999,348.29679999999996,0.8630145788192749,-1,-1,-1
12,1,1267.9032,25.353258,131.38231999999994,116.2948,0.8695582747459412,-1,-1,-1
12,2,1301.1632,427.74637,370.38794000000007,250.18387,0.8816699385643005,-1,-1,-1
13,0,1068.3837,706.5193,506.97424,343.5782499999999,0.8586422801017761,-1,-1,-1
13,1,1275.1333,21.873507,125.6997100000001,111.2504,0.866435170173645,-1,-1,-1
13,2,1283.9279,419.35294,380.9576400000001,247.67904999999996,0.8784631490707397,-1,-1,-1
14,0,1131.8442,731.6262,505.33142,339.9096700000001,0.8612795472145081,-1,-1,-1
14,1,1280.9197,18.565477,123.29088999999999,109.52879,0.8554797172546387,-1,-1,-1
14,2,1260.1534,409.47067,391.39624000000003,248.03946000000002,0.8598470687866211,-1,-1,-1
15,0,1203.9141,762.384,478.19226000000003,317.06377999999995,0.8487679362297058,-1,-1,-1
15,1,1289.2311,16.513477,117.23974599999997,105.56178,0.8646098971366882,-1,-1,-1
15,2,1239.8564,402.93463,395.3197,249.03533999999996,0.869265615940094,-1,-1,-1
16,0,1273.9689,785.6182,457.10913000000005,294.3817700000001,0.828203558921814,-1,-1,-1
16,1,1294.9662,13.919276,115.83593999999994,102.81034,0.8420751690864563,-1,-1,-1
16,2,1219.6512,397.6641,394.56006,245.22647,0.8845239281654358,-1,-1,-1
17,0,1328.0675,805.6537,560.1965300000002,274.34630000000004,0.6569452285766602,-1,-1,-1
17,1,1298.898,7.663564,111.29016000000001,101.63467,0.831146776676178,-1,-1,-1
17,2,1190.0198,389.59164,397.31665,239.99289,0.8782195448875427,-1,-1,-1
18,0,1342.8862,836.3797,569.3888999999999,243.50860000000011,0.6993427872657776,-1,-1,-1
18,1,1303.7051,5.743603,106.44983000000002,99.04081,0.7870893478393555,-1,-1,-1
18,2,1168.6603,377.79895,396.4974400000001,238.22088999999994,0.8830064535140991,-1,-1,-1
19,1,1305.3805,2.3549864,107.18640000000005,96.722145,0.7431712746620178,-1,-1,-1
19,2,1139.5802,370.24292,400.8686500000001,234.80548,0.8971960544586182,-1,-1,-1
20,1,1309.2697,1.2532138,104.18054000000006,91.95796,0.6669966578483582,-1,-1,-1
20,2,1110.8138,360.41626,406.6597999999999,234.26263,0.8785480856895447,-1,-1,-1
21,1,1309.4786,1.0497521,104.48694,88.06687,0.6804612874984741,-1,-1,-1
21,2,1086.8088,350.44177,401.4946299999999,226.65942000000007,0.8798917531967163,-1,-1,-1
22,1,1312.534,0.40939805,99.13049000000001,82.498024,0.6314714550971985,-1,-1,-1
22,2,1057.6041,342.08118,391.6258499999999,224.05676000000005,0.8600653409957886,-1,-1,-1
23,2,1024.3351,331.2583,394.86303999999996,219.25690000000003,0.8783348202705383,-1,-1,-1
24,2,1003.02905,325.8665,386.2668500000001,213.70998999999995,0.8645906448364258,-1,-1,-1
25,2,971.34607,315.81876,389.45154,213.04409999999996,0.8848768472671509,-1,-1,-1
26,2,945.20844,307.82162,381.28094,210.73996000000005,0.8622041940689087,-1,-1,-1
27,2,909.91565,299.3677,381.88109999999995,205.79769999999996,0.8616137504577637,-1,-1,-1
28,2,875.0619,293.4281,381.11289999999997,201.41898000000003,0.8662658929824829,-1,-1,-1
29,2,848.2065,285.33517,368.9655,197.55167,0.8750278949737549,-1,-1,-1
29,3,0.08972167,549.01697,178.8386,239.86083999999994,0.6541091203689575,-1,-1,-1
30,2,817.8885,276.7426,372.5792799999999,195.41797000000003,0.8661388754844666,-1,-1,-1
31,2,783.6028,270.41605,366.8666999999999,192.4943,0.8726695775985718,-1,-1,-1
31,3,0.0,568.06354,201.1299,193.45830999999998,0.812639057636261,-1,-1,-1
31,4,949.79865,4.129053,217.74127,119.0823,0.800940990447998,-1,-1,-1
32,2,751.606,263.12433,363.6120000000001,192.46747,0.8827759027481079,-1,-1,-1
32,3,1.5546798,569.0768,207.2929,189.40863000000002,0.8147551417350769,-1,-1,-1
32,4,943.0989,2.9835746,219.4595999999999,120.96582,0.8020032048225403,-1,-1,-1
33,2,724.4145,258.56445,354.58893,187.28604,0.8767745494842529,-1,-1,-1
33,3,0.10475635,566.6908,220.6283,193.06982000000005,0.8302430510520935,-1,-1,-1
33,4,936.6461,3.6608932,223.27123999999992,121.306015,0.8099168539047241,-1,-1,-1
34,2,687.3502,255.71793,355.44410000000005,177.66946,0.8727757930755615,-1,-1,-1
34,3,0.48624513,566.3254,227.94164,190.9552,0.8603533506393433,-1,-1,-1
34,4,929.2515,5.206632,224.59161000000006,121.05344,0.8247806429862976,-1,-1,-1
35,2,663.4814,252.1504,344.59015,174.62131999999997,0.880339503288269,-1,-1,-1
35,3,0.41702268,563.48083,241.37946,195.26025000000004,0.8608152270317078,-1,-1,-1
35,4,917.368,7.0603604,230.75518999999997,120.54635999999999,0.8242976069450378,-1,-1,-1
36,2,627.5982,249.1839,339.83533,168.84445,0.8714385628700256,-1,-1,-1
36,3,0.32349584,556.7701,253.26402,201.94702000000007,0.8497695326805115,-1,-1,-1
36,4,907.59125,6.948809,234.90825999999993,122.43648,0.8306064605712891,-1,-1,-1
37,2,596.1862,245.95789,342.87836000000004,167.24979,0.8598278760910034,-1,-1,-1
37,3,1.8973731,557.72253,268.01895,200.61536,0.8383737206459045,-1,-1,-1
37,4,900.7841,2.8751705,240.88116000000002,128.01103,0.8462804555892944,-1,-1,-1
38,2,566.88513,245.03195,333.32812,162.25029999999998,0.8546827435493469,-1,-1,-1
38,3,4.469032,550.18976,283.53033,205.75287000000003,0.8787974119186401,-1,-1,-1
38,4,889.5089,3.2380197,244.6676,129.19402,0.8462291955947876,-1,-1,-1
39,2,537.1092,242.80202,327.6168799999999,160.56432000000004,0.8562009334564209,-1,-1,-1
39,3,8.107223,552.4101,291.79752,202.78368999999998,0.864427387714386,-1,-1,-1
39,4,884.067,5.1845593,244.05919999999992,131.08891,0.829825758934021,-1,-1,-1
40,2,503.49057,242.66878,331.37049999999994,156.77614000000003,0.8417642116546631,-1,-1,-1
40,3,15.652427,543.16376,302.7169,209.97259999999994,0.8792721629142761,-1,-1,-1
40,4,872.9023,6.076612,247.46489999999994,132.69876,0.8467603921890259,-1,-1,-1
41,2,475.29272,241.04424,320.8675,158.9821,0.8415526151657104,-1,-1,-1
41,3,26.322783,539.0832,309.4231,211.97131000000002,0.8688026666641235,-1,-1,-1
41,4,858.81757,8.1325,246.98357999999996,128.82971,0.8541066646575928,-1,-1,-1
41,5,1823.9291,700.7526,96.07091999999989,189.23834,0.7265411615371704,-1,-1,-1
42,2,446.19577,244.82613,317.42580000000004,154.32688999999996,0.85777348279953,-1,-1,-1
42,3,36.041733,537.92847,317.6454,211.10620000000006,0.8762490153312683,-1,-1,-1
42,4,846.0738,8.732714,253.25201000000004,129.97632,0.8486989140510559,-1,-1,-1
43,2,421.19766,247.80646,302.59537000000006,150.28894,0.844105064868927,-1,-1,-1
43,3,55.97425,540.83276,320.2828,207.16650000000004,0.8788802623748779,-1,-1,-1
43,4,828.82043,0.6367921,257.61400000000003,145.22527,0.8620474338531494,-1,-1,-1
44,2,393.81314,252.39812,305.65408,147.25516999999996,0.8387545943260193,-1,-1,-1
44,3,74.66363,543.8564,316.28418,203.18115,0.8722522854804993,-1,-1,-1
44,4,815.043,4.9551053,261.93842000000006,142.0664,0.8370808959007263,-1,-1,-1
45,2,376.46985,250.98824,278.47894,147.02922000000004,0.83946293592453,-1,-1,-1
45,3,87.14351,540.57697,322.42053,204.77733999999998,0.8748149871826172,-1,-1,-1
45,4,806.257,4.171943,262.8781,144.78731,0.8445751070976257,-1,-1,-1
46,2,349.94278,253.46722,275.13449999999995,147.1123,0.8465923070907593,-1,-1,-1
46,3,106.80553,537.869,337.56732,209.1554,0.8792691230773926,-1,-1,-1
46,4,796.12604,6.6629214,267.43512,144.81482,0.852735161781311,-1,-1,-1
47,2,331.8598,257.40805,260.1143200000001,144.14599999999996,0.8474847078323364,-1,-1,-1
47,3,121.67132,535.3094,349.9552,213.23615000000007,0.8910933136940002,-1,-1,-1
47,4,777.1151,10.875863,272.73926000000006,146.81683,0.8541554808616638,-1,-1,-1
47,5,1779.9069,675.2657,140.09313999999995,287.7594,0.6499855518341064,-1,-1,-1
48,2,306.97903,261.99084,255.07693,142.36071999999996,0.852533221244812,-1,-1,-1
48,3,134.16205,530.6185,352.88393999999994,219.73992999999996,0.8789287805557251,-1,-1,-1
48,4,757.59125,20.412611,276.88909999999987,140.83609,0.8563821911811829,-1,-1,-1
49,2,283.42276,265.9543,242.97672000000006,144.51364,0.8403195738792419,-1,-1,-1
49,3,152.70233,535.0227,370.62115000000006,220.51575000000003,0.8779059052467346,-1,-1,-1
49,4,741.90247,18.737597,280.5171,145.83493,0.8663269877433777,-1,-1,-1
49,5,1777.4587,672.43555,142.54125999999997,288.38013,0.6603919863700867,-1,-1,-1
49,6,0.0,464.23557,178.27536,170.93008000000003,0.689594566822052,-1,-1,-1
50,2,261.20383,271.32956,232.7803,144.74915,0.8723970651626587,-1,-1,-1
50,3,173.15785,536.1747,372.08721999999995,221.44385,0.8575589060783386,-1,-1,-1
50,4,725.81116,15.121621,284.5962999999999,152.38245,0.8578368425369263,-1,-1,-1
50,5,1766.0885,669.99475,153.91149999999993,301.65343999999993,0.6943663954734802,-1,-1,-1
50,6,0.0,459.42493,188.52896,180.0747,0.7812690138816833,-1,-1,-1
51,2,242.3716,278.14746,222.88615,142.59189000000003,0.875141978263855,-1,-1,-1
51,3,197.08533,542.60486,366.65607,218.13489000000004,0.8636775612831116,-1,-1,-1
51,4,700.8599,17.902277,298.33466,157.70166,0.8675834536552429,-1,-1,-1
51,6,0.0,449.3264,198.01187,181.18991,0.8289268016815186,-1,-1,-1
52,2,221.33563,285.09836,216.93179999999998,141.15722999999997,0.8207109570503235,-1,-1,-1
52,3,227.1981,532.9068,368.8744,233.55011000000002,0.8562901616096497,-1,-1,-1
52,4,690.55096,18.43397,292.69499999999994,160.29941,0.8640933632850647,-1,-1,-1
52,6,0.42722222,440.66293,218.38814,183.14345999999995,0.8174239993095398,-1,-1,-1
53,2,195.66266,292.52374,211.6029,139.53629,0.845720112323761,-1,-1,-1
53,3,247.87335,544.62854,397.02362000000005,234.84118999999998,0.8573649525642395,-1,-1,-1
53,4,673.56976,25.278896,296.59839999999997,158.08894,0.8514454364776611,-1,-1,-1
53,6,1.452341,428.13733,233.71042,186.86339999999996,0.6791161298751831,-1,-1,-1
54,2,175.70113,299.01425,208.47804,140.01193,0.8050360679626465,-1,-1,-1
54,3,273.9752,535.49316,421.08835,261.0783,0.8715787529945374,-1,-1,-1
54,4,644.4764,26.97192,313.26862000000006,161.5047,0.8524297475814819,-1,-1,-1
54,6,9.909181,422.85345,244.15631,172.17334,0.7020621299743652,-1,-1,-1
55,2,152.8367,304.4178,203.11572,137.55484,0.7126585841178894,-1,-1,-1
55,3,299.08737,544.1417,440.75863999999996,271.7619000000001,0.8742532730102539,-1,-1,-1
55,4,631.32745,38.34729,310.91265999999996,155.57850000000002,0.8516334891319275,-1,-1,-1
55,6,17.751043,422.33115,249.05569999999997,171.86068999999998,0.7833531498908997,-1,-1,-1
56,2,135.65576,311.8996,193.90244,135.88,0.6979170441627502,-1,-1,-1
56,3,322.6078,544.91724,463.19983,284.1268299999999,0.8748584389686584,-1,-1,-1
56,4,616.3231,31.371029,307.13604999999995,170.52754,0.8228466510772705,-1,-1,-1
56,6,42.467197,418.5183,238.09003,164.33153999999996,0.6256304383277893,-1,-1,-1
57,3,353.4083,546.9987,461.43204,295.36743,0.875390887260437,-1,-1,-1
57,4,594.78125,49.12655,310.2241200000001,155.906,0.8397809267044067,-1,-1,-1
57,6,52.599075,412.58472,251.32127,169.91613999999998,0.8176164031028748,-1,-1,-1
58,3,382.92593,552.8314,462.79196,292.40588,0.8824015855789185,-1,-1,-1
58,4,568.8381,46.959167,314.82007,164.66977,0.8645655512809753,-1,-1,-1
58,6,76.21284,389.60333,254.09894,175.68377999999996,0.7052980065345764,-1,-1,-1
59,3,418.11148,557.56757,489.65866,306.1949000000001,0.8778266310691833,-1,-1,-1
59,4,542.55,51.505592,324.4225,169.79669,0.8331297636032104,-1,-1,-1
59,6,77.79908,372.48593,280.35284,189.82919999999996,0.7801901698112488,-1,-1,-1
60,3,460.68912,564.6684,491.09293,311.84850000000006,0.8589373230934143,-1,-1,-1
60,4,520.4042,54.89172,321.96405000000004,171.42607,0.8522958755493164,-1,-1,-1
60,6,86.55103,371.73904,303.28165,191.72963999999996,0.8329422473907471,-1,-1,-1
61,3,510.09918,590.72473,508.56110000000007,295.00452000000007,0.8463226556777954,-1,-1,-1
61,4,494.6515,63.311428,325.4386,172.37262,0.8552822470664978,-1,-1,-1
61,5,1722.5717,644.5802,197.35022000000004,258.7053199999999,0.6390267610549927,-1,-1,-1
61,6,124.69812,361.31198,296.4316,197.27817,0.8072839975357056,-1,-1,-1
62,3,554.04004,604.4564,519.2532,310.10364000000004,0.8702344298362732,-1,-1,-1
62,4,473.2885,71.54221,319.0213,173.23897999999997,0.8449947834014893,-1,-1,-1
62,5,1714.2587,641.5656,205.5468800000001,253.57025,0.7923557758331299,-1,-1,-1
62,6,140.45778,345.88913,319.85022,197.1517,0.8372907042503357,-1,-1,-1
62,7,23.090656,361.3902,170.79366,140.10341999999997,0.7344728708267212,-1,-1,-1
63,3,600.2958,610.0125,519.2193599999999,327.5419999999999,0.878303587436676,-1,-1,-1
63,4,448.14902,78.12701,318.32504,176.34195,0.8609404563903809,-1,-1,-1
63,5,1707.8656,638.9773,211.9773,251.38477,0.8100101947784424,-1,-1,-1
63,6,156.4239,335.2439,336.96393,203.08209000000005,0.847746729850769,-1,-1,-1
63,7,13.763894,376.7619,160.25774,129.43581999999998,0.8055475950241089,-1,-1,-1
64,3,643.37994,635.6365,543.4491599999999,315.3719,0.8661565184593201,-1,-1,-1
64,4,427.8342,83.752205,312.38480000000004,181.61870999999996,0.8420921564102173,-1,-1,-1
64,5,1701.2435,636.37366,218.75647000000004,251.77728000000002,0.8251022100448608,-1,-1,-1
64,6,183.64465,325.47314,340.29608,208.12177000000003,0.8739070296287537,-1,-1,-1
64,7,3.94392,388.35678,147.13866,124.87839000000002,0.7972335815429688,-1,-1,-1
65,3,700.183,648.9063,554.8034699999998,330.4756,0.8783386945724487,-1,-1,-1
65,4,404.27502,89.56592,309.11084,181.69537000000003,0.8479611873626709,-1,-1,-1
65,5,1690.3721,632.1968,229.42589999999996,248.57299999999998,0.8072071671485901,-1,-1,-1
65,6,199.98131,309.01666,359.11926000000005,210.99816999999996,0.8679910898208618,-1,-1,-1
65,7,1.4327716,396.5326,133.67772,129.86095999999998,0.6997137069702148,-1,-1,-1
66,3,764.8718,656.06,541.2245000000001,337.0033000000001,0.8797542452812195,-1,-1,-1
66,4,374.03784,91.96861,327.4713,188.85517999999996,0.8224645853042603,-1,-1,-1
66,5,1681.2345,630.38116,238.60706000000005,250.19794000000002,0.8321322798728943,-1,-1,-1
66,6,232.72955,301.89935,359.1709599999999,209.52675999999997,0.8848006129264832,-1,-1,-1
66,7,0.13825892,410.87845,120.299614,129.67374,0.7167362570762634,-1,-1,-1
67,3,829.7741,661.9032,540.5634000000001,343.02637000000004,0.8713088035583496,-1,-1,-1
67,4,337.467,93.71849,330.43887000000007,200.62984000000003,0.65498286485672,-1,-1,-1
67,5,1676.2822,627.9339,243.62401999999997,248.19146999999998,0.8285430073738098,-1,-1,-1
67,6,258.233,286.32516,385.5008199999999,214.90515,0.8678797483444214,-1,-1,-1
68,3,892.4647,684.2811,533.2197000000001,344.95825,0.8756425380706787,-1,-1,-1
68,4,316.64398,103.433556,325.51678,200.78418,0.6586675643920898,-1,-1,-1
68,5,1672.022,626.3324,247.97803,246.23906999999997,0.845866858959198,-1,-1,-1
68,6,304.97165,270.70865,378.71024000000006,215.10132,0.872370719909668,-1,-1,-1
69,3,953.228,701.60016,544.7160599999999,348.74334999999996,0.8679974675178528,-1,-1,-1
69,5,1665.4634,625.69586,254.53662000000008,247.82178,0.8507606387138367,-1,-1,-1
69,6,336.68018,253.63785,390.268,220.9607,0.8674578666687012,-1,-1,-1
70,3,1019.48895,714.49054,531.7323599999999,355.6362999999999,0.8808990716934204,-1,-1,-1
70,5,1657.2809,622.9576,262.71912,249.36652000000004,0.8598554730415344,-1,-1,-1
70,6,383.17206,241.6639,378.7841199999999,216.36073,0.875034749507904,-1,-1,-1
71,3,1083.5868,735.66095,513.6334000000002,342.23773000000006,0.8487986326217651,-1,-1,-1
71,4,269.12125,126.66909,284.41928,211.66739,0.606897234916687,-1,-1,-1
71,5,1640.6078,613.61786,279.3922,247.69304999999997,0.8757789134979248,-1,-1,-1
71,6,432.71796,227.81941,379.68829999999997,214.2613,0.8633705973625183,-1,-1,-1
72,3,1151.7931,756.8533,493.88573999999994,322.14930000000004,0.8365932703018188,-1,-1,-1
72,4,234.25037,137.34375,293.91663000000005,213.33272999999997,0.8294401168823242,-1,-1,-1
72,5,1629.3202,602.99634,290.6797999999999,250.07056,0.8871839642524719,-1,-1,-1
72,6,470.6549,213.30815,391.5203200000001,215.41963000000004,0.8779870867729187,-1,-1,-1
73,3,1199.1384,793.83905,505.70129999999995,286.16094999999996,0.8042457699775696,-1,-1,-1
73,4,211.68279,146.50826,296.63306,217.52019,0.8520961403846741,-1,-1,-1
73,5,1620.2631,595.8627,299.73694,251.80597,0.8572092056274414,-1,-1,-1
73,6,509.9219,201.44055,393.14950000000005,212.35626,0.8882167935371399,-1,-1,-1
74,3,1250.4203,814.5649,595.7787000000001,265.43512,0.7557573914527893,-1,-1,-1
74,4,191.67793,162.83519,284.3487,211.6024,0.8416767716407776,-1,-1,-1
74,5,1604.0234,594.08014,314.35889999999995,247.87194999999997,0.8251568675041199,-1,-1,-1
74,6,554.2769,191.23264,391.2425999999999,204.98428,0.8803079724311829,-1,-1,-1
75,3,1292.05,839.6459,580.3495,240.34924,0.6875514388084412,-1,-1,-1
75,4,165.09438,180.59837,286.21576,205.05156,0.8532422184944153,-1,-1,-1
75,5,1578.2314,581.95593,339.0063499999999,256.1554,0.8188138008117676,-1,-1,-1
75,6,596.836,177.56212,392.23114,202.81388999999996,0.8614306449890137,-1,-1,-1
76,4,152.87306,195.1482,268.10132,199.53815,0.8295932412147522,-1,-1,-1
76,5,1556.2273,553.74457,341.63074000000006,274.687,0.8572885394096375,-1,-1,-1
76,6,639.44464,166.56523,389.21746999999993,197.69620999999998,0.8682085871696472,-1,-1,-1
77,4,122.69665,213.90324,265.5527000000001,197.49498000000003,0.8392227292060852,-1,-1,-1
77,5,1528.0048,536.56476,344.63147000000004,280.3089,0.8880147337913513,-1,-1,-1
77,6,685.76105,152.2686,374.6350699999999,198.68236000000002,0.8891661763191223,-1,-1,-1
78,4,99.63369,225.94402,257.87265,197.30727,0.8337832093238831,-1,-1,-1
78,5,1513.4181,527.5579,340.04882999999995,282.85632,0.8834201693534851,-1,-1,-1
78,6,729.69434,142.39395,369.0114699999999,195.41129000000004,0.8690519332885742,-1,-1,-1
79,4,82.95373,234.74283,254.65816999999998,205.11285,0.8129504323005676,-1,-1,-1
79,5,1494.2059,517.6383,347.47522000000004,280.9026,0.8867784142494202,-1,-1,-1
79,6,778.94055,131.83347,355.2998,190.71353000000002,0.8892227411270142,-1,-1,-1
80,4,62.30881,251.90671,248.01376,202.52115,0.8246535658836365,-1,-1,-1
80,5,1465.7178,509.43622,370.0724,276.01843,0.8787028789520264,-1,-1,-1
80,6,815.37317,122.6004,343.42737,184.83923,0.8711506128311157,-1,-1,-1
81,4,49.69711,264.15823,233.8634,190.56018,0.8353517651557922,-1,-1,-1
81,5,1436.5192,491.66687,375.6756600000001,280.71106,0.8711847066879272,-1,-1,-1
81,6,863.6365,115.07022,327.68944999999997,177.73093,0.8438335061073303,-1,-1,-1
82,4,32.34489,275.8735,227.79247,190.12073000000004,0.8282906413078308,-1,-1,-1
82,5,1408.048,475.6899,379.21642999999995,279.15262,0.8905543684959412,-1,-1,-1
82,6,903.81976,109.622894,312.1341000000001,168.45126000000002,0.8650485277175903,-1,-1,-1
83,4,15.758949,284.18594,219.39456,192.37338,0.8131998777389526,-1,-1,-1
83,5,1390.8457,463.28094,379.6714999999999,285.5433300000001,0.8900753855705261,-1,-1,-1
83,6,945.42065,99.311554,293.97119999999995,166.68378,0.8927980065345764,-1,-1,-1
84,4,6.491961,296.79706,206.55687,188.63297,0.8124624490737915,-1,-1,-1
84,5,1366.4541,452.49112,375.67883000000006,279.91214,0.8965759873390198,-1,-1,-1
84,6,973.3163,94.799644,291.75378,158.34946,0.8680492043495178,-1,-1,-1
85,4,0.054230686,317.36536,190.0101,177.63702,0.824329674243927,-1,-1,-1
85,5,1338.0824,438.0788,378.6430700000001,282.11078,0.8634926080703735,-1,-1,-1
85,6,1023.2047,89.45354,258.76855,148.09457,0.8797136545181274,-1,-1,-1
86,4,0.0,330.56302,173.52309,165.34274,0.7898059487342834,-1,-1,-1
86,5,1299.4283,426.33054,392.87402,274.541,0.8616514205932617,-1,-1,-1
86,6,1048.88,83.65405,252.56286999999998,146.25581,0.8613036870956421,-1,-1,-1
87,4,0.0,351.13962,156.03743,152.87201,0.7562559247016907,-1,-1,-1
87,5,1278.3999,413.16977,404.50659999999993,271.4454,0.8653691411018372,-1,-1,-1
87,6,1084.0677,74.70016,236.26917000000003,142.52734000000004,0.8791069388389587,-1,-1,-1
88,5,1238.1874,398.21555,415.7065399999999,266.38754000000006,0.8612716794013977,-1,-1,-1
88,6,1100.8416,65.20186,229.8319100000001,141.8816,0.8637996315956116,-1,-1,-1
89,5,1205.0323,386.12756,420.45776,265.94257000000005,0.8799883127212524,-1,-1,-1
89,6,1130.3629,60.915573,215.81395999999995,134.9676,0.8487492203712463,-1,-1,-1
90,5,1169.0867,371.42026,425.74767999999995,269.9587700000001,0.8697142601013184,-1,-1,-1
90,6,1155.2833,52.37218,202.8641399999999,132.94509999999997,0.8769403696060181,-1,-1,-1
91,5,1132.4624,360.14194,421.13013,260.3770999999999,0.8920732140541077,-1,-1,-1
91,6,1179.2731,51.38766,190.46631000000002,124.90543999999998,0.8533727526664734,-1,-1,-1
92,5,1100.1089,348.83502,419.1828600000001,254.43360000000007,0.8865113854408264,-1,-1,-1
92,6,1193.7902,45.9407,184.46776999999997,124.33443,0.8224152326583862,-1,-1,-1
93,5,1064.4803,332.45404,420.41016000000013,259.27515,0.8717203140258789,-1,-1,-1
93,6,1217.3981,38.770664,169.39562999999998,122.75986000000002,0.858925461769104,-1,-1,-1
94,5,1033.713,321.506,414.16187000000014,253.25491,0.8723165988922119,-1,-1,-1
94,6,1238.4224,35.938923,149.44885,115.91992,0.8694761991500854,-1,-1,-1
95,5,992.95306,305.86697,413.7805799999999,250.05929999999995,0.8693159818649292,-1,-1,-1
95,6,1250.4548,27.502884,146.6491699999999,121.017395,0.8800406455993652,-1,-1,-1
96,5,961.6288,297.83728,409.62842,240.8363,0.875427782535553,-1,-1,-1
96,6,1263.5911,25.331467,138.86266999999998,117.20506,0.8618317246437073,-1,-1,-1
97,5,928.8602,286.93402,402.74865999999986,237.16015999999996,0.8608028292655945,-1,-1,-1
97,6,1275.0353,20.685051,132.72606999999994,113.29578400000001,0.8468775749206543,-1,-1,-1
98,5,895.264,278.2223,393.74580000000003,230.06917999999996,0.8655837774276733,-1,-1,-1
98,6,1287.627,17.598469,124.53320000000008,108.22333,0.8531476259231567,-1,-1,-1
99,5,858.50037,268.60376,389.8470500000001,225.36316,0.8802330493927002,-1,-1,-1
99,6,1295.6248,14.589528,119.91443000000004,104.37047,0.8568925857543945,-1,-1,-1
100,5,820.4744,258.23404,384.25969999999995,220.42657000000003,0.8724119067192078,-1,-1,-1
100,6,1303.1808,11.092156,115.3394800000001,102.64787,0.844450831413269,-1,-1,-1
100,9,0.0,507.6259,145.13234,256.23983999999996,0.6591225862503052,-1,-1,-1
101,5,785.8354,249.41968,379.73784999999987,214.68427,0.860209584236145,-1,-1,-1
101,6,1309.529,7.9514117,112.88867000000005,99.92084,0.8610617518424988,-1,-1,-1
101,9,0.0,503.6912,164.16133,259.4838,0.6844696402549744,-1,-1,-1
102,5,748.90076,243.00085,379.2519500000001,205.26671999999996,0.8576892018318176,-1,-1,-1
102,6,1317.0155,4.251494,108.15515000000005,96.78259,0.8571524620056152,-1,-1,-1
102,9,0.0,504.14825,168.5159,257.50214,0.7273151278495789,-1,-1,-1
103,5,717.45825,237.41983,367.85450000000003,201.18563999999998,0.856002151966095,-1,-1,-1
103,6,1322.1061,2.0233366,106.94506999999999,94.09916,0.860029935836792,-1,-1,-1
103,9,0.0,507.95068,170.96758,249.9237,0.6217543482780457,-1,-1,-1
104,5,677.9016,231.55408,364.2253400000001,195.02448000000004,0.859329879283905,-1,-1,-1
104,6,1329.1494,0.883069,100.52112000000011,88.29688,0.8542715311050415,-1,-1,-1
104,9,0.0,528.7583,189.78625,228.01964999999996,0.6443492770195007,-1,-1,-1
105,5,646.8761,227.39183,364.05369999999994,187.49173999999996,0.8485093712806702,-1,-1,-1
105,6,1335.1176,0.7471418,96.36608999999999,82.45514,0.8140086531639099,-1,-1,-1
105,9,0.0,529.9906,194.40083,226.74603000000002,0.6709174513816833,-1,-1,-1
106,5,611.29926,223.43521,358.40656,181.77782999999997,0.8462592959403992,-1,-1,-1
106,6,1338.085,0.0,94.84363000000008,77.97752,0.7348965406417847,-1,-1,-1
106,9,0.9159135,530.3484,204.7009,223.75299000000007,0.7316794991493225,-1,-1,-1
107,5,577.99506,221.06737,350.80486999999994,177.65114000000003,0.8571715950965881,-1,-1,-1
107,6,1342.7284,0.0,92.44579999999996,74.18173,0.644641637802124,-1,-1,-1
107,9,0.087661736,522.9581,218.63065,229.84948999999995,0.7654596567153931,-1,-1,-1
108,5,549.4512,216.55205,346.83043999999995,177.87388999999996,0.8416872024536133,-1,-1,-1
108,6,1345.328,0.0,91.63463999999999,71.29098,0.7306323647499084,-1,-1,-1
108,9,0.13030528,514.64594,214.96059,241.48906999999997,0.834452211856842,-1,-1,-1
109,5,511.31317,215.56532,340.5725,174.16188000000002,0.8456113338470459,-1,-1,-1
109,6,1349.0061,0.0,89.0177000000001,66.20793,0.6094624996185303,-1,-1,-1
109,9,0.22683619,514.5726,232.65642,238.48272999999995,0.8543769717216492,-1,-1,-1
110,5,486.38474,214.7779,337.3958400000001,171.51830999999999,0.8540736436843872,-1,-1,-1
110,9,0.24765013,516.4871,236.16116,235.46997,0.8575923442840576,-1,-1,-1
111,5,445.0966,215.53049,338.46779999999995,170.26566000000003,0.8428997993469238,-1,-1,-1
111,9,0.37296292,521.0435,246.61943,228.01238999999998,0.8665114641189575,-1,-1,-1
112,5,429.1858,217.79282,310.09850000000006,168.02295000000004,0.8541657328605652,-1,-1,-1
112,9,0.43198583,528.85046,272.89206,222.02930000000003,0.8721490502357483,-1,-1,-1
113,5,395.76956,213.14865,314.0405,173.57306000000003,0.8585312962532043,-1,-1,-1
113,9,0.14885901,526.4535,291.77994,220.0426,0.8490079045295715,-1,-1,-1
114,5,376.47293,219.42305,297.88535,169.55663000000004,0.8539760112762451,-1,-1,-1
114,9,0.36492345,520.8452,311.9296,220.40228000000002,0.8295416235923767,-1,-1,-1
115,5,348.78873,224.32683,297.11343,167.62562999999997,0.8621761798858643,-1,-1,-1
115,9,3.3816144,515.9461,319.38358,214.12072999999998,0.7919670939445496,-1,-1,-1
116,5,326.4642,229.65005,279.4108,164.43936,0.8279163241386414,-1,-1,-1
116,9,24.70104,492.16263,338.1097,217.68289,0.8104607462882996,-1,-1,-1
117,5,301.3668,233.75592,277.22353999999996,164.50262000000004,0.8452850580215454,-1,-1,-1
117,9,58.375366,467.69885,335.9675,235.68529999999998,0.8571842312812805,-1,-1,-1
118,5,281.70682,240.03111,260.55325000000005,163.77800000000002,0.83385169506073,-1,-1,-1
118,9,60.821526,455.4966,374.75046,237.09409,0.8358339071273804,-1,-1,-1
119,5,261.55008,246.42522,249.84064,161.56721000000002,0.8267593383789062,-1,-1,-1
119,9,87.00636,437.49503,389.6186,247.94937,0.8614124059677124,-1,-1,-1
120,5,237.77908,253.6025,243.89847,159.0454,0.84288489818573,-1,-1,-1
120,9,118.89936,423.22177,378.85956,254.57596,0.8510293364524841,-1,-1,-1
121,5,217.40398,260.87247,234.99312000000003,159.77648999999997,0.7875537276268005,-1,-1,-1
121,9,148.02199,405.6844,397.35980000000006,256.95636,0.8629457950592041,-1,-1,-1
121,10,0.36409375,510.6959,140.38873,140.97678000000002,0.6546359062194824,-1,-1,-1
122,5,191.13983,267.74005,225.867,160.77255000000002,0.7059295773506165,-1,-1,-1
122,9,185.21442,388.42767,390.82385,251.7575,0.8493733406066895,-1,-1,-1
122,10,0.36043164,498.26044,154.58533,149.96954000000005,0.7388095259666443,-1,-1,-1
123,5,165.39008,272.9612,226.37921,163.4137,0.8005875945091248,-1,-1,-1
123,9,234.32938,372.53943,386.17484,248.65985000000006,0.8499677777290344,-1,-1,-1
123,10,0.0,486.69888,171.50023,159.53384,0.8462337851524353,-1,-1,-1
124,5,143.51857,279.7162,221.54936000000004,166.32635,0.8036037087440491,-1,-1,-1
124,9,258.10764,364.6805,407.42593000000005,255.80081,0.8625137805938721,-1,-1,-1
124,10,0.0,476.73108,177.20135,162.55005000000006,0.8753364086151123,-1,-1,-1
125,5,126.66051,290.27496,210.23763000000002,162.90207000000004,0.8198428750038147,-1,-1,-1
125,9,290.0066,347.35358,424.24194000000006,260.25848,0.8638444542884827,-1,-1,-1
125,10,0.0,473.71375,182.39296,160.80779999999993,0.8783316016197205,-1,-1,-1
126,5,106.652664,298.24365,207.85194,162.20175,0.8398746848106384,-1,-1,-1
126,9,346.79785,330.6382,409.57177999999993,249.06534,0.8664101958274841,-1,-1,-1
126,10,0.0,470.04294,193.07207,158.18161000000003,0.8530735373497009,-1,-1,-1
127,5,87.34769,306.50793,194.66138,158.12496999999996,0.8642470836639404,-1,-1,-1
127,9,357.64514,318.12857,433.36047,254.97641000000004,0.8601053953170776,-1,-1,-1
127,10,2.6196811,461.27023,202.13658,161.26931999999994,0.8389236927032471,-1,-1,-1
128,5,76.08904,319.23434,183.18059999999997,151.45934999999997,0.8015371561050415,-1,-1,-1
128,9,382.60242,301.19473,469.6423300000001,270.0931,0.8640263676643372,-1,-1,-1
128,10,16.179728,455.85092,200.23752,159.16738999999995,0.8038161993026733,-1,-1,-1
129,5,60.38689,329.8228,175.5508,153.78771999999998,0.7166789174079895,-1,-1,-1
129,9,422.94843,292.57785,472.2141,267.8779599999999,0.8219792246818542,-1,-1,-1
129,10,18.346573,453.76645,203.76054,154.69698999999997,0.8022015690803528,-1,-1,-1
130,9,478.85464,272.25287,463.49520000000007,266.80225,0.8626515865325928,-1,-1,-1
130,10,28.398226,447.3807,208.75902,152.66946000000002,0.7618002891540527,-1,-1,-1
131,9,529.88556,258.18555,451.81476,257.3672000000001,0.8583977818489075,-1,-1,-1
131,10,43.059402,442.1654,216.46611,150.4914,0.8453820943832397,-1,-1,-1
132,9,560.5288,248.93788,472.77306999999996,256.14673,0.8682520985603333,-1,-1,-1
132,10,54.50137,434.2707,215.07776,154.00153000000006,0.8514881134033203,-1,-1,-1
133,9,603.8351,237.4844,467.85570000000007,256.9607,0.8770526647567749,-1,-1,-1
133,10,58.751038,426.8651,223.91046,155.83416999999997,0.8501539826393127,-1,-1,-1
134,9,656.0048,226.85886,451.66790000000003,249.50351,0.8672235012054443,-1,-1,-1
134,10,65.79989,415.73553,232.27215999999999,162.01079999999996,0.8507483005523682,-1,-1,-1
135,9,703.5969,213.77678,447.80115,238.44987,0.8657934665679932,-1,-1,-1
135,10,75.18116,409.15396,226.97977,161.41263000000004,0.8457520008087158,-1,-1,-1
136,9,740.81287,202.05681,443.65355999999997,241.02424999999997,0.8718382716178894,-1,-1,-1
136,10,81.418755,396.64725,249.68004999999997,170.59755999999993,0.832755446434021,-1,-1,-1
136,11,1139.4282,0.038781162,104.81664999999998,63.78583,0.6603084206581116,-1,-1,-1
137,9,793.341,188.85919,434.2188,237.84323,0.8788018226623535,-1,-1,-1
137,10,97.448296,378.35,271.06112999999993,183.58687999999995,0.8472277522087097,-1,-1,-1
137,11,1134.0536,0.0,109.48266600000011,66.53217,0.634480893611908,-1,-1,-1
138,9,847.98914,182.84831,404.5526000000001,222.83842,0.8836604356765747,-1,-1,-1
138,10,122.123184,369.18042,262.81665,182.4574,0.8415642380714417,-1,-1,-1
138,11,1130.42,0.0,109.87609999999995,69.81256,0.7065480947494507,-1,-1,-1
139,9,899.05225,170.72542,380.85364000000004,218.23286,0.8693255186080933,-1,-1,-1
139,10,139.90628,358.7362,276.53445,179.74982000000006,0.8480730056762695,-1,-1,-1
139,11,1127.0682,0.0,112.09375,72.0537,0.709425687789917,-1,-1,-1
140,9,934.0783,159.45407,375.3960599999999,216.42172,0.9001597762107849,-1,-1,-1
140,10,166.55795,347.4002,270.17892,181.86322,0.8612061738967896,-1,-1,-1
141,9,984.48114,150.07411,348.1695000000001,206.95552,0.8810964226722717,-1,-1,-1
141,10,181.85799,338.13565,287.08313,183.49288999999993,0.8708049058914185,-1,-1,-1
141,12,1764.8617,722.8604,155.13830000000007,239.81952,0.612842857837677,-1,-1,-1
142,9,1029.6772,142.62445,319.99854000000005,195.32143999999997,0.8835518956184387,-1,-1,-1
142,10,211.71237,327.1571,278.36606000000006,181.76547,0.860078752040863,-1,-1,-1
142,12,1759.7036,720.4451,160.29638999999997,230.90558,0.6182928085327148,-1,-1,-1
143,9,1061.6866,134.35738,312.60082999999986,192.92440000000002,0.8797082901000977,-1,-1,-1
143,10,231.06891,314.95496,299.64020000000005,182.59235,0.8673183917999268,-1,-1,-1
143,12,1752.5701,717.16254,167.42993,225.74425999999994,0.6736537218093872,-1,-1,-1
144,9,1088.4619,126.900635,302.2027599999999,183.88562,0.8893582224845886,-1,-1,-1
144,10,250.2398,304.293,304.10724,181.55764999999997,0.8676216006278992,-1,-1,-1
144,12,1727.1003,702.81354,192.89966000000004,227.73608000000002,0.7670935392379761,-1,-1,-1
145,9,1131.198,115.1465,274.22704999999996,182.95375,0.8653243184089661,-1,-1,-1
145,10,287.9446,292.97495,309.42,177.86089999999996,0.8516781330108643,-1,-1,-1
145,11,1102.1171,0.0,123.79369999999994,88.3161,0.6991291046142578,-1,-1,-1
145,12,1704.6393,700.4191,215.3607199999999,218.72515999999996,0.8457044363021851,-1,-1,-1
146,9,1151.6252,108.74599,269.68190000000004,178.77089,0.8669331073760986,-1,-1,-1
146,10,315.9978,281.926,300.91754000000003,175.5448,0.8631477952003479,-1,-1,-1
146,11,1098.6582,0.0,126.10827999999992,91.25142,0.7307196259498596,-1,-1,-1
146,12,1693.0828,696.10815,226.91724,218.42596000000003,0.8668383359909058,-1,-1,-1
147,9,1182.8308,102.63344,248.36426000000006,171.62385999999998,0.8740654587745667,-1,-1,-1
147,10,347.23904,267.14938,313.38589999999994,175.98367000000002,0.8684564828872681,-1,-1,-1
147,11,1092.192,0.0,131.09570000000008,96.41088,0.7484966516494751,-1,-1,-1
147,12,1675.0973,690.2644,244.90271000000007,218.55988000000002,0.8580141663551331,-1,-1,-1
148,9,1209.921,96.09507,229.71996999999988,164.62417999999997,0.8560293912887573,-1,-1,-1
148,10,381.86816,255.11842,315.33777,176.36342,0.8557663559913635,-1,-1,-1
148,11,1086.9884,0.07967233,135.88660000000004,97.95223,0.7656833529472351,-1,-1,-1
148,12,1649.3181,682.581,265.64014,217.59198000000004,0.8589585423469543,-1,-1,-1
149,9,1223.6979,91.0707,230.51281999999992,159.95676000000003,0.85845547914505,-1,-1,-1
149,10,418.16193,243.60458,311.17334000000005,170.40082,0.8416508436203003,-1,-1,-1
149,11,1078.6815,0.0,140.11925999999994,103.369995,0.8219345211982727,-1,-1,-1
149,12,1636.2144,677.51697,277.87903000000006,219.36401,0.8549937009811401,-1,-1,-1
150,9,1250.4148,83.4875,211.77844000000005,157.82777,0.8629724383354187,-1,-1,-1
150,10,458.00998,230.33575,325.04654,172.81078999999997,0.8399407863616943,-1,-1,-1
150,11,1073.8942,0.0,142.9552000000001,103.85741,0.7684760689735413,-1,-1,-1
150,12,1624.4666,665.59625,275.61804000000006,228.90057000000002,0.8516361713409424,-1,-1,-1
151,9,1273.6714,78.47611,195.53674,150.78577,0.8643344044685364,-1,-1,-1
151,10,492.3724,216.32144,329.15036000000003,169.909,0.8509376645088196,-1,-1,-1
151,11,1070.7219,0.0,142.90465999999992,105.32317,0.8029572367668152,-1,-1,-1
151,12,1590.8495,656.16516,291.30383000000006,228.74834999999996,0.8706038594245911,-1,-1,-1
152,9,1291.5734,73.69594,182.02222000000006,147.15333999999996,0.8634260296821594,-1,-1,-1
152,10,532.44226,207.68611,319.86834999999996,166.46935,0.8637951016426086,-1,-1,-1
152,11,1066.4479,0.0,148.37671,108.16651,0.8353713154792786,-1,-1,-1
152,12,1568.7642,648.01764,291.4239499999999,225.90819999999997,0.8729142546653748,-1,-1,-1
153,9,1308.1155,66.89612,170.96594000000005,143.27307,0.871303915977478,-1,-1,-1
153,10,567.8008,197.55133,329.52837999999997,161.69797,0.8453595042228699,-1,-1,-1
153,11,1058.4333,0.0,150.12951999999996,108.707466,0.8187857270240784,-1,-1,-1
153,12,1549.164,635.8989,288.22606999999994,224.99663999999996,0.8657705187797546,-1,-1,-1
154,9,1320.2007,62.822895,162.4277300000001,139.12516999999997,0.8629706501960754,-1,-1,-1
154,10,610.67346,185.73514,316.21686,161.20679,0.8506373763084412,-1,-1,-1
154,11,1052.2798,0.0,154.37853999999993,108.53789,0.8080411553382874,-1,-1,-1
154,12,1513.6334,634.6792,309.69640000000004,220.83069,0.888077974319458,-1,-1,-1
155,9,1331.7074,56.53901,154.75854000000004,136.75757,0.877508282661438,-1,-1,-1
155,10,646.6409,176.23105,327.6958000000001,160.23169,0.8398032188415527,-1,-1,-1
155,11,1051.8887,0.2677488,155.59338000000002,108.31473,0.8076338768005371,-1,-1,-1
155,12,1474.8159,625.8747,324.54296999999997,214.18957999999998,0.8666727542877197,-1,-1,-1
155,13,0.0,604.02026,156.2481,161.59662000000003,0.6953030824661255,-1,-1,-1
156,9,1343.7504,52.84492,143.25928,127.46796,0.8727108240127563,-1,-1,-1
156,10,688.52014,165.51897,323.6907299999999,156.40434000000002,0.8426493406295776,-1,-1,-1
156,11,1045.8042,0.16007422,153.41919000000007,108.45508,0.8274900317192078,-1,-1,-1
156,12,1437.8807,612.77625,338.5326,216.12371999999993,0.8575955629348755,-1,-1,-1
156,13,0.02889633,594.231,165.57166,168.9873,0.6262070536613464,-1,-1,-1
157,9,1354.2345,50.442463,134.16039999999998,121.29023999999998,0.8748565316200256,-1,-1,-1
157,10,727.9089,157.21014,302.8011,155.76422,0.848831832408905,-1,-1,-1
157,11,1042.7141,0.09570836,154.82629999999995,109.30598,0.7662280797958374,-1,-1,-1
157,12,1399.4054,590.9682,341.5997299999999,223.74548000000004,0.8515520691871643,-1,-1,-1
157,13,0.06148338,590.29834,172.25987,169.95618000000002,0.7102352380752563,-1,-1,-1
158,9,1360.2465,46.11514,126.30347000000006,119.69353999999998,0.8539510369300842,-1,-1,-1
158,10,770.1244,149.99438,304.19359999999995,151.29254,0.8414685130119324,-1,-1,-1
158,11,1040.7661,0.048766132,157.08214999999996,110.88762,0.7895230054855347,-1,-1,-1
158,12,1344.0303,568.7995,364.98865,234.98699999999997,0.861496090888977,-1,-1,-1
158,13,0.06556033,590.6472,175.65117,168.92156999999997,0.7397987842559814,-1,-1,-1
159,9,1367.3917,41.194126,122.43713000000002,115.29893500000001,0.8531967997550964,-1,-1,-1
159,10,801.7182,145.17668,298.05817,144.30916,0.8351922035217285,-1,-1,-1
159,11,1036.4318,0.2367854,159.92297000000008,112.02581,0.8118500113487244,-1,-1,-1
159,12,1331.6433,550.2295,342.41052000000013,239.39917000000003,0.8800144791603088,-1,-1,-1
159,13,0.0,586.6128,196.82011,167.7138,0.8204621076583862,-1,-1,-1
160,9,1370.5388,37.60607,121.01623500000005,112.70895,0.8544250130653381,-1,-1,-1
160,10,841.3856,133.1653,294.71400000000006,144.85370999999998,0.8495315313339233,-1,-1,-1
160,11,1031.0941,0.054788586,164.32654000000002,112.57194,0.793535053730011,-1,-1,-1
160,12,1297.6251,537.3628,341.2102,235.55829000000006,0.863048791885376,-1,-1,-1
160,13,0.0,581.02875,205.49265,171.83832000000007,0.8500140309333801,-1,-1,-1
161,9,1374.5968,30.979195,121.36547999999993,113.82675999999998,0.868135929107666,-1,-1,-1
161,10,881.1695,122.16407,274.54399999999987,141.35349000000002,0.8572838306427002,-1,-1,-1
161,11,1025.8999,0.60441965,170.26709000000005,112.49111,0.7724385261535645,-1,-1,-1
161,12,1247.8092,520.6347,347.76171999999997,235.07903999999996,0.850472629070282,-1,-1,-1
161,13,0.0,578.8995,207.66167,173.45336999999995,0.8502552509307861,-1,-1,-1
162,9,1380.0767,25.71326,116.58923000000004,112.01047,0.8546251058578491,-1,-1,-1
162,10,922.784,117.0677,262.4191299999999,135.60507,0.8325386047363281,-1,-1,-1
162,11,1020.22815,1.1352466,171.40771000000007,112.084145,0.7600145936012268,-1,-1,-1
162,12,1173.2308,492.97803,379.77721999999994,243.08362,0.8492072820663452,-1,-1,-1
162,13,0.2654743,576.62805,210.61276,175.36487,0.8595186471939087,-1,-1,-1
163,9,1379.6234,22.479488,114.59008999999992,106.78143,0.8564469814300537,-1,-1,-1
163,10,959.83905,109.87505,248.5284999999999,134.15106000000003,0.8573201298713684,-1,-1,-1
163,11,1016.2433,0.0,174.54259999999988,115.443504,0.7583914399147034,-1,-1,-1
163,12,1130.7987,478.76813,371.98145,230.34972999999997,0.8523673415184021,-1,-1,-1
163,13,0.7785129,573.00885,217.99522,177.80364999999995,0.869988739490509,-1,-1,-1
164,9,1383.3706,18.99453,112.87951999999996,103.69796,0.8590805530548096,-1,-1,-1
164,10,989.6735,102.01006,242.75762999999995,132.17019999999997,0.8408463597297668,-1,-1,-1
164,11,1016.6141,0.82141393,170.7536,115.75959,0.7166483402252197,-1,-1,-1
164,12,1080.747,464.2363,379.28649999999993,231.06479000000002,0.8514848947525024,-1,-1,-1
164,13,0.6101846,572.2191,222.06702,181.34191999999996,0.8689616322517395,-1,-1,-1
165,9,1388.0181,16.1882,109.60375999999997,99.78476,0.8520325422286987,-1,-1,-1
165,10,1023.73596,96.15594,233.00353999999993,129.05508000000003,0.8290867209434509,-1,-1,-1
165,11,1015.2773,0.19971369,175.39995999999996,117.40819,0.6296060681343079,-1,-1,-1
165,12,1020.70624,446.19797,403.82123,226.13052,0.8695115447044373,-1,-1,-1
165,13,0.09836196,570.5686,229.36432,183.63422000000003,0.8786348700523376,-1,-1,-1
166,9,1388.8553,10.176608,109.72362999999996,99.40763,0.8282591700553894,-1,-1,-1
166,10,1052.6599,89.27424,222.04968000000008,125.78864,0.8414392471313477,-1,-1,-1
166,12,973.0844,428.16028,407.0731800000001,225.54541,0.8565562963485718,-1,-1,-1
166,13,0.7478141,567.5304,239.30226,185.85810000000004,0.8754631876945496,-1,-1,-1
167,9,1390.0835,6.395573,106.06750499999998,98.388466,0.7443689703941345,-1,-1,-1
167,10,1081.3053,85.68722,209.5224599999999,125.27574999999999,0.862561821937561,-1,-1,-1
167,11,1010.2933,0.0,175.59307999999987,117.00706,0.6243400573730469,-1,-1,-1
167,12,922.3799,413.03085,406.2677,224.77639999999997,0.8621384501457214,-1,-1,-1
167,13,2.3832605,566.30975,241.51147,183.61932000000002,0.8738998770713806,-1,-1,-1
168,9,1386.7983,2.7300665,110.00342,96.62379,0.6374009251594543,-1,-1,-1
168,10,1106.3536,80.34654,205.8644999999999,121.31943000000001,0.8632128238677979,-1,-1,-1
168,11,1008.6346,2.359074,171.11199999999997,117.43751,0.6363062262535095,-1,-1,-1
168,12,880.77936,397.0889,394.06537000000003,222.86953999999997,0.858683705329895,-1,-1,-1
168,13,2.6811216,566.4028,246.65369,185.3089,0.8719478249549866,-1,-1,-1
169,10,1124.237,74.139984,200.36914000000002,119.62636999999998,0.8496295809745789,-1,-1,-1
169,11,999.8679,3.8760564,181.64453000000003,116.81493,0.6775916218757629,-1,-1,-1
169,12,830.63983,384.03882,396.2477399999999,218.06621999999993,0.8668549060821533,-1,-1,-1
169,13,2.6893613,567.1024,243.17068,182.93018000000006,0.8700535297393799,-1,-1,-1
170,10,1149.1525,71.24896,191.95630000000006,115.72377000000002,0.8589940667152405,-1,-1,-1
170,11,992.8722,3.067356,192.61597000000006,119.87068,0.7049757838249207,-1,-1,-1
170,12,788.6275,370.5976,393.92157,212.96770999999995,0.8515864014625549,-1,-1,-1
170,13,3.0079935,567.5311,245.04114,183.18304,0.8714696168899536,-1,-1,-1
171,10,1176.1069,64.979065,174.99804999999992,115.74797,0.8712835907936096,-1,-1,-1
171,11,986.0183,2.861838,194.93909000000008,120.16078,0.6970340013504028,-1,-1,-1
171,12,735.02924,358.62177,397.77740000000006,208.44440000000003,0.8547866940498352,-1,-1,-1
171,13,3.4656713,566.00757,244.62169,185.87701000000004,0.8749920129776001,-1,-1,-1
172,10,1194.0254,61.4351,168.22864000000004,112.85061999999999,0.8759037256240845,-1,-1,-1
172,11,980.98334,4.392442,191.87761999999998,120.27774,0.6927199363708496,-1,-1,-1
172,12,690.7349,345.75867,380.8170799999999,202.14203000000003,0.8577514290809631,-1,-1,-1
172,13,4.875898,566.0181,245.55345,184.20349,0.8736109733581543,-1,-1,-1
173,10,1211.7352,56.3997,164.85973999999987,112.34325000000001,0.8662771582603455,-1,-1,-1
173,11,979.36896,4.9751325,181.59760000000006,120.52927,0.6430606842041016,-1,-1,-1
173,12,652.1848,330.72455,364.78882,197.56555000000003,0.8513250350952148,-1,-1,-1
173,13,3.2893465,564.6632,250.37285,188.30219,0.8756048679351807,-1,-1,-1
174,10,1231.394,53.493378,149.74938999999995,108.93066399999998,0.8551526665687561,-1,-1,-1
174,11,973.26843,7.9083676,184.90356000000008,117.92759,0.6636908650398254,-1,-1,-1
174,12,610.07465,323.26834,358.51886,192.60165,0.8540690541267395,-1,-1,-1
174,13,3.406162,564.9197,251.2699,188.24865999999997,0.8740485906600952,-1,-1,-1
175,10,1244.8114,46.787605,146.30431999999996,108.917244,0.8697327375411987,-1,-1,-1
175,12,569.93414,316.1838,346.98407,182.46704,0.8607401251792908,-1,-1,-1
175,13,3.651037,565.1463,251.37862,187.82385,0.8739005327224731,-1,-1,-1
176,10,1256.7079,48.039776,136.7107000000001,101.8111,0.876392662525177,-1,-1,-1
176,11,953.14746,9.946088,201.62560999999994,116.99546,0.7369809150695801,-1,-1,-1
176,12,528.5003,310.80908,334.49237000000005,174.32178,0.8551470041275024,-1,-1,-1
176,13,4.757194,563.0471,254.32191000000003,188.60571000000004,0.8693788051605225,-1,-1,-1
177,10,1273.3242,42.40435,125.15588000000002,98.95411000000001,0.8674985766410828,-1,-1,-1
177,11,945.59894,7.9338164,200.33539000000007,121.82195,0.8079556822776794,-1,-1,-1
177,12,502.58432,307.47498,311.27242999999993,165.27454,0.8464463949203491,-1,-1,-1
177,13,4.85424,561.99243,255.30012999999997,190.01355,0.8700363039970398,-1,-1,-1
178,10,1280.9999,37.876335,124.75841999999989,97.83907,0.8606541156768799,-1,-1,-1
178,11,934.2222,10.175642,205.1172499999999,120.59938000000001,0.8285988569259644,-1,-1,-1
178,12,463.1755,299.912,302.093,161.69765999999998,0.8624361157417297,-1,-1,-1
178,13,4.945907,561.61646,255.17009,190.4226,0.867402970790863,-1,-1,-1
179,10,1291.0315,35.39078,118.72827000000007,92.49643,0.8688045740127563,-1,-1,-1
179,11,923.9199,13.711226,209.66394000000003,119.09920000000001,0.8315211534500122,-1,-1,-1
179,12,427.68005,298.4916,289.7838,156.55319000000003,0.8601950407028198,-1,-1,-1
179,13,4.8579593,561.7044,255.03242,190.39959999999996,0.8680689930915833,-1,-1,-1
180,10,1298.4109,27.994436,112.20495600000004,95.46173999999999,0.8643299341201782,-1,-1,-1
180,11,910.2718,13.028039,216.53936999999996,121.70247999999998,0.8392750024795532,-1,-1,-1
180,12,398.16568,295.83627,278.67435000000006,155.00931000000003,0.8382527232170105,-1,-1,-1
180,13,4.955148,561.3784,255.2151,190.46540000000005,0.8659475445747375,-1,-1,-1
181,10,1306.3522,26.380507,107.40686000000005,91.91152,0.8471807837486267,-1,-1,-1
181,11,899.4822,19.120525,214.77404999999987,117.19960000000002,0.8162056803703308,-1,-1,-1
181,12,361.77884,294.2221,277.01680000000005,152.21402,0.8616746068000793,-1,-1,-1
181,13,9.492358,565.064,251.76692,184.21436000000006,0.8597224950790405,-1,-1,-1
182,10,1310.3726,21.165846,104.7567140000001,91.95871,0.8460586667060852,-1,-1,-1
182,11,884.429,18.55293,218.00372000000004,122.06096,0.8417381048202515,-1,-1,-1
182,12,334.64987,295.3947,250.86429000000004,147.42437999999999,0.8411504030227661,-1,-1,-1
182,13,9.238357,565.2433,251.84749,184.46618999999998,0.8616341948509216,-1,-1,-1
183,10,1314.2058,17.615953,102.27379999999994,89.423584,0.827490508556366,-1,-1,-1
183,11,871.0774,20.2896,225.14575000000002,123.29354999999998,0.8411248326301575,-1,-1,-1
183,12,307.3254,297.0137,240.53537,144.17267000000004,0.8456909656524658,-1,-1,-1
183,13,9.823522,565.4616,251.61472,184.13940000000002,0.8592606782913208,-1,-1,-1
184,10,1319.6975,14.113218,99.57617000000005,86.96733,0.8539798259735107,-1,-1,-1
184,11,860.5461,20.0055,230.87700999999993,124.38726000000001,0.8434862494468689,-1,-1,-1
184,12,281.4761,300.32642,219.45190000000002,138.92703,0.8463449478149414,-1,-1,-1
184,13,12.815408,565.00494,250.68349,182.90179999999998,0.8574241995811462,-1,-1,-1
185,10,1323.091,8.895649,100.89758000000006,85.91829,0.8485351204872131,-1,-1,-1
185,11,846.8439,19.482721,232.85399999999993,130.12611,0.859646737575531,-1,-1,-1
185,12,252.00935,304.45703,208.74144000000004,134.80045,0.8587576746940613,-1,-1,-1
185,13,13.115186,565.28314,249.56737000000004,183.05169999999998,0.85758376121521,-1,-1,-1
186,10,1323.9907,4.501805,100.33032000000003,85.68488,0.8320331573486328,-1,-1,-1
186,11,832.25195,21.850203,241.0079300000001,131.71527,0.8575236201286316,-1,-1,-1
186,12,222.72273,310.1338,203.20357,132.54865,0.8559120893478394,-1,-1,-1
186,13,13.585452,565.12946,250.08365,183.00580000000002,0.8564491868019104,-1,-1,-1
187,10,1328.6074,2.4372766,95.82531999999992,83.168015,0.7862246036529541,-1,-1,-1
187,11,808.6428,24.891485,251.6878700000001,131.517,0.8529167175292969,-1,-1,-1
187,12,198.99011,314.28568,191.35196,129.29666000000003,0.8475350737571716,-1,-1,-1
187,13,13.994521,564.84955,249.81874000000002,182.82086000000004,0.8572388291358948,-1,-1,-1
187,14,1130.7234,0.0,107.42883000000006,67.67334,0.726902425289154,-1,-1,-1
188,10,1331.5975,1.3940762,91.64111000000003,78.29122,0.674089252948761,-1,-1,-1
188,11,795.59564,30.387753,251.03473000000008,130.95378,0.8450844287872314,-1,-1,-1
188,12,180.16519,321.78128,177.26208000000003,128.13428,0.8286264538764954,-1,-1,-1
188,13,13.385066,565.15564,249.89401000000004,182.87415,0.8526032567024231,-1,-1,-1
188,14,1129.1116,0.0,106.91527999999994,70.28682,0.718202531337738,-1,-1,-1
189,10,1330.5629,0.15478133,90.38598999999999,74.409645,0.6009475588798523,-1,-1,-1
189,11,775.40845,35.33689,251.68762000000004,130.38235000000003,0.8443440794944763,-1,-1,-1
189,12,143.91666,330.99808,180.44107,130.28635000000003,0.8153037428855896,-1,-1,-1
189,13,13.359403,564.8089,251.80197000000004,183.09484999999995,0.8502200841903687,-1,-1,-1
189,14,1125.0676,0.0,109.3112799999999,73.17798,0.6695461273193359,-1,-1,-1
190,11,752.71014,34.840675,263.45398,132.08429,0.8432145118713379,-1,-1,-1
190,12,122.789345,337.2302,171.49481,128.93262,0.8361449837684631,-1,-1,-1
190,13,12.804421,564.99927,252.52364,183.14843999999994,0.8490675091743469,-1,-1,-1
190,14,1120.9714,0.0,111.3627899999999,75.510544,0.6606159806251526,-1,-1,-1
191,11,733.66754,34.633137,266.82550000000003,142.06183,0.8770089149475098,-1,-1,-1
191,12,98.56332,342.30862,164.56540000000004,127.731964,0.8100229501724243,-1,-1,-1
191,13,11.824435,565.7351,250.29239,182.95001000000002,0.844070553779602,-1,-1,-1
191,14,1118.7251,0.0,112.97925000000009,76.17471,0.6937152147293091,-1,-1,-1
192,11,705.7182,44.09042,276.20038,135.7892,0.861002504825592,-1,-1,-1
192,12,69.96554,353.10733,166.81052,127.87643400000002,0.8046920299530029,-1,-1,-1
192,13,11.115731,564.9017,249.62979999999996,184.06299,0.8446900248527527,-1,-1,-1
192,14,1113.1626,0.0,117.13806,79.01309,0.6578739881515503,-1,-1,-1
193,11,690.19086,49.754387,269.53509999999994,132.33936,0.8666780591011047,-1,-1,-1
193,12,50.06703,363.92844,155.49013000000002,123.44912999999997,0.7951549291610718,-1,-1,-1
193,13,7.056112,565.4824,249.72356,183.72986000000003,0.847061038017273,-1,-1,-1
194,11,678.15076,51.75317,259.09973,134.83116,0.8362953066825867,-1,-1,-1
194,12,35.973614,377.4905,145.04254,109.36831999999998,0.7309141159057617,-1,-1,-1
194,13,5.612268,565.9102,248.8264,183.96911999999998,0.8480996489524841,-1,-1,-1
194,14,1109.8601,0.021042822,114.77416999999991,83.29043,0.7036735415458679,-1,-1,-1
195,11,648.0426,57.49352,268.20483,139.73135,0.8504033088684082,-1,-1,-1
195,13,4.528026,565.9207,248.59381,184.58812999999998,0.85079026222229,-1,-1,-1
195,14,1107.1423,0.13461111,112.15991000000008,86.3714,0.7281948328018188,-1,-1,-1
196,11,620.5751,63.79042,274.6765700000001,141.24406,0.8326229453086853,-1,-1,-1
196,13,6.5573783,565.6536,249.74785999999997,184.0575,0.851022481918335,-1,-1,-1
196,14,1102.271,0.11745929,116.14245600000004,87.88151,0.7553914189338684,-1,-1,-1
197,11,593.87177,68.03007,273.12445,142.50742,0.8479408025741577,-1,-1,-1
197,13,6.3011165,564.90894,251.48004,184.60393999999997,0.8500560522079468,-1,-1,-1
197,14,1099.5833,0.052320953,117.28820999999994,88.32189,0.7764933109283447,-1,-1,-1
198,11,569.6357,69.85154,275.2517,148.2995,0.8306776881217957,-1,-1,-1
198,13,3.9096735,564.47876,249.68848,186.43182000000002,0.8423932194709778,-1,-1,-1
198,14,1093.151,0.064165585,120.99560500000007,90.46371,0.8024604916572571,-1,-1,-1
199,11,544.56384,77.78818,280.1730299999999,146.62266999999997,0.85030597448349,-1,-1,-1
199,13,5.019922,565.362,246.9448,185.07659999999998,0.8492116928100586,-1,-1,-1
199,14,1088.2806,0.0,120.47790499999996,92.63574,0.8052532076835632,-1,-1,-1
200,11,523.52673,83.77933,274.206,145.74910999999997,0.8279087543487549,-1,-1,-1
200,13,5.1538463,566.6283,247.43494,183.19152999999994,0.8521376848220825,-1,-1,-1
200,14,1082.8397,0.062370297,134.84338000000002,97.058685,0.8115297555923462,-1,-1,-1
201,11,491.23853,86.01745,277.5121,161.07632,0.8605031371116638,-1,-1,-1
201,13,4.816932,568.2536,247.07759,183.94226000000003,0.8527218103408813,-1,-1,-1
201,14,1080.2836,0.11044978,134.31653000000006,96.48392,0.7796855568885803,-1,-1,-1
202,11,471.30484,89.99299,270.2389800000001,161.01227,0.8545358777046204,-1,-1,-1
202,13,5.541515,564.7446,249.80734,189.39166,0.8499748110771179,-1,-1,-1
202,14,1077.3536,0.049581524,136.57848999999987,100.40911,0.8413988947868347,-1,-1,-1
202,15,0.0,396.84186,253.43431,183.27959999999996,0.6309419274330139,-1,-1,-1
203,11,438.38162,94.70757,272.74973,169.49982000000003,0.8383617997169495,-1,-1,-1
203,13,7.7090545,563.86,252.18486,189.66998,0.8549320101737976,-1,-1,-1
203,14,1076.1879,0.0,131.95361000000003,102.19707,0.8249823451042175,-1,-1,-1
203,15,4.607105,403.23083,264.28824,166.11589999999995,0.7403084635734558,-1,-1,-1
204,11,421.9329,98.90619,258.4584,175.42355000000003,0.849852979183197,-1,-1,-1
204,13,6.7499537,561.40497,256.22495,192.32483000000002,0.8603568077087402,-1,-1,-1
204,14,1073.0339,0.0,136.69873000000007,105.713196,0.8312829732894897,-1,-1,-1
204,15,11.097821,369.0576,290.74277,199.69710999999995,0.8044992089271545,-1,-1,-1
205,11,385.69907,103.75708,265.05283,178.65793,0.8377325534820557,-1,-1,-1
205,13,3.0464456,564.45105,256.00775,190.18408,0.8669002652168274,-1,-1,-1
205,14,1068.8021,0.0,138.56920999999988,107.69269,0.8103106617927551,-1,-1,-1
205,15,23.192566,359.2833,299.90564,207.39078,0.8636758327484131,-1,-1,-1
206,11,363.1662,112.71148,256.43488,179.83484000000004,0.8439671993255615,-1,-1,-1
206,13,4.140615,562.29663,256.6254,191.69495000000006,0.8674486875534058,-1,-1,-1
206,14,1066.2068,0.0,142.79944,107.28006,0.8164641261100769,-1,-1,-1
206,15,41.825207,345.18503,317.1325,214.96065999999996,0.8769715428352356,-1,-1,-1
207,11,328.97543,122.1473,261.71505999999994,185.79367,0.8266140818595886,-1,-1,-1
207,13,10.567302,561.00134,256.31393,191.70648000000006,0.8945658802986145,-1,-1,-1
207,14,1063.5831,0.035262104,143.33679000000006,107.19172,0.811667263507843,-1,-1,-1
207,15,60.857388,330.94373,326.15536,221.75385,0.8843892216682434,-1,-1,-1
208,11,307.86734,128.48839,262.389,184.21630000000002,0.8227657079696655,-1,-1,-1
208,13,6.853666,559.41,261.31146,193.89423,0.878048837184906,-1,-1,-1
208,14,1060.023,0.0,145.4076,110.08324,0.8031291961669922,-1,-1,-1
208,15,76.40928,316.64105,345.0547,229.18298,0.873938798904419,-1,-1,-1
209,11,287.76257,135.59134,251.91729999999995,181.36496,0.7700759768486023,-1,-1,-1
209,13,6.033153,562.5208,266.0015,190.66858000000002,0.8751855492591858,-1,-1,-1
209,14,1056.2825,0.06465911,148.78417999999988,109.53576,0.8065367341041565,-1,-1,-1
209,15,107.74509,308.97827,348.0267,219.67310000000003,0.8817830681800842,-1,-1,-1
