34,0,848.54236,49.10525,296.28370000000007,127.50633,0.6810990571975708,-1,-1,-1
37,0,858.4263,48.21716,252.60230000000013,128.43126,0.8364428877830505,-1,-1,-1
38,0,849.1351,48.39875,237.32781999999997,128.23007,0.8416175246238708,-1,-1,-1
39,0,837.6504,45.63001,229.15807999999993,130.57211,0.8267612457275391,-1,-1,-1
40,0,826.61255,51.170795,228.28099999999995,125.53117,0.8635365962982178,-1,-1,-1
41,0,815.59705,53.966187,222.85522000000003,124.11034000000001,0.8442661166191101,-1,-1,-1
42,0,809.3551,52.124546,211.27710000000002,126.09169,0.837643027305603,-1,-1,-1
43,0,803.5434,52.753513,207.23559999999998,126.32684,0.8661326169967651,-1,-1,-1
44,0,789.36,56.403835,202.55469000000005,123.026,0.8603139519691467,-1,-1,-1
45,0,778.05115,58.938816,200.19499999999994,122.81009,0.827145516872406,-1,-1,-1
46,0,775.1487,59.349514,194.91107,123.09976,0.8582929968833923,-1,-1,-1
47,0,769.65436,59.098225,188.46838000000002,123.32634,0.8729885220527649,-1,-1,-1
48,0,763.1558,59.510017,187.82317999999998,123.031136,0.874539315700531,-1,-1,-1
49,0,755.5485,59.846153,189.79998999999998,122.488625,0.8757272362709045,-1,-1,-1
50,0,747.1661,59.0645,187.56048999999996,124.77860999999999,0.8699752688407898,-1,-1,-1
51,0,742.9391,59.533356,183.63549999999998,123.94495,0.881044864654541,-1,-1,-1
52,0,737.3418,59.94432,184.64368000000002,124.55577,0.875375509262085,-1,-1,-1
53,0,731.1142,58.650436,184.73784999999998,127.47179000000001,0.8674312829971313,-1,-1,-1
54,0,725.15094,59.6343,182.11145,126.83303000000001,0.8624230623245239,-1,-1,-1
55,0,715.1214,59.21212,186.14935000000003,129.20935,0.8678697943687439,-1,-1,-1
56,0,713.3704,58.51587,184.16881999999998,128.60643,0.8770068287849426,-1,-1,-1
57,0,705.92554,59.23509,187.07677999999999,128.37176999999997,0.8740984201431274,-1,-1,-1
58,0,701.1848,58.730194,188.24938999999995,129.26158000000004,0.8800184726715088,-1,-1,-1
59,0,696.0126,58.590286,188.10608000000002,130.15968,0.874687135219574,-1,-1,-1
60,0,690.60376,59.348743,187.5462,129.55039999999997,0.8684725165367126,-1,-1,-1
61,0,685.0747,59.161674,186.72479999999996,130.28027,0.8703880906105042,-1,-1,-1
61,1,1436.6239,337.12405,483.37609999999995,523.53186,0.7111893892288208,-1,-1,-1
62,0,681.1015,60.85067,183.36627,128.19458,0.8751429915428162,-1,-1,-1
62,1,1401.7524,330.25632,518.24756,502.30760000000004,0.7158985733985901,-1,-1,-1
63,0,672.97504,61.44816,184.29224,129.7189,0.8762972950935364,-1,-1,-1
63,1,1358.2406,321.10437,560.4501,481.77520000000004,0.863241970539093,-1,-1,-1
64,0,664.34424,61.732887,184.88018999999997,131.26465,0.8668054938316345,-1,-1,-1
64,1,1331.4259,304.95166,582.5171,472.2951,0.83250492811203,-1,-1,-1
65,0,664.1817,62.383194,183.01720999999998,131.20302,0.876314640045166,-1,-1,-1
65,1,1311.7128,296.96875,557.1256000000001,447.7517,0.8375130891799927,-1,-1,-1
66,0,655.9601,61.95719,182.51642000000004,133.24191,0.8721940517425537,-1,-1,-1
66,1,1273.2096,289.34943,553.2279999999998,431.54602,0.8473818302154541,-1,-1,-1
67,0,652.14154,61.825127,179.83678999999995,133.5412,0.8770245313644409,-1,-1,-1
67,1,1238.4744,283.76303,548.8858599999999,415.38521999999995,0.8529377579689026,-1,-1,-1
68,0,648.91327,62.24542,178.85559,131.96095,0.8706210851669312,-1,-1,-1
68,1,1223.7316,270.43353,520.3568,403.72028,0.8810317516326904,-1,-1,-1
69,0,643.82306,61.837173,179.98486000000003,133.80557,0.8760995864868164,-1,-1,-1
69,1,1199.2462,256.3802,496.4578999999999,394.97406000000007,0.8828933238983154,-1,-1,-1
70,0,640.2619,62.00392,181.93102999999996,133.94598,0.8739976286888123,-1,-1,-1
70,1,1182.8914,249.19525,484.9218799999999,381.67352000000005,0.8905085325241089,-1,-1,-1
71,0,637.51447,62.54429,179.77539000000002,133.91052,0.8691394329071045,-1,-1,-1
71,1,1164.4315,236.61328,472.40173000000004,372.85393999999997,0.8691616654396057,-1,-1,-1
72,0,630.1034,62.839188,180.72626000000002,134.7005,0.8730791211128235,-1,-1,-1
72,1,1137.9412,230.10565,459.5777599999999,361.32336,0.8948342800140381,-1,-1,-1
73,0,624.9755,63.44381,181.52264000000002,135.91354,0.8795465230941772,-1,-1,-1
73,1,1115.5208,224.09625,443.2023999999999,347.1098,0.8808006644248962,-1,-1,-1
74,0,621.6983,63.48389,181.01782000000003,136.38985,0.8830485343933105,-1,-1,-1
74,1,1093.4031,214.03816,441.8913600000001,346.8214,0.8979265689849854,-1,-1,-1
75,0,617.013,63.968384,180.91985999999997,137.56214999999997,0.8780514001846313,-1,-1,-1
75,1,1071.8975,203.64943,435.14282000000003,339.5429,0.8878389596939087,-1,-1,-1
76,0,611.3424,63.979523,183.16656,138.56488,0.8659963607788086,-1,-1,-1
76,1,1057.9463,193.51128,421.23242000000005,332.42206000000004,0.8926060199737549,-1,-1,-1
77,0,607.7681,64.59425,182.11406999999997,140.1551,0.8801773190498352,-1,-1,-1
77,1,1038.0342,184.4895,414.74585,322.92056,0.8938776254653931,-1,-1,-1
78,0,602.6363,65.11542,182.55695000000003,141.00116,0.8807780742645264,-1,-1,-1
78,1,1024.6439,172.32196,410.9042999999999,324.1872,0.8974857330322266,-1,-1,-1
79,0,597.32104,64.95863,185.39227000000005,141.96495,0.8831393122673035,-1,-1,-1
79,1,1010.13446,165.45673,396.2370000000001,316.4569,0.8838027119636536,-1,-1,-1
80,0,592.1923,65.40387,183.58875,143.23338,0.8852658271789551,-1,-1,-1
80,1,991.9541,162.59195,386.85107000000005,304.57184,0.898654580116272,-1,-1,-1
81,0,587.3247,65.40593,184.82025,145.06522999999999,0.8883920311927795,-1,-1,-1
81,1,984.7249,156.13562,373.31219999999996,300.96466,0.9222586154937744,-1,-1,-1
82,0,581.63245,66.28877,188.47626000000002,144.59381,0.891207754611969,-1,-1,-1
82,1,970.8004,149.82819,366.12988000000007,295.55734,0.89557945728302,-1,-1,-1
83,0,578.6478,69.00099,189.72699,144.15993,0.8939131498336792,-1,-1,-1
83,1,959.0069,144.55878,352.8473499999999,291.71222,0.9040048122406006,-1,-1,-1
84,0,574.87445,68.48061,190.78936999999996,143.93948,0.9006348252296448,-1,-1,-1
84,1,946.0725,138.21725,352.0802000000001,285.0475,0.8902563452720642,-1,-1,-1
85,0,570.8515,70.04488,189.60321,145.76291,0.8904843926429749,-1,-1,-1
85,1,934.7611,129.86623,346.28589999999997,283.49316,0.8870288729667664,-1,-1,-1
86,0,566.3642,70.185295,188.77508999999998,145.08432,0.8975242376327515,-1,-1,-1
86,1,923.19025,122.14828,340.21295,279.2749,0.8909002542495728,-1,-1,-1
87,0,561.40204,70.918144,192.25635,146.76538,0.9048706889152527,-1,-1,-1
87,1,911.90594,121.3342,333.2725200000001,272.89825,0.9014012813568115,-1,-1,-1
88,0,559.1297,72.60763,190.04192999999998,147.5184,0.8951942920684814,-1,-1,-1
88,1,899.9556,115.31564,335.74479999999994,273.58844,0.9104380011558533,-1,-1,-1
89,0,557.1392,73.227234,189.63176999999996,150.15337,0.9022972583770752,-1,-1,-1
89,1,890.5929,114.62902,329.07921999999996,264.44766000000004,0.9082934856414795,-1,-1,-1
90,0,554.8622,76.59493,188.31774999999993,149.60278,0.9000541567802429,-1,-1,-1
90,1,883.6737,111.49561,322.92640000000006,262.41083,0.8937090635299683,-1,-1,-1
91,0,553.47003,78.12772,186.33447,150.26999,0.90456622838974,-1,-1,-1
91,1,868.42206,104.64176,325.33942000000013,258.3570000000001,0.9016646146774292,-1,-1,-1
92,0,549.4597,79.41463,188.4013,152.0595,0.9027854800224304,-1,-1,-1
92,1,870.3366,100.72706,303.25261999999987,248.25370000000004,0.8979015350341797,-1,-1,-1
93,0,547.24896,80.84987,187.78412000000003,153.14817999999997,0.8973110318183899,-1,-1,-1
93,1,858.31055,97.551895,308.72120000000007,244.75002,0.9001032114028931,-1,-1,-1
94,0,544.4207,82.81416,190.58942000000002,155.56876999999997,0.8947847485542297,-1,-1,-1
94,1,846.464,97.24233,310.72583,240.47314,0.9049835205078125,-1,-1,-1
95,0,542.06995,84.79242,191.10100999999997,156.06136000000004,0.8918111324310303,-1,-1,-1
95,1,843.40125,94.94167,300.1360000000001,235.77103,0.8985437154769897,-1,-1,-1
96,0,539.78973,86.08346,190.67334000000005,157.62668,0.8922662138938904,-1,-1,-1
96,1,832.88153,90.83224,305.70320000000004,234.17563,0.8876106142997742,-1,-1,-1
97,0,538.8739,90.2164,191.35345000000007,156.88144,0.8917591571807861,-1,-1,-1
97,1,830.53033,87.84367,301.37762,233.34056,0.8831074237823486,-1,-1,-1
98,0,538.282,93.64677,190.04833999999994,155.70709,0.8940069675445557,-1,-1,-1
98,1,826.9611,83.67187,292.63933999999995,229.58441,0.8725720047950745,-1,-1,-1
99,0,536.02985,98.62093,194.07025,154.64212000000003,0.8934766054153442,-1,-1,-1
99,1,824.15063,77.35957,283.3817,227.90717999999998,0.8746620416641235,-1,-1,-1
100,0,535.5965,99.53483,196.52617999999995,157.77634,0.8912336826324463,-1,-1,-1
100,1,817.3022,75.52382,275.5179999999999,220.34501999999998,0.8778039813041687,-1,-1,-1
101,0,532.73376,101.318054,199.37047999999993,160.15323,0.8928422927856445,-1,-1,-1
101,1,815.35486,74.315895,272.39258000000007,213.79784999999998,0.882296621799469,-1,-1,-1
102,0,533.3937,103.86797,200.29199000000006,159.97481999999997,0.9014753699302673,-1,-1,-1
102,1,815.7205,72.7514,260.69999999999993,207.74689,0.8862354159355164,-1,-1,-1
103,0,534.01733,107.13472,200.62476000000004,159.88660999999996,0.9052374958992004,-1,-1,-1
103,1,820.40765,63.083042,250.2134400000001,210.3584,0.8874792456626892,-1,-1,-1
104,0,536.4163,106.9014,200.36461999999995,163.86182,0.9034642577171326,-1,-1,-1
104,1,816.0106,61.28485,246.7359600000001,210.30575999999996,0.885474681854248,-1,-1,-1
105,0,535.83545,108.75121,201.60289999999998,165.01909999999998,0.9025983214378357,-1,-1,-1
105,1,816.6499,61.67032,242.28992000000005,202.88390999999996,0.893764317035675,-1,-1,-1
106,0,534.77606,111.07386,206.50775,167.04037000000002,0.900790810585022,-1,-1,-1
106,1,819.603,59.537334,231.80432000000008,197.98048,0.8960273265838623,-1,-1,-1
107,0,533.5742,114.16794,211.30304,169.64212000000003,0.903661847114563,-1,-1,-1
107,1,825.5041,54.127483,220.77276999999992,198.62273,0.9003672003746033,-1,-1,-1
108,0,538.0522,118.908485,211.63073999999995,168.66843,0.8966612219810486,-1,-1,-1
108,1,825.77606,54.288937,214.71771,191.34955,0.8882040977478027,-1,-1,-1
109,0,537.37384,120.113205,216.47107000000005,171.37675000000002,0.9013829827308655,-1,-1,-1
109,1,826.25214,52.882603,215.98505,189.01864999999998,0.8864800930023193,-1,-1,-1
110,0,539.7884,121.403984,216.76384999999993,174.87387,0.9038516879081726,-1,-1,-1
110,1,829.38007,50.85235,208.1787700000001,187.25262,0.911059558391571,-1,-1,-1
111,0,540.76434,124.793495,220.49097000000006,176.51171999999997,0.9057853817939758,-1,-1,-1
111,1,832.6486,48.18212,199.7891199999999,183.9816,0.8972505331039429,-1,-1,-1
111,2,1581.7258,421.91876,338.2741699999999,369.75884999999994,0.6592841148376465,-1,-1,-1
112,0,545.3942,130.05008,221.63062000000002,174.91891,0.9168108105659485,-1,-1,-1
112,1,833.736,46.720596,200.5318000000001,179.56145,0.9007402062416077,-1,-1,-1
112,2,1555.3171,418.84045,364.21777,349.7543299999999,0.7970870733261108,-1,-1,-1
113,0,546.925,130.86588,223.65026999999998,179.67080000000004,0.9176027774810791,-1,-1,-1
113,1,836.5748,45.275936,200.29516999999998,175.61673,0.9033523201942444,-1,-1,-1
113,2,1522.7703,410.55872,397.22974,335.5063,0.8670789003372192,-1,-1,-1
114,0,547.8889,136.24196,229.66265999999996,180.58925,0.9118385314941406,-1,-1,-1
114,1,841.111,44.780014,202.04131999999993,174.08817,0.8927127122879028,-1,-1,-1
114,2,1495.029,398.52585,424.8568,337.7501,0.899999737739563,-1,-1,-1
115,0,548.8958,136.79366,233.86090000000002,184.20796,0.9094871282577515,-1,-1,-1
115,1,845.8315,42.18023,199.46526999999992,172.88992,0.9089031219482422,-1,-1,-1
115,2,1469.0707,386.6128,441.4495999999999,326.88898000000006,0.901685357093811,-1,-1,-1
116,0,550.1968,140.70139,234.4878,184.61694,0.9084057211875916,-1,-1,-1
116,1,850.3835,41.3881,196.85773000000006,171.66986,0.9021776914596558,-1,-1,-1
116,2,1445.8385,369.01633,425.80504999999994,326.42825,0.9082114696502686,-1,-1,-1
117,0,556.09564,145.31833,231.01752,185.51889,0.9199076890945435,-1,-1,-1
117,1,855.6908,41.908676,193.37939999999992,167.85573999999997,0.9048507213592529,-1,-1,-1
117,2,1415.6201,361.51288,422.73962000000006,317.24884,0.8970484733581543,-1,-1,-1
118,0,557.16437,148.13214,235.89526,187.80493,0.9086291790008545,-1,-1,-1
118,1,858.69946,40.256035,191.06920999999988,168.01157,0.9027732610702515,-1,-1,-1
118,2,1394.731,347.20984,408.9546,312.28168000000005,0.8899551033973694,-1,-1,-1
119,0,559.62646,152.83183,236.40332,189.83482,0.9027572274208069,-1,-1,-1
119,1,862.80927,40.346313,184.68157999999994,164.76027,0.9022569060325623,-1,-1,-1
119,2,1373.2557,341.2325,400.0464999999999,303.94315,0.8902394771575928,-1,-1,-1
120,0,561.97363,158.1562,243.23388999999997,190.56459,0.9106982350349426,-1,-1,-1
120,1,869.2922,37.778927,183.79669,167.26906,0.8884021043777466,-1,-1,-1
120,2,1345.4861,330.9319,398.0021999999999,291.68195,0.8932726979255676,-1,-1,-1
121,0,565.24963,161.035,245.76575000000003,191.84567,0.908141553401947,-1,-1,-1
121,1,877.5106,37.382404,181.52355999999997,165.45662,0.9000918865203857,-1,-1,-1
121,2,1330.5465,326.6605,382.0063500000001,282.10482999999994,0.8966954350471497,-1,-1,-1
122,0,567.7856,164.16492,246.40972999999997,196.10925000000003,0.9196256399154663,-1,-1,-1
122,1,884.69415,36.32522,183.6442300000001,164.15161,0.8957144021987915,-1,-1,-1
122,2,1307.1251,318.06552,372.15062999999986,276.41104000000007,0.897432267665863,-1,-1,-1
123,0,570.96844,167.02428,250.05957,199.23763,0.9068133234977722,-1,-1,-1
123,1,888.62067,35.732056,183.20427999999993,164.32245,0.8957346677780151,-1,-1,-1
123,2,1278.4233,304.2626,375.6646700000001,275.47592,0.908647358417511,-1,-1,-1
124,0,574.75354,173.0024,255.03217000000006,201.40273,0.9082497358322144,-1,-1,-1
124,1,897.42804,38.181236,181.3664000000001,159.66159,0.8997965455055237,-1,-1,-1
124,2,1261.3384,295.2164,361.22522000000004,269.47720000000004,0.9065451622009277,-1,-1,-1
125,0,576.0543,174.03276,262.86163,208.65770000000003,0.8996275067329407,-1,-1,-1
125,1,901.6674,36.660374,184.02411000000006,157.73167,0.8911435008049011,-1,-1,-1
125,2,1241.3035,287.99,355.9099000000001,263.6544799999999,0.9069762825965881,-1,-1,-1
126,0,582.5412,178.6125,263.01062,210.43883,0.8980763554573059,-1,-1,-1
126,1,912.29596,34.997402,186.1901200000001,156.72012,0.8885963559150696,-1,-1,-1
126,2,1222.673,279.032,355.85670000000005,258.38156,0.8863033652305603,-1,-1,-1
127,0,587.1226,185.87074,264.91193,210.53659999999996,0.8938016295433044,-1,-1,-1
127,1,916.44275,35.73898,187.71338000000003,153.521,0.883294403553009,-1,-1,-1
127,2,1208.132,275.37097,340.2820999999999,249.37384000000003,0.893977165222168,-1,-1,-1
128,0,594.05774,188.00569,270.73170000000005,217.71468000000002,0.896280825138092,-1,-1,-1
128,1,928.9211,35.923973,180.43280000000004,152.0279,0.8741389513015747,-1,-1,-1
128,2,1190.7201,267.14206,336.30773999999997,244.12658999999996,0.9052819013595581,-1,-1,-1
129,0,601.9951,191.98615,272.4163199999999,220.5426,0.8979226350784302,-1,-1,-1
129,1,940.6465,36.483807,173.70276,148.83618,0.8827639818191528,-1,-1,-1
129,2,1175.0682,259.23865,324.2065399999999,241.63638000000003,0.8945235013961792,-1,-1,-1
130,0,609.0181,194.7396,277.01202,227.14400999999998,0.8990769386291504,-1,-1,-1
130,1,950.6181,36.663906,167.83758999999998,147.57236,0.8782163858413696,-1,-1,-1
130,2,1163.8843,250.90163,312.65698,235.74894999999998,0.8934857249259949,-1,-1,-1
131,0,613.1596,200.27034,284.87183000000005,232.95964,0.8945844769477844,-1,-1,-1
131,1,957.5801,36.084293,168.24146000000007,145.65262,0.8730409741401672,-1,-1,-1
131,2,1152.3137,246.74876,306.9211399999999,229.16609,0.8969002962112427,-1,-1,-1
132,0,620.81335,207.64357,287.76599999999996,234.25758000000002,0.897250235080719,-1,-1,-1
132,1,965.5428,36.41109,170.50873000000013,145.27216,0.8655222654342651,-1,-1,-1
132,2,1130.453,241.31726,311.50818000000004,222.45767000000004,0.8905254602432251,-1,-1,-1
133,0,625.599,210.18849,294.47046,240.48851000000002,0.896935760974884,-1,-1,-1
133,1,970.71606,35.11485,171.2580599999999,145.2286,0.8769228458404541,-1,-1,-1
133,2,1117.0859,234.99927,300.7714799999999,219.89948,0.8981078863143921,-1,-1,-1
134,0,634.6898,220.61337,298.84344,238.28464,0.910552442073822,-1,-1,-1
134,1,978.3359,34.125294,169.164,143.16994,0.8719080090522766,-1,-1,-1
134,2,1102.5736,224.83708,291.11255000000006,221.22218,0.8899140357971191,-1,-1,-1
135,0,651.74066,229.10576,299.43726000000004,237.13954000000004,0.915662944316864,-1,-1,-1
135,1,986.87384,35.025097,163.95172000000002,139.58146999999997,0.8607989549636841,-1,-1,-1
135,2,1093.9052,218.77937,276.5417500000001,214.38686000000004,0.8890656232833862,-1,-1,-1
136,0,658.22565,232.02705,304.19152999999994,246.14558000000002,0.9048976898193359,-1,-1,-1
136,1,996.2573,35.366905,159.4523999999999,138.5589,0.8535579442977905,-1,-1,-1
136,2,1076.0,214.4582,279.05639999999994,208.51482000000001,0.8792594075202942,-1,-1,-1
137,0,666.56714,240.84106,309.76227000000006,251.50668,0.910971999168396,-1,-1,-1
137,1,1005.8208,35.54738,153.46118,137.62875,0.8317477107048035,-1,-1,-1
137,2,1061.0813,207.57216,277.06458,208.37938000000003,0.887332022190094,-1,-1,-1
138,0,673.89197,248.71346,318.7435300000001,251.91884,0.9096939563751221,-1,-1,-1
138,1,1014.17694,35.77443,150.12310999999988,136.50255,0.7246266007423401,-1,-1,-1
138,2,1047.0629,201.27248,270.74097000000006,206.34166000000002,0.9083660840988159,-1,-1,-1
139,0,686.4532,255.21799,320.3556,257.7197,0.921074628829956,-1,-1,-1
139,2,1035.8604,194.29909,268.55017,205.36021000000002,0.884166955947876,-1,-1,-1
140,0,692.11926,264.2285,334.42309999999986,262.29490000000004,0.921676754951477,-1,-1,-1
140,2,1019.7191,187.84329,267.37402,203.2988,0.8785902857780457,-1,-1,-1
141,0,700.7407,273.0837,344.68848000000014,265.8768,0.9079811573028564,-1,-1,-1
141,2,1001.4124,181.35562,268.86334,202.67828000000003,0.8810791373252869,-1,-1,-1
142,0,711.4294,286.003,349.47443,267.9891400000001,0.9179914593696594,-1,-1,-1
142,2,997.7071,177.85002,259.5744000000001,197.26579999999998,0.8736770153045654,-1,-1,-1
143,0,722.2439,295.35626,355.57434,273.7079,0.9184110760688782,-1,-1,-1
143,2,986.2774,172.58391,256.44513000000006,196.41557,0.8723233938217163,-1,-1,-1
144,0,734.45123,300.85748,359.69719999999995,281.49120000000005,0.9045936465263367,-1,-1,-1
144,2,967.3332,166.1745,261.99628000000007,192.55661,0.8663590550422668,-1,-1,-1
145,0,743.36914,310.99323,370.85670000000005,283.8885000000001,0.904136061668396,-1,-1,-1
145,2,963.1313,161.81636,253.26641999999993,189.73002999999997,0.8800652027130127,-1,-1,-1
146,0,751.53503,319.77435,379.08422999999993,294.2791000000001,0.9032456874847412,-1,-1,-1
146,2,948.9341,158.32356,252.3968500000001,188.01118000000002,0.8872707486152649,-1,-1,-1
147,0,762.40454,329.2316,382.5228299999999,303.0414,0.9130351543426514,-1,-1,-1
147,2,938.7737,154.08954,246.07567999999992,185.29816,0.8953178524971008,-1,-1,-1
148,0,774.6002,337.23184,395.50915999999995,311.23715,0.9064911007881165,-1,-1,-1
148,2,931.37415,149.30551,238.56994999999995,182.75582999999997,0.8987071514129639,-1,-1,-1
149,0,790.0696,355.96655,397.94226000000003,312.6017499999999,0.9048024415969849,-1,-1,-1
149,2,923.56976,144.47261,234.25725999999997,182.11247,0.8959624767303467,-1,-1,-1
150,0,800.88837,371.01788,407.62896999999987,316.78723,0.902942419052124,-1,-1,-1
150,2,913.26025,139.4293,232.36950000000002,181.22685,0.8968549370765686,-1,-1,-1
151,0,813.7706,382.61475,421.13829999999996,323.34454,0.9047766923904419,-1,-1,-1
151,2,908.5878,137.21977,228.90899999999988,175.43404,0.8988388776779175,-1,-1,-1
152,0,826.8184,395.76962,432.56378000000007,332.98264,0.8980767726898193,-1,-1,-1
152,2,898.6334,134.143,224.38196000000005,173.53836000000004,0.9009909629821777,-1,-1,-1
153,0,842.9839,409.6137,438.29248000000007,345.25873,0.8927661776542664,-1,-1,-1
153,2,892.40076,131.7733,215.28455000000008,168.11906,0.8809220194816589,-1,-1,-1
154,0,857.7368,421.9833,458.06786999999997,357.52377,0.900006115436554,-1,-1,-1
154,2,885.97876,128.90508,213.05504999999994,166.17150000000004,0.8890756368637085,-1,-1,-1
155,0,871.2886,441.41928,471.9897500000001,361.87546000000003,0.8719732761383057,-1,-1,-1
155,2,879.63654,121.33231,217.20172000000002,169.24216,0.8817909955978394,-1,-1,-1
156,0,889.2605,453.92902,487.75134000000014,386.71380000000005,0.900693953037262,-1,-1,-1
156,2,875.8894,119.7754,205.17040999999995,164.27405,0.8770416975021362,-1,-1,-1
157,0,908.4032,469.63892,500.7003199999999,392.97595,0.8773557543754578,-1,-1,-1
157,2,871.6154,118.04943,201.2388299999999,160.43326,0.8765681385993958,-1,-1,-1
158,0,926.0563,491.9935,519.5553,404.57766999999996,0.8659132122993469,-1,-1,-1
158,2,868.22266,115.69877,197.23546999999996,157.37210000000002,0.8773273825645447,-1,-1,-1
159,0,938.137,510.135,537.8277,421.9631999999999,0.8715205788612366,-1,-1,-1
159,2,866.6606,113.427826,189.64873999999998,155.74588,0.8845389485359192,-1,-1,-1
160,0,964.5098,524.9561,555.1231,437.7714199999999,0.8492165803909302,-1,-1,-1
160,2,864.89655,111.39747,186.46502999999996,151.67165999999997,0.8865872025489807,-1,-1,-1
161,0,980.78516,552.2787,582.41907,458.50018,0.8432878255844116,-1,-1,-1
161,2,863.6128,106.42587,185.06554999999992,153.70587000000003,0.9004151821136475,-1,-1,-1
162,0,1016.99493,573.1391,590.65204,489.3719,0.8280243873596191,-1,-1,-1
162,2,860.7433,103.94267,184.2698999999999,151.75563,0.8957770466804504,-1,-1,-1
163,0,1030.7463,605.28186,645.17896,474.71813999999995,0.829207181930542,-1,-1,-1
163,2,861.9854,101.47078,181.45270000000005,149.78381000000002,0.88191157579422,-1,-1,-1
164,2,860.9613,96.947044,179.00194999999997,149.01138,0.9043087959289551,-1,-1,-1
165,0,1088.6267,691.1612,720.2677000000001,388.8388,0.7082705497741699,-1,-1,-1
165,2,861.8298,93.059975,175.48944000000006,148.19565,0.8809774518013,-1,-1,-1
166,2,862.1243,89.04138,175.40290000000005,146.6535,0.8806344866752625,-1,-1,-1
167,2,865.5569,87.19619,171.87146000000007,144.8808,0.8821685910224915,-1,-1,-1
168,2,866.86725,84.24603,170.51654000000008,144.66199,0.877891480922699,-1,-1,-1
168,3,1483.644,346.9272,436.3559600000001,447.85535,0.6542431712150574,-1,-1,-1
169,2,869.73694,81.82688,166.67542000000003,143.65127999999999,0.8834143280982971,-1,-1,-1
169,3,1447.8951,350.68466,472.1048599999999,413.952,0.8506792783737183,-1,-1,-1
170,2,871.9534,77.47263,168.23638999999991,144.45349,0.8790934085845947,-1,-1,-1
170,3,1419.1156,345.99527,489.7329,397.51175,0.8715922236442566,-1,-1,-1
171,2,874.9542,79.29179,169.45385999999996,140.19489,0.8773924708366394,-1,-1,-1
171,3,1384.6486,333.9592,478.00316999999995,379.09604,0.8963038325309753,-1,-1,-1
172,2,878.1943,78.27482,168.46502999999996,139.52618,0.8766019940376282,-1,-1,-1
172,3,1353.7139,323.52817,460.5642,369.67447,0.8945382833480835,-1,-1,-1
173,2,883.0768,71.90327,167.9281000000001,143.19662,0.8833392262458801,-1,-1,-1
173,3,1329.3236,307.755,456.4737499999999,366.21124,0.8988757729530334,-1,-1,-1
174,2,887.1148,74.24971,168.09039999999993,138.60167,0.8932715654373169,-1,-1,-1
174,3,1297.0895,297.74716,440.82007,353.43002,0.8874690532684326,-1,-1,-1
175,2,888.1888,70.178055,168.56317,141.16965,0.8818435072898865,-1,-1,-1
175,3,1273.6663,284.2829,424.01135,347.6863399999999,0.8915801048278809,-1,-1,-1
176,2,892.0906,68.95584,167.6781000000001,139.73894,0.8781839609146118,-1,-1,-1
176,3,1244.5797,271.7939,424.1701700000001,338.27548,0.8822078108787537,-1,-1,-1
177,2,899.4942,66.62839,162.51409999999998,140.08658,0.8633013963699341,-1,-1,-1
177,3,1224.5472,264.32834,409.02880000000005,330.58615,0.8936710953712463,-1,-1,-1
178,2,902.47034,66.76122,166.27392999999995,138.13348000000002,0.85249924659729,-1,-1,-1
178,3,1206.7288,258.61163,400.1152300000001,317.54755,0.904660165309906,-1,-1,-1
179,2,909.73865,65.21076,164.16295999999988,137.59164,0.8726586103439331,-1,-1,-1
179,3,1189.2313,250.52992,379.8167699999999,310.78986000000003,0.901983916759491,-1,-1,-1
180,2,915.2713,64.4837,160.83026000000007,136.10252,0.8814185261726379,-1,-1,-1
180,3,1169.6653,239.96182,374.46984999999995,306.7935,0.8874332308769226,-1,-1,-1
181,2,922.8052,63.95727,162.1059600000001,134.57948,0.8786194920539856,-1,-1,-1
181,3,1154.9229,231.76297,364.9981700000001,295.94034,0.8930872678756714,-1,-1,-1
182,2,929.13495,62.548965,160.93195000000003,133.35686,0.8791587352752686,-1,-1,-1
182,3,1136.0028,223.25801,355.1415999999999,292.0276,0.9015126824378967,-1,-1,-1
183,2,934.4895,61.728897,159.00329999999997,131.44972,0.8737945556640625,-1,-1,-1
183,3,1116.0054,214.51045,357.2881,283.41327,0.9024268388748169,-1,-1,-1
184,2,939.32434,60.564705,161.8286099999999,132.27753,0.8781092166900635,-1,-1,-1
184,3,1103.3303,205.8875,347.4819299999999,283.21893,0.8939948081970215,-1,-1,-1
185,2,948.5009,64.34243,158.48077000000012,125.468666,0.8850148320198059,-1,-1,-1
185,3,1086.0228,196.00392,335.8071299999999,276.7119,0.9064096212387085,-1,-1,-1
186,2,958.38074,63.245426,154.50842,123.73784,0.8783937692642212,-1,-1,-1
186,3,1069.7023,187.53404,331.6415999999999,275.88715,0.8971928954124451,-1,-1,-1
187,2,963.263,63.246227,156.17816000000005,122.00159,0.8694554567337036,-1,-1,-1
187,3,1048.373,181.37697,329.60106999999994,273.13495,0.8918753862380981,-1,-1,-1
188,2,971.6007,62.328697,154.58655,122.96427,0.8764816522598267,-1,-1,-1
188,3,1028.7007,174.71675,324.13879999999995,265.18103,0.9074950814247131,-1,-1,-1
189,2,979.4938,61.97195,152.29797000000008,122.06822,0.8756270408630371,-1,-1,-1
189,3,1022.8566,173.35527,312.48895000000005,254.12267,0.9045081734657288,-1,-1,-1
190,2,988.25586,60.765182,150.3542500000001,120.81754999999998,0.8765020966529846,-1,-1,-1
190,3,1011.9229,163.50325,310.45026000000007,253.14237999999997,0.8860844969749451,-1,-1,-1
191,2,991.5465,62.079315,152.06262000000004,119.93095399999999,0.8782005906105042,-1,-1,-1
191,3,998.8222,161.37285,296.4925999999999,245.44157000000004,0.9050757884979248,-1,-1,-1
192,2,998.9232,61.706696,149.32116999999994,120.46715,0.8619967103004456,-1,-1,-1
192,3,994.32434,158.4867,280.1039999999999,236.90894,0.891312301158905,-1,-1,-1
193,2,1007.3281,59.408596,143.31934,119.1732,0.8339690566062927,-1,-1,-1
193,3,981.42004,150.24913,280.62537,239.81615000000002,0.889648973941803,-1,-1,-1
194,2,1014.32983,59.354877,139.64721999999995,116.83381999999999,0.6587904691696167,-1,-1,-1
194,3,970.68756,142.50911,276.26995999999997,240.62343,0.888691782951355,-1,-1,-1
195,3,961.7701,137.44254,272.9690600000001,236.71771,0.8784115314483643,-1,-1,-1
196,3,947.11896,134.41237,277.79205,228.85591,0.8893866539001465,-1,-1,-1
197,3,942.3285,133.53903,265.0638399999999,223.15514999999996,0.8834017515182495,-1,-1,-1
198,3,931.5057,131.7113,264.8411299999999,218.98859,0.8891826868057251,-1,-1,-1
199,3,920.39435,127.75582,256.8814,215.02557,0.8894997835159302,-1,-1,-1
200,3,911.96826,119.75803,258.68665,214.42849999999999,0.8924472332000732,-1,-1,-1
201,3,905.6636,113.396835,248.53869999999995,213.44698,0.8826010823249817,-1,-1,-1
202,3,894.6088,108.15353,252.03278,214.26807000000002,0.8899052143096924,-1,-1,-1
203,3,889.50946,106.673386,246.6322600000001,207.62315,0.8991652727127075,-1,-1,-1
204,3,880.41693,105.58971,246.99798999999996,203.98760000000001,0.9072468876838684,-1,-1,-1
205,3,878.7437,105.6021,238.52459999999996,196.86275,0.9182282090187073,-1,-1,-1
206,3,867.6959,102.43395,238.10851999999988,193.70410000000004,0.9082258939743042,-1,-1,-1
207,3,859.9954,101.887825,233.4131500000001,187.03060999999997,0.8963481783866882,-1,-1,-1
208,3,854.1386,97.31543,229.65912000000003,186.63138000000004,0.8989075422286987,-1,-1,-1
209,3,850.84155,96.191696,221.63866999999993,182.56404000000003,0.9071680903434753,-1,-1,-1
210,3,847.044,87.86361,216.71294999999998,184.37387,0.9024235606193542,-1,-1,-1
211,3,840.57526,88.32826,208.96588000000008,178.58162,0.892005205154419,-1,-1,-1
212,3,836.0523,80.878136,207.69940000000008,180.28705000000002,0.8902511596679688,-1,-1,-1
213,3,829.77295,78.41368,210.5025599999999,178.21501,0.9010559916496277,-1,-1,-1
214,3,826.1956,74.620995,200.79009999999994,177.28232,0.9281529188156128,-1,-1,-1
215,3,823.2646,69.62814,200.21161000000006,177.1539,0.9083558320999146,-1,-1,-1
216,3,820.51373,70.305336,195.55402000000004,170.73904,0.897044837474823,-1,-1,-1
217,3,821.627,66.089066,188.55011000000002,169.72757,0.8866121172904968,-1,-1,-1
218,3,819.7643,62.810993,186.47528,168.33733,0.8843591213226318,-1,-1,-1
219,3,818.79425,62.212967,184.52454,165.55809,0.8823476433753967,-1,-1,-1
220,3,820.25995,58.091236,181.82714999999996,165.71536,0.8883572220802307,-1,-1,-1
221,3,822.99335,56.124783,176.88213999999994,163.6638,0.9010849595069885,-1,-1,-1
222,3,824.7102,55.184265,174.38158999999996,162.35567,0.9050154089927673,-1,-1,-1
223,3,827.04407,55.47151,172.37298999999996,158.79617,0.9067462682723999,-1,-1,-1
224,3,828.45667,54.264847,173.18042000000003,157.70584,0.8927552700042725,-1,-1,-1
225,3,830.7734,53.19074,172.27044999999998,156.14421,0.8985922932624817,-1,-1,-1
226,3,832.0928,51.686836,173.54920000000004,156.00986,0.9006903171539307,-1,-1,-1
227,3,838.8345,50.710884,172.6712,156.2976,0.8909258842468262,-1,-1,-1
228,3,843.5957,48.345757,169.79755,158.04907,0.9078671336174011,-1,-1,-1
229,3,848.7279,48.646713,169.84722999999997,154.25719,0.8915370106697083,-1,-1,-1
230,3,852.9625,47.457043,171.32947000000001,152.79898,0.8945272564888,-1,-1,-1
231,3,858.6159,46.237183,171.01520000000005,151.85829,0.8923656940460205,-1,-1,-1
232,3,863.35205,44.887558,171.38781999999992,151.21373,0.8958648443222046,-1,-1,-1
233,3,872.7898,45.042053,167.76171999999997,149.4983,0.8826025128364563,-1,-1,-1
234,3,879.262,43.842026,169.56122000000005,148.29195,0.8863738179206848,-1,-1,-1
235,3,885.7579,44.899605,171.17937999999992,146.21121,0.8922278881072998,-1,-1,-1
236,3,896.31104,43.35641,169.56188999999995,147.30034,0.8982241749763489,-1,-1,-1
237,3,903.4189,43.44542,167.95891999999992,145.61264,0.8880670666694641,-1,-1,-1
238,3,915.36993,41.495087,167.99285999999995,145.04917999999998,0.8770204186439514,-1,-1,-1
239,3,925.8373,41.95843,161.48914000000002,142.54477,0.8896206021308899,-1,-1,-1
240,3,933.06,42.16604,162.2826500000001,141.43365,0.8836525082588196,-1,-1,-1
241,3,942.0534,42.94893,162.93682999999987,139.19087,0.8806402087211609,-1,-1,-1
242,3,953.6868,44.992188,161.08905000000004,134.27472,0.8964592218399048,-1,-1,-1
243,3,963.8217,44.86736,156.54143999999997,133.73294,0.8871016502380371,-1,-1,-1
244,3,967.9521,42.624374,158.1964700000001,134.89316000000002,0.8903197646141052,-1,-1,-1
245,3,978.8216,42.69068,157.67022999999995,134.72516000000002,0.8758366107940674,-1,-1,-1
246,3,990.27734,41.91507,150.69530999999995,133.53535,0.8684189319610596,-1,-1,-1
247,3,998.0719,40.946514,147.96251999999993,133.35,0.8613753318786621,-1,-1,-1
248,3,1003.2356,40.729404,144.66064000000006,132.86768,0.8549054861068726,-1,-1,-1
249,3,1011.1087,41.664818,143.6383699999999,131.65955,0.8583911061286926,-1,-1,-1
250,3,1017.20734,41.666134,142.92486999999994,130.44933,0.848808228969574,-1,-1,-1
251,3,1024.8854,41.224133,139.21240000000012,128.33183,0.8150315880775452,-1,-1,-1
252,3,1033.281,41.41847,137.02979000000005,127.53229,0.7984116077423096,-1,-1,-1
258,4,1573.996,474.52832,346.00403000000006,394.84813999999994,0.7285979390144348,-1,-1,-1
259,4,1551.7578,412.40875,368.08899999999994,420.43384,0.7201269268989563,-1,-1,-1
260,4,1500.6938,429.97842,419.01586999999995,371.93362,0.7439382672309875,-1,-1,-1
261,4,1473.4705,426.64102,446.52954,343.78520000000003,0.8988285660743713,-1,-1,-1
262,4,1443.2908,410.40564,472.8353300000001,337.8804999999999,0.8966121077537537,-1,-1,-1
263,4,1411.6637,395.5908,489.73108,332.3496400000001,0.8762744069099426,-1,-1,-1
264,4,1380.7888,370.7852,471.41235000000006,332.2200000000001,0.9081211090087891,-1,-1,-1
265,4,1351.8472,359.14044,459.26793999999995,324.19183,0.8761283159255981,-1,-1,-1
266,4,1331.0817,333.62054,434.9720500000001,327.3017,0.8924656510353088,-1,-1,-1
267,4,1299.3339,335.05475,431.3175000000001,301.83439999999996,0.8892887234687805,-1,-1,-1
268,4,1276.5176,322.0762,409.80651999999986,296.0162700000001,0.8986979722976685,-1,-1,-1
269,4,1253.3223,316.46252,403.7883300000001,284.6369,0.908221423625946,-1,-1,-1
270,4,1224.6255,305.00397,400.3531499999999,279.79230000000007,0.9024998545646667,-1,-1,-1
271,4,1206.8851,296.77292,390.5328400000001,266.78714,0.9011597633361816,-1,-1,-1
272,4,1189.6792,286.8641,374.6621,263.48710000000005,0.9036776423454285,-1,-1,-1
273,4,1169.925,278.44778,368.5794699999999,257.2778,0.8983747363090515,-1,-1,-1
274,4,1155.3551,269.10626,357.2913799999999,253.50829999999996,0.9114385843276978,-1,-1,-1
275,4,1136.4424,259.23837,341.41247999999996,248.63443,0.9135429263114929,-1,-1,-1
276,4,1121.2822,251.98378,338.94921999999997,240.50510999999997,0.9105815887451172,-1,-1,-1
277,4,1105.085,243.49004,335.83593999999994,238.14708,0.8923668265342712,-1,-1,-1
278,4,1094.8093,234.24693,318.9546,234.14676999999998,0.8908005356788635,-1,-1,-1
279,4,1076.4823,225.62845,314.95092999999997,231.77749999999997,0.8897817730903625,-1,-1,-1
280,4,1057.2017,222.01634,311.7179000000001,226.654,0.8903263807296753,-1,-1,-1
281,4,1049.1251,215.98138,298.74119999999994,218.93558000000002,0.8883932828903198,-1,-1,-1
282,4,1037.5725,209.43144,294.01342999999997,217.13263999999998,0.8828277587890625,-1,-1,-1
282,5,1525.2196,449.23865,393.7868699999999,373.94702000000007,0.6414891481399536,-1,-1,-1
283,4,1023.87286,200.53497,290.69085999999993,216.01169,0.8846215009689331,-1,-1,-1
283,5,1477.1412,430.76132,442.8587600000001,359.48190000000005,0.8652715682983398,-1,-1,-1
284,4,1008.2269,191.91513,282.94238000000007,212.16759999999996,0.906299352645874,-1,-1,-1
284,5,1442.9211,415.23795,473.04516999999987,348.13547,0.8881272673606873,-1,-1,-1
285,4,998.5214,188.30676,282.5392499999999,208.38528000000002,0.8908878564834595,-1,-1,-1
285,5,1408.1505,400.04684,462.85033999999996,333.32382000000007,0.8798461556434631,-1,-1,-1
286,4,986.07623,179.5117,279.00372000000004,211.80736,0.8905168175697327,-1,-1,-1
286,5,1369.2312,381.59164,452.6447800000001,329.60208,0.892873227596283,-1,-1,-1
287,4,979.55145,179.24794,269.3140299999999,200.12785,0.8960637450218201,-1,-1,-1
287,5,1341.7815,364.39438,438.02393000000006,324.34707999999995,0.9028815031051636,-1,-1,-1
288,4,970.1125,174.03801,263.68243000000007,199.08095,0.8824655413627625,-1,-1,-1
288,5,1315.0508,355.74167,418.9425000000001,309.62283,0.8869699835777283,-1,-1,-1
289,4,963.061,168.61665,262.16998,194.2994,0.8982188701629639,-1,-1,-1
289,5,1282.8815,336.89734,402.5392999999999,301.2229,0.898273229598999,-1,-1,-1
290,4,952.45215,165.45345,259.7977299999999,190.04389999999998,0.9019256830215454,-1,-1,-1
290,5,1258.1732,325.49295,400.46900000000005,295.2452,0.9003404378890991,-1,-1,-1
291,4,944.2229,160.49634,259.3412000000001,188.20596000000003,0.9066944122314453,-1,-1,-1
291,5,1231.202,316.90466,392.50389999999993,283.36175999999995,0.9024488925933838,-1,-1,-1
292,4,937.3068,156.69101,247.30718999999988,185.37723,0.9025030732154846,-1,-1,-1
292,5,1207.7568,305.65787,379.4455600000001,275.61307,0.8888934254646301,-1,-1,-1
293,4,927.44244,152.63963,245.83367999999996,182.38648999999998,0.902885377407074,-1,-1,-1
293,5,1184.4932,296.51813,367.26648,266.55634000000003,0.9083664417266846,-1,-1,-1
294,4,920.16156,143.98836,242.11297999999988,185.64577000000003,0.8997803330421448,-1,-1,-1
294,5,1165.1182,283.12097,367.45117000000005,264.36364999999995,0.894646942615509,-1,-1,-1
295,4,911.08234,138.63504,242.591,181.85821999999996,0.8907462358474731,-1,-1,-1
295,5,1149.7206,276.94287,350.42578000000003,252.97869999999995,0.8943729400634766,-1,-1,-1
296,4,906.2401,135.31613,236.2807600000001,177.84564,0.8896897435188293,-1,-1,-1
296,5,1132.3818,267.26215,338.9084499999999,247.02172999999993,0.9111019968986511,-1,-1,-1
297,4,900.10486,134.69481,231.79869999999994,174.54384000000002,0.9000713229179382,-1,-1,-1
297,5,1111.1152,256.86063,335.85619999999994,241.9302,0.9007006287574768,-1,-1,-1
298,4,895.73956,131.65811,227.86346000000003,171.01012999999998,0.8955148458480835,-1,-1,-1
298,5,1093.7257,249.79532,328.92065,235.56976000000003,0.8982052206993103,-1,-1,-1
299,4,887.12384,128.15494,221.36077999999998,167.49057,0.8860535025596619,-1,-1,-1
299,5,1079.6964,241.10085,315.59277,230.53926000000004,0.8872075080871582,-1,-1,-1
300,4,878.38226,126.57351,223.50042999999994,166.02686,0.8811956644058228,-1,-1,-1
300,5,1059.8894,232.57083,312.77808000000005,226.86417,0.8878987431526184,-1,-1,-1
301,4,875.1192,122.130455,223.84674000000007,165.55380000000002,0.8782675862312317,-1,-1,-1
301,5,1044.7355,226.3482,305.70543999999995,221.22768999999997,0.8854115605354309,-1,-1,-1
302,4,871.7272,118.77259,216.33276,161.72183,0.8829865455627441,-1,-1,-1
302,5,1033.6515,218.71443,295.4540999999999,218.00575000000003,0.8797082901000977,-1,-1,-1
303,4,867.09534,116.527115,213.90649999999994,158.74931000000004,0.8714042901992798,-1,-1,-1
303,5,1024.3193,212.95033,289.7855199999999,212.15303,0.8822559714317322,-1,-1,-1
304,4,859.80225,112.296234,210.63830000000007,157.24945,0.874947190284729,-1,-1,-1
304,5,1008.04553,204.92668,280.7627000000001,208.25974999999997,0.8997513651847839,-1,-1,-1
305,4,855.51105,110.26416,208.03778,154.52405,0.8758957982063293,-1,-1,-1
305,5,995.62195,196.58907,277.34850000000006,205.54881,0.8917742371559143,-1,-1,-1
306,4,851.0077,107.08414,202.93737999999996,152.22339,0.8775031566619873,-1,-1,-1
306,5,981.9046,190.73515,269.32499999999993,201.54338000000004,0.8940877318382263,-1,-1,-1
307,4,847.2284,105.0379,197.56395999999995,148.8508,0.8743071556091309,-1,-1,-1
307,5,971.3749,187.36104,267.8563200000001,198.75113999999996,0.8820570707321167,-1,-1,-1
308,4,844.9128,99.513535,195.0259400000001,148.81420000000003,0.8822941780090332,-1,-1,-1
308,5,963.8495,180.58792,263.0443,197.08047,0.8817776441574097,-1,-1,-1
309,4,844.8125,98.06988,192.2748999999999,144.34238,0.8685981035232544,-1,-1,-1
309,5,953.44885,174.59857,258.6681000000001,193.36868000000004,0.8941490650177002,-1,-1,-1
