76,0,2475.1882,1342.3145,84.8117699999998,124.46387000000004,0.6178179383277893,-1,-1,-1
77,0,2467.2769,1345.4421,92.72314499999993,117.06945999999994,0.6641073226928711,-1,-1,-1
78,0,2451.283,1352.2338,108.71704,113.28149400000007,0.6253459453582764,-1,-1,-1
79,0,2442.0288,1351.1863,117.9711900000002,112.45972000000006,0.6059978604316711,-1,-1,-1
80,0,2434.162,1348.6859,125.83788999999979,111.23901000000001,0.6488958597183228,-1,-1,-1
81,0,2420.6008,1346.8317,139.39917000000014,110.17699999999991,0.6881441473960876,-1,-1,-1
82,0,2389.3003,1343.6326,166.2158199999999,112.01830999999993,0.6603274345397949,-1,-1,-1
83,0,2366.8901,1342.4481,183.04516999999987,111.18738000000008,0.6248558163642883,-1,-1,-1
84,0,2355.1973,1340.137,162.25903000000017,109.17847000000006,0.603581964969635,-1,-1,-1
88,0,2300.5542,1324.293,169.29638999999997,115.66772500000002,0.7056406736373901,-1,-1,-1
89,0,2280.2395,1323.111,178.50829999999996,115.52490000000012,0.8128455281257629,-1,-1,-1
90,0,2262.7632,1318.6472,194.51879999999983,118.97704999999996,0.8058053851127625,-1,-1,-1
91,0,2234.7942,1310.3452,201.83617999999979,122.74254999999994,0.7921362519264221,-1,-1,-1
92,0,2213.2158,1304.2019,206.51537999999982,126.85277999999994,0.7791151404380798,-1,-1,-1
93,0,2194.3909,1303.2098,195.40283,124.39818999999989,0.7916963696479797,-1,-1,-1
94,0,2196.397,1299.7778,182.34009000000015,126.45995999999991,0.7900932431221008,-1,-1,-1
95,0,2147.1487,1290.0596,217.7529300000001,132.74804999999992,0.7756142020225525,-1,-1,-1
96,0,2132.794,1284.6047,209.70874000000003,135.28882,0.8104605674743652,-1,-1,-1
97,0,2107.6758,1276.2412,218.48999000000003,135.7267999999999,0.833101212978363,-1,-1,-1
98,0,2088.7422,1273.9111,212.80078000000003,130.84325999999987,0.7961349487304688,-1,-1,-1
99,0,2067.1968,1264.8857,210.2246100000002,136.98206000000005,0.8040332198143005,-1,-1,-1
100,0,2034.1104,1258.0323,222.8725599999998,141.71204000000012,0.8064895868301392,-1,-1,-1
101,0,2013.2615,1252.909,247.20215000000007,147.45288000000005,0.8037353754043579,-1,-1,-1
102,0,1984.2092,1244.4536,258.2348599999998,152.23584000000005,0.7833855748176575,-1,-1,-1
103,0,1953.0271,1237.4587,255.53295999999978,156.06079,0.8171129822731018,-1,-1,-1
104,0,1918.1389,1230.0885,258.44702000000007,162.7593999999999,0.8187273144721985,-1,-1,-1
105,0,1879.2014,1223.1224,270.54320000000007,161.78113000000008,0.8268827199935913,-1,-1,-1
106,0,1834.1812,1213.0419,292.26391999999987,167.71753000000012,0.8352624177932739,-1,-1,-1
107,0,1789.812,1196.8789,307.5974000000001,177.94714,0.8068531155586243,-1,-1,-1
108,0,1765.0262,1188.3682,310.02135999999996,181.98853000000008,0.8180505037307739,-1,-1,-1
109,0,1722.2749,1181.38,320.6485600000001,180.85998999999993,0.8250817656517029,-1,-1,-1
110,0,1678.703,1170.7983,335.0235600000001,187.27881000000002,0.8529242277145386,-1,-1,-1
111,0,1634.0913,1159.0273,352.7881,196.13281000000006,0.876855194568634,-1,-1,-1
112,0,1589.9371,1151.6437,377.7555,201.70044000000007,0.8490002155303955,-1,-1,-1
112,1,314.43756,1274.2439,950.7682499999999,493.6527000000001,0.8307968974113464,-1,-1,-1
113,0,1547.8065,1142.6553,404.06555000000003,204.05431999999996,0.8702176213264465,-1,-1,-1
113,1,559.38477,1270.4863,811.1138,456.77917,0.8402858376502991,-1,-1,-1
114,0,1507.25,1137.4294,430.91064000000006,205.2017800000001,0.8519300818443298,-1,-1,-1
114,1,717.7904,1267.1517,740.80066,422.0355199999999,0.8417591452598572,-1,-1,-1
115,0,1459.0375,1127.6422,419.9743699999999,211.67797999999993,0.8310062289237976,-1,-1,-1
115,1,889.59216,1262.0641,650.8719499999999,387.93054000000006,0.8436406850814819,-1,-1,-1
116,0,1393.6174,1116.6119,399.8010300000001,221.50085000000013,0.818088948726654,-1,-1,-1
116,1,1026.494,1254.1746,563.69226,353.37853999999993,0.8763414025306702,-1,-1,-1
117,0,1347.5078,1104.2427,411.43493999999987,231.11877000000004,0.7267140746116638,-1,-1,-1
117,1,1131.5844,1265.4008,515.2942,309.62267999999995,0.8370062708854675,-1,-1,-1
118,0,1288.7314,1091.8711,423.38059999999996,231.0,0.6069952845573425,-1,-1,-1
118,1,1232.6382,1270.748,441.3898999999999,282.3998999999999,0.830785870552063,-1,-1,-1
119,1,1302.4866,1258.8795,437.3071299999999,278.77379999999994,0.8144389390945435,-1,-1,-1
120,0,1155.76,1074.2559,469.7020299999999,264.63318000000004,0.7296774387359619,-1,-1,-1
120,1,1373.7488,1253.2892,403.39905,269.97680000000014,0.77117520570755,-1,-1,-1
121,0,1074.2383,1060.89,499.8767,283.79125999999997,0.8520529866218567,-1,-1,-1
121,1,1436.0928,1261.6953,383.92163000000005,246.49988000000008,0.7933894395828247,-1,-1,-1
122,0,998.1842,1051.2196,531.6956999999999,301.74047999999993,0.8659764528274536,-1,-1,-1
122,1,1480.7948,1262.8844,380.9356700000001,234.6063200000001,0.7980408668518066,-1,-1,-1
123,0,900.17346,1042.5328,577.6474600000001,315.91796999999997,0.8547601103782654,-1,-1,-1
123,1,1541.644,1264.0732,359.15857000000005,223.52747,0.8249020576477051,-1,-1,-1
124,0,811.79065,1031.8898,615.4732699999998,335.75622999999996,0.8733933568000793,-1,-1,-1
124,1,1598.6884,1268.705,339.62122,210.15625,0.7822859287261963,-1,-1,-1
125,0,709.1492,1020.24036,651.6255,354.31395999999995,0.863286554813385,-1,-1,-1
125,1,1654.1091,1276.1561,310.91406000000006,193.9318800000001,0.7621686458587646,-1,-1,-1
126,0,558.7302,994.7717,737.5542,390.32860000000005,0.8457512259483337,-1,-1,-1
126,1,1709.9304,1284.6873,288.01880000000006,177.26978000000008,0.6410487294197083,-1,-1,-1
127,0,390.4153,978.39233,819.9314,423.98169999999993,0.8475782871246338,-1,-1,-1
127,1,1752.8972,1289.9457,265.4720500000001,176.17797999999993,0.6687688231468201,-1,-1,-1
128,0,168.4267,955.54596,960.1828,463.0550999999999,0.8335220217704773,-1,-1,-1
128,1,1789.3097,1287.165,276.3743999999999,187.6029000000001,0.7652265429496765,-1,-1,-1
129,0,5.399399,927.67896,1022.1798,525.4394500000001,0.821225643157959,-1,-1,-1
129,1,1827.4778,1295.9055,268.24585,174.70507999999995,0.7944599986076355,-1,-1,-1
130,0,1.5659332,920.76306,895.4593,572.85706,0.8079296946525574,-1,-1,-1
130,1,1855.2551,1295.451,266.38793999999984,179.10364000000004,0.8030382990837097,-1,-1,-1
131,0,1.7584229,923.2083,747.52356,582.1015,0.6370089650154114,-1,-1,-1
131,1,1893.8417,1305.4097,255.15050999999994,169.18677000000002,0.7991232872009277,-1,-1,-1
132,1,1919.1086,1307.1414,259.1972700000001,165.6769999999999,0.78537517786026,-1,-1,-1
133,1,1958.1436,1314.9279,239.99511999999982,155.04089999999997,0.8356085419654846,-1,-1,-1
134,1,1998.6118,1314.9458,223.0839800000001,150.98363999999992,0.8271840810775757,-1,-1,-1
135,1,2020.648,1321.2303,228.47777999999994,147.64159999999993,0.8268595933914185,-1,-1,-1
136,1,2046.4597,1325.0332,215.22266000000013,139.88599,0.7936739325523376,-1,-1,-1
137,1,2079.596,1329.5721,209.9084499999999,137.50061000000005,0.7808955311775208,-1,-1,-1
138,1,2097.0696,1339.4635,221.77026000000023,138.61816,0.7676461338996887,-1,-1,-1
139,1,2122.8623,1342.1394,203.58691,137.35022000000004,0.6616546511650085,-1,-1,-1
140,1,2174.2795,1345.0903,173.44702000000007,134.87671,0.7586995363235474,-1,-1,-1
141,1,2195.7983,1348.391,178.85741999999982,131.8957499999999,0.7733075022697449,-1,-1,-1
142,1,2211.0605,1346.4585,197.02050999999983,134.24854000000005,0.7942155599594116,-1,-1,-1
143,1,2226.23,1353.0637,208.60692999999992,129.3212900000001,0.8046211004257202,-1,-1,-1
144,1,2253.5938,1362.2927,183.1586900000002,120.13306000000011,0.8389191031455994,-1,-1,-1
145,1,2270.2803,1362.2725,180.69677999999976,126.50695999999994,0.8243206739425659,-1,-1,-1
146,1,2291.963,1363.3971,178.84814000000006,125.65978999999993,0.8160727620124817,-1,-1,-1
147,1,2310.2742,1371.9957,173.74218999999994,119.7786900000001,0.8168361186981201,-1,-1,-1
148,1,2329.5303,1373.926,173.35937999999987,121.46313499999997,0.8105304837226868,-1,-1,-1
149,1,2346.0916,1380.5325,166.62329,117.65295399999991,0.8161517977714539,-1,-1,-1
150,1,2369.1987,1380.8777,159.9067399999999,118.15552000000002,0.8063502311706543,-1,-1,-1
151,1,2376.1948,1384.1761,165.8977,118.61670000000004,0.6697717905044556,-1,-1,-1
175,2,2469.7793,1345.52,90.22069999999985,116.171875,0.6902483105659485,-1,-1,-1
176,2,2463.3176,1347.7712,96.68236999999999,112.60375999999997,0.714991569519043,-1,-1,-1
177,2,2454.519,1348.8776,105.48095999999987,108.77685500000007,0.6997756361961365,-1,-1,-1
178,2,2446.9365,1346.3674,113.0634799999998,110.02965999999992,0.7142511010169983,-1,-1,-1
179,2,2433.2278,1351.5785,126.45215000000007,104.390625,0.7309285998344421,-1,-1,-1
180,2,2423.3018,1351.4208,136.11083999999983,102.87743999999998,0.6844353675842285,-1,-1,-1
181,2,2404.0317,1348.9285,155.0710399999998,104.01733400000012,0.6944233775138855,-1,-1,-1
187,3,2317.1719,1334.956,154.29028000000017,105.31713999999988,0.6257215738296509,-1,-1,-1
188,3,2304.1475,1332.1978,160.90014999999994,103.54882999999995,0.6399413347244263,-1,-1,-1
189,3,2289.1265,1328.0667,172.81104000000005,107.50439499999993,0.7318487167358398,-1,-1,-1
190,3,2272.9438,1323.6152,176.01659999999993,109.05334500000004,0.7625837922096252,-1,-1,-1
191,3,2256.4124,1321.4812,175.32787999999982,109.08080999999993,0.8152698278427124,-1,-1,-1
192,3,2231.526,1314.5876,180.55225000000019,115.16430999999989,0.8209058046340942,-1,-1,-1
193,3,2222.0579,1310.8282,168.69653000000017,116.47643999999991,0.8291997909545898,-1,-1,-1
194,3,2209.6484,1308.3701,165.1245100000001,117.97118999999998,0.8257353901863098,-1,-1,-1
195,3,2206.0522,1307.4725,158.19237999999996,115.71045000000004,0.8207472562789917,-1,-1,-1
196,3,2158.1182,1300.5593,190.16919000000007,119.69921999999997,0.7822584509849548,-1,-1,-1
197,3,2143.3315,1291.5513,195.32592999999997,122.32665999999995,0.7809953689575195,-1,-1,-1
198,3,2125.296,1285.0184,195.30908,125.96106000000009,0.8193303346633911,-1,-1,-1
199,3,2106.4917,1281.5673,187.90990999999985,123.00597999999991,0.8348876237869263,-1,-1,-1
200,3,2080.6677,1275.06,193.94360000000006,128.50011999999992,0.8046859502792358,-1,-1,-1
201,3,2054.5322,1270.6233,214.65430000000015,131.74988000000008,0.7953358888626099,-1,-1,-1
202,3,2035.5724,1265.8044,230.1883499999999,135.6951899999999,0.8083263635635376,-1,-1,-1
203,3,2010.9155,1260.1821,232.82445999999982,137.67772999999988,0.8034272193908691,-1,-1,-1
204,3,1984.4543,1255.1688,223.13354000000004,139.42736999999988,0.8406829833984375,-1,-1,-1
205,3,1953.9832,1245.862,230.90503000000012,146.80860000000007,0.8258358240127563,-1,-1,-1
206,3,1928.3588,1241.5466,232.10998999999993,147.85706000000005,0.8329236507415771,-1,-1,-1
207,3,1898.7888,1234.4227,238.51855,148.06457999999998,0.8465191125869751,-1,-1,-1
208,3,1865.8417,1226.5244,242.60071000000016,152.66625999999997,0.8509154915809631,-1,-1,-1
209,3,1823.1162,1215.0869,264.41283999999996,160.8068800000001,0.8517738580703735,-1,-1,-1
210,3,1793.0151,1206.6962,266.67358000000013,164.69910000000004,0.8357011675834656,-1,-1,-1
211,3,1731.0303,1191.6139,297.03832999999986,174.0866699999999,0.8076263070106506,-1,-1,-1
212,3,1714.0317,1186.546,292.98389999999995,173.37463000000002,0.8422565460205078,-1,-1,-1
213,3,1672.9246,1177.7626,309.1515999999999,181.64647999999988,0.8448158502578735,-1,-1,-1
214,3,1630.5757,1171.5724,339.77087000000006,181.63329999999996,0.8808494210243225,-1,-1,-1
215,3,1589.9058,1159.7588,382.3751199999999,185.94164999999998,0.8328064680099487,-1,-1,-1
216,3,1544.95,1158.667,390.13733,186.4733900000001,0.8405585885047913,-1,-1,-1
217,3,1496.0681,1151.9159,397.76244999999994,188.22948999999994,0.8091536164283752,-1,-1,-1
218,3,1447.1279,1142.809,373.11597000000006,194.64722000000006,0.8521302342414856,-1,-1,-1
219,3,1390.508,1132.2515,374.12183000000005,204.53026999999997,0.856744647026062,-1,-1,-1
220,3,1327.008,1125.3347,390.13609999999994,208.93554999999992,0.8574443459510803,-1,-1,-1
221,3,1268.87,1112.8816,406.98914000000013,220.90552000000002,0.8609055876731873,-1,-1,-1
222,3,1204.7527,1108.1715,423.79150000000004,229.20532000000003,0.85683673620224,-1,-1,-1
223,3,1141.223,1098.8906,430.70325,238.56054999999992,0.8741992712020874,-1,-1,-1
224,3,1059.8184,1081.592,463.1656499999999,257.42102,0.8611917495727539,-1,-1,-1
225,3,982.1516,1074.2773,481.2225300000001,271.5519999999999,0.8451007604598999,-1,-1,-1
226,3,877.3833,1060.4592,531.1178,290.4586200000001,0.8623783588409424,-1,-1,-1
227,3,772.2777,1047.337,561.9946000000001,305.78125,0.8543816804885864,-1,-1,-1
228,3,649.9512,1037.4324,605.5224600000001,326.24,0.8531939387321472,-1,-1,-1
229,3,522.0688,1024.1086,669.3582000000001,352.48119999999994,0.8706383109092712,-1,-1,-1
230,3,342.4084,1001.53613,760.7203999999999,390.02819999999997,0.8330715894699097,-1,-1,-1
231,3,167.23679,984.80743,826.2335,419.93963999999994,0.8383755683898926,-1,-1,-1
232,3,26.913834,982.51465,864.00415,437.99292,0.7899271845817566,-1,-1,-1
233,3,0.7090759,961.4914,757.6754,471.9617299999999,0.6931847333908081,-1,-1,-1
234,3,0.0,926.07007,615.7655,536.8999999999999,0.6479766368865967,-1,-1,-1
264,4,2474.127,1342.1636,85.87305000000015,122.4353000000001,0.6116431951522827,-1,-1,-1
265,4,2465.2944,1345.1361,94.70557000000008,116.18346999999994,0.723945140838623,-1,-1,-1
266,4,2458.6587,1348.884,101.3413099999998,112.20215000000007,0.7180577516555786,-1,-1,-1
268,4,2440.398,1351.7871,119.60204999999996,105.42968999999994,0.6802616119384766,-1,-1,-1
270,4,2412.987,1357.2292,140.24243000000024,96.11034999999993,0.6029776930809021,-1,-1,-1
278,5,2301.2146,1342.0619,156.35033999999996,95.46911999999998,0.6791390180587769,-1,-1,-1
279,5,2280.0903,1335.4873,163.5947299999998,99.45714999999996,0.7392767071723938,-1,-1,-1
280,5,2264.017,1332.7716,160.1520999999998,100.41320999999994,0.7747355699539185,-1,-1,-1
281,5,2252.9033,1330.6072,158.03906000000006,98.84851000000003,0.8099907636642456,-1,-1,-1
282,5,2237.2693,1327.5757,156.5,100.33203000000003,0.803287923336029,-1,-1,-1
283,5,2222.664,1322.9819,158.07666000000017,104.12158,0.7886698246002197,-1,-1,-1
284,5,2210.8567,1319.0442,151.83350000000019,103.98498500000005,0.8183069825172424,-1,-1,-1
285,5,2204.89,1317.2206,145.0966800000001,104.24291999999991,0.8180246353149414,-1,-1,-1
286,5,2162.7114,1313.128,173.85937999999987,102.53943000000004,0.7828211188316345,-1,-1,-1
287,5,2139.5154,1299.8826,179.82006999999976,114.25806000000011,0.818085253238678,-1,-1,-1
288,5,2111.797,1295.4827,189.13158999999996,111.10742000000005,0.7899685502052307,-1,-1,-1
289,5,2089.6267,1289.31,186.04932000000008,111.3415500000001,0.8082770705223083,-1,-1,-1
290,5,2067.389,1282.7114,195.06273999999985,116.7626949999999,0.7899206876754761,-1,-1,-1
291,5,2044.4382,1279.3976,218.61987,120.75280999999995,0.8003513216972351,-1,-1,-1
292,5,2020.1355,1276.0414,205.5481000000002,120.32567999999992,0.7871374487876892,-1,-1,-1
293,5,1997.7924,1266.4304,207.44420999999988,126.70288000000005,0.8166155219078064,-1,-1,-1
294,5,1971.7087,1261.5134,208.00537000000008,127.41577000000007,0.8315847516059875,-1,-1,-1
295,5,1946.4565,1257.6304,207.40917999999988,128.04077000000007,0.8145559430122375,-1,-1,-1
296,5,1915.6409,1250.9064,211.40210000000002,129.73082999999997,0.7285192012786865,-1,-1,-1
297,5,1887.9791,1241.5321,214.92516999999998,135.88977,0.6880437731742859,-1,-1,-1
297,6,0.0,1228.6716,1162.0238,638.4038,0.7670911550521851,-1,-1,-1
298,5,1853.678,1235.4736,231.7878400000002,137.73534999999993,0.7973707318305969,-1,-1,-1
298,6,153.65768,1234.3234,1101.7937,574.3792999999998,0.8039708733558655,-1,-1,-1
299,5,1820.0637,1222.9518,232.59399999999982,146.81371999999988,0.8141016364097595,-1,-1,-1
299,6,378.06915,1254.5244,943.6349499999999,491.32410000000004,0.86067134141922,-1,-1,-1
300,5,1787.7693,1212.6553,239.40552000000002,153.16320999999994,0.8129984140396118,-1,-1,-1
300,6,552.84863,1252.8186,848.18335,456.3775599999999,0.84718257188797,-1,-1,-1
301,5,1738.1592,1205.7139,263.1775,155.91028000000006,0.8365393877029419,-1,-1,-1
301,6,767.58575,1256.0117,695.9671000000001,413.94775000000004,0.8528487086296082,-1,-1,-1
301,7,2464.5312,1354.5692,95.46875,102.83057000000008,0.728474497795105,-1,-1,-1
302,5,1696.9012,1191.9236,278.1347699999999,162.89453000000003,0.8518461585044861,-1,-1,-1
302,6,902.189,1252.0408,641.72076,381.8078600000001,0.8534931540489197,-1,-1,-1
302,7,2459.2559,1351.3898,100.74413999999979,106.953125,0.7659093141555786,-1,-1,-1
303,5,1660.9576,1182.1052,300.86914,167.39111000000003,0.8227434754371643,-1,-1,-1
303,6,1033.0275,1247.4263,566.2298600000001,354.48657000000003,0.8438674807548523,-1,-1,-1
303,7,2446.3655,1353.9288,113.30468999999994,101.46361999999999,0.600843608379364,-1,-1,-1
304,5,1625.0927,1182.0912,323.8003000000001,163.87511999999992,0.8377264142036438,-1,-1,-1
304,6,1125.3816,1247.5033,548.8695,328.32287999999994,0.8670910000801086,-1,-1,-1
304,7,2430.2917,1353.9736,128.8737799999999,100.85888999999997,0.6796706318855286,-1,-1,-1
305,5,1578.0222,1176.2424,357.9042999999999,166.24316,0.7625133991241455,-1,-1,-1
305,6,1215.5022,1248.719,488.8985600000001,307.73962000000006,0.8463561534881592,-1,-1,-1
306,6,1281.9272,1251.9985,457.72632,288.93190000000004,0.8673642873764038,-1,-1,-1
307,6,1350.0315,1252.5757,432.48170000000005,278.80150000000003,0.842421293258667,-1,-1,-1
308,6,1427.4961,1255.1821,406.41650000000004,256.8452,0.822484016418457,-1,-1,-1
309,6,1485.6494,1259.2058,396.69652999999994,243.1423299999999,0.8250755071640015,-1,-1,-1
309,8,1390.4286,1147.6056,323.4521500000001,175.43054000000006,0.6123741865158081,-1,-1,-1
310,6,1538.0731,1257.9747,378.1595500000001,233.75574000000006,0.8272077441215515,-1,-1,-1
310,8,1344.0347,1138.4326,335.2038600000001,185.25695999999994,0.794684648513794,-1,-1,-1
311,6,1578.7683,1260.0557,359.9218800000001,221.32665999999995,0.7986953854560852,-1,-1,-1
311,8,1273.0715,1133.908,383.365,192.65723000000003,0.8437872529029846,-1,-1,-1
312,6,1639.0762,1266.0382,339.25659999999993,216.23206000000005,0.7701073884963989,-1,-1,-1
312,8,1217.743,1121.2361,399.7472,205.80846999999994,0.8503336906433105,-1,-1,-1
312,9,2299.5803,1335.4629,153.88599000000022,101.32446000000004,0.7756862640380859,-1,-1,-1
313,6,1686.5225,1273.0698,321.3803700000001,208.44237999999996,0.6710540652275085,-1,-1,-1
313,8,1152.8081,1114.7056,421.01025000000004,213.46155,0.8647507429122925,-1,-1,-1
313,9,2277.7017,1333.7501,167.2131300000001,101.0465099999999,0.7108178734779358,-1,-1,-1
314,6,1724.4275,1280.5286,317.4109000000001,204.62158,0.6591286659240723,-1,-1,-1
314,8,1080.1056,1107.8717,444.58374000000003,221.43713000000002,0.8581224083900452,-1,-1,-1
314,9,2258.476,1330.0836,162.67725000000019,100.66711400000008,0.8166692852973938,-1,-1,-1
315,6,1764.2373,1286.6522,308.93309999999997,204.3985600000001,0.7374895215034485,-1,-1,-1
315,8,1008.7692,1100.2399,463.68706999999995,231.90002000000004,0.8609176874160767,-1,-1,-1
315,9,2241.5742,1324.7915,163.08350000000019,104.68054000000006,0.8331863284111023,-1,-1,-1
316,6,1793.5902,1287.6025,304.72569999999996,200.04456000000005,0.8153799772262573,-1,-1,-1
316,8,922.0807,1092.857,492.1087600000001,245.5400400000001,0.8569891452789307,-1,-1,-1
316,9,2224.3027,1323.2236,157.23486000000003,104.64770500000009,0.8118379712104797,-1,-1,-1
317,6,1831.2341,1291.4893,294.82104000000004,197.3968500000001,0.8412147164344788,-1,-1,-1
317,8,833.64044,1081.0692,530.4355000000002,261.31701999999996,0.8499767780303955,-1,-1,-1
317,9,2216.813,1319.3142,154.97998000000007,107.02270500000009,0.8225362300872803,-1,-1,-1
318,6,1860.7216,1298.2725,289.45349999999985,190.92455999999993,0.8209072351455688,-1,-1,-1
318,8,715.2101,1072.8663,584.04016,279.5830000000001,0.8113898038864136,-1,-1,-1
318,9,2211.653,1316.0178,141.35375999999997,104.58130000000006,0.8156660199165344,-1,-1,-1
319,6,1907.6992,1306.76,263.3447299999998,184.46337999999992,0.7998287677764893,-1,-1,-1
319,8,631.0847,1058.0958,592.01294,303.85424999999987,0.8176566958427429,-1,-1,-1
319,9,2201.251,1314.5343,134.67162999999982,101.21740999999997,0.7014327049255371,-1,-1,-1
320,6,1935.7495,1314.7483,251.1621100000002,175.70849999999996,0.8296749591827393,-1,-1,-1
320,8,482.91412,1050.1138,667.1744,316.3883000000001,0.7916705012321472,-1,-1,-1
321,6,1966.1365,1316.3389,238.0959499999999,172.12769000000003,0.8349090814590454,-1,-1,-1
321,8,329.8133,1037.6263,750.5940600000001,344.20177999999987,0.734216570854187,-1,-1,-1
322,6,1995.558,1309.387,242.20348999999987,177.3906199999999,0.8553628921508789,-1,-1,-1
322,8,152.957,1027.7369,812.5006,366.31920000000014,0.717241108417511,-1,-1,-1
323,6,2021.9387,1314.6068,239.37940000000003,170.34179999999992,0.8339443802833557,-1,-1,-1
323,8,30.110321,1018.55457,865.95337,388.73119999999994,0.788235604763031,-1,-1,-1
324,6,2049.248,1329.7687,233.74389999999994,159.8345999999999,0.7840811014175415,-1,-1,-1
324,8,2.4324036,1001.18945,746.55566,422.89160000000004,0.8440887331962585,-1,-1,-1
325,6,2073.4863,1337.0043,233.30859999999984,156.83043999999995,0.7691594958305359,-1,-1,-1
326,6,2093.4421,1347.0725,230.4431199999999,149.71947999999998,0.7847136855125427,-1,-1,-1
326,10,1978.3312,1261.9182,199.6173100000001,129.33312999999998,0.7825016379356384,-1,-1,-1
327,6,2125.8962,1343.1575,208.79516999999987,154.90210000000002,0.8044708967208862,-1,-1,-1
327,10,1948.7681,1256.582,201.48242000000005,131.3201899999999,0.8011732697486877,-1,-1,-1
328,6,2151.44,1344.7402,202.19628999999986,154.22827000000007,0.8246692419052124,-1,-1,-1
328,10,1915.4526,1248.418,207.84375,133.27332,0.8177566528320312,-1,-1,-1
329,6,2167.9536,1347.381,202.12987999999996,152.77222000000006,0.8445185422897339,-1,-1,-1
329,10,1880.7269,1240.3475,213.9254199999998,138.1739500000001,0.8139110207557678,-1,-1,-1
330,6,2184.95,1350.2899,206.38524999999981,148.11583999999993,0.8068211078643799,-1,-1,-1
330,10,1832.3517,1229.6803,236.95250999999985,144.88952999999992,0.8262243866920471,-1,-1,-1
331,6,2206.9019,1352.1277,215.7123999999999,146.3095699999999,0.8253341317176819,-1,-1,-1
331,10,1796.428,1218.6432,239.48046999999997,153.03467,0.8475509881973267,-1,-1,-1
332,6,2224.2954,1356.4111,205.42162999999982,141.41088999999988,0.8482475876808167,-1,-1,-1
332,10,1754.9104,1210.5455,250.31713999999988,153.12317000000007,0.8607393503189087,-1,-1,-1
333,6,2245.5598,1361.6614,197.4362799999999,140.70312000000013,0.8540213108062744,-1,-1,-1
333,10,1711.4655,1198.1084,263.7188699999999,160.57250999999997,0.8350449800491333,-1,-1,-1
334,6,2253.0127,1360.227,197.4975599999998,144.9273700000001,0.8636199235916138,-1,-1,-1
334,10,1666.6306,1186.7307,293.32641999999987,166.7998,0.835508406162262,-1,-1,-1
335,6,2264.6287,1363.477,196.59204,141.52490000000012,0.8393315076828003,-1,-1,-1
335,10,1626.626,1185.4066,312.45117000000005,165.31555000000003,0.8393446207046509,-1,-1,-1
336,6,2278.882,1365.0446,188.2233900000001,140.06225999999992,0.8359120488166809,-1,-1,-1
336,10,1580.1221,1182.7097,326.84142999999995,163.03624999999988,0.8307768702507019,-1,-1,-1
337,6,2290.6687,1368.8281,191.64672999999993,134.7521999999999,0.8447796702384949,-1,-1,-1
337,10,1530.8007,1175.6753,309.4445800000001,169.82886000000008,0.8593258261680603,-1,-1,-1
338,6,2300.607,1372.2552,190.7727,131.68859999999995,0.8179998993873596,-1,-1,-1
338,10,1474.5022,1168.3202,320.97656000000006,173.1766399999999,0.8583399653434753,-1,-1,-1
339,6,2317.669,1371.7816,183.89453000000003,133.6322,0.815792977809906,-1,-1,-1
339,10,1419.2413,1158.3674,328.36426000000006,182.97399999999993,0.840754508972168,-1,-1,-1
340,6,2332.9236,1379.2601,176.9692399999999,126.57348999999999,0.8250685334205627,-1,-1,-1
340,10,1354.754,1151.7543,343.38074000000006,188.33655,0.8669031262397766,-1,-1,-1
341,6,2343.8345,1382.9141,174.16138,124.42626999999993,0.8066796660423279,-1,-1,-1
341,10,1289.8035,1141.6973,365.3301999999999,197.66992000000005,0.8558769822120667,-1,-1,-1
342,6,2357.9055,1380.9308,169.3408199999999,126.42455999999993,0.8338165283203125,-1,-1,-1
342,10,1216.3267,1131.9175,385.08545000000004,210.79492000000005,0.8593891263008118,-1,-1,-1
343,6,2368.3777,1382.6858,166.04491999999982,123.90868999999998,0.7896501421928406,-1,-1,-1
343,10,1127.6919,1124.1094,417.8352,221.41064000000006,0.8555475473403931,-1,-1,-1
344,6,2373.7722,1382.9014,177.54638999999997,124.86499000000003,0.7913645505905151,-1,-1,-1
344,10,1045.9128,1117.6842,438.05005000000006,232.41906999999992,0.8495791554450989,-1,-1,-1
345,6,2374.5579,1382.3126,177.90185999999994,126.42334000000005,0.7067959904670715,-1,-1,-1
345,10,942.37476,1102.6344,482.36304000000007,255.31774999999993,0.8433924317359924,-1,-1,-1
346,10,826.6869,1093.4407,524.6344,273.3695,0.8435470461845398,-1,-1,-1
347,6,2405.281,1384.3182,153.42162999999982,126.29944,0.6198418140411377,-1,-1,-1
347,10,682.7081,1081.2097,597.61926,295.03723000000014,0.8347415924072266,-1,-1,-1
348,6,2423.1985,1386.2278,136.48657000000003,121.53857399999993,0.6862375140190125,-1,-1,-1
348,10,521.4276,1065.7875,672.89966,326.2428,0.8476386666297913,-1,-1,-1
349,6,2435.6028,1380.7588,124.39721999999983,128.04784999999993,0.6687145233154297,-1,-1,-1
349,10,346.60367,1052.6584,742.8009,353.93346999999994,0.8509265780448914,-1,-1,-1
350,10,124.947815,1052.3298,856.50385,367.8470500000001,0.8198840618133545,-1,-1,-1
351,10,18.932343,1031.6571,832.63684,408.37805000000003,0.7975161075592041,-1,-1,-1
352,10,1.1360168,1035.5968,696.7883,428.3932,0.6046738028526306,-1,-1,-1
382,11,0.062561035,798.0948,473.86917,509.06366000000014,0.6172894835472107,-1,-1,-1
383,11,0.0,822.7533,543.99634,488.93884000000014,0.719120979309082,-1,-1,-1
384,11,0.0,846.2329,655.12726,476.52222000000006,0.6623359322547913,-1,-1,-1
387,11,0.37246704,882.4287,872.431,442.86377000000005,0.7220277190208435,-1,-1,-1
388,11,8.329086,889.3843,961.90594,441.39513999999997,0.6806804537773132,-1,-1,-1
389,11,119.480515,900.4192,923.7287000000001,444.5953400000001,0.7758394479751587,-1,-1,-1
390,11,191.55807,918.51715,921.9270999999999,426.3363599999999,0.7641782760620117,-1,-1,-1
391,11,308.10632,969.65686,870.3495999999999,382.13977,0.7321035265922546,-1,-1,-1
392,11,399.24564,968.3485,832.619,388.06128,0.8357634544372559,-1,-1,-1
393,11,485.92044,981.52954,805.5365,380.17273,0.8489295244216919,-1,-1,-1
394,11,568.72546,991.2987,772.41736,373.19495000000006,0.8516255617141724,-1,-1,-1
395,11,647.8287,1014.77966,742.7438400000001,355.62854000000004,0.8371467590332031,-1,-1,-1
396,11,742.97394,1033.839,695.3686000000001,341.2910200000001,0.8653861880302429,-1,-1,-1
397,11,822.5221,1044.8127,671.26465,337.27637000000004,0.8614851832389832,-1,-1,-1
398,11,904.2328,1052.2076,627.4932999999999,332.8137199999999,0.8713855147361755,-1,-1,-1
399,11,988.6255,1063.5173,590.6274399999999,323.93677,0.8860575556755066,-1,-1,-1
400,11,1055.1069,1068.9891,561.14294,321.36804000000006,0.8711776733398438,-1,-1,-1
401,11,1123.7275,1077.698,534.9729,314.61462000000006,0.8675031661987305,-1,-1,-1
402,11,1197.3724,1098.9532,505.46299999999997,300.42724999999996,0.8740280866622925,-1,-1,-1
403,11,1268.3011,1122.7655,483.1670999999999,280.10132,0.8664565682411194,-1,-1,-1
404,11,1316.0419,1124.9084,470.78856999999994,279.6035199999999,0.8676537275314331,-1,-1,-1
405,11,1369.8135,1137.0886,451.69921999999997,266.66356999999994,0.8760228157043457,-1,-1,-1
406,11,1419.3923,1151.3794,438.4394500000001,258.0951,0.8827000856399536,-1,-1,-1
407,11,1474.6838,1162.2305,419.2102,252.93433000000005,0.8855903148651123,-1,-1,-1
408,11,1519.9072,1169.8154,410.33142,246.88562000000002,0.8650502562522888,-1,-1,-1
409,11,1564.3301,1168.9866,392.68506,246.61059999999998,0.8556458353996277,-1,-1,-1
410,11,1605.2476,1168.4034,384.11914,249.73620000000005,0.85100257396698,-1,-1,-1
411,11,1650.5483,1175.0911,365.93237,251.12659000000008,0.8311740756034851,-1,-1,-1
412,11,1696.9192,1199.2218,354.0746999999999,231.80627000000004,0.8230717182159424,-1,-1,-1
413,11,1739.8285,1216.7251,339.45496,218.47289999999998,0.8365160226821899,-1,-1,-1
414,11,1772.2183,1220.801,328.9856,219.2258300000001,0.8560385704040527,-1,-1,-1
415,11,1810.3699,1231.0737,318.68090000000007,212.86365,0.8500707745552063,-1,-1,-1
416,11,1841.5192,1241.3042,318.9386000000002,204.6540500000001,0.8090213537216187,-1,-1,-1
417,11,1872.3828,1243.9818,314.1186500000001,203.20325000000003,0.8502191305160522,-1,-1,-1
