1,0,128.68579,432.58224,214.02664,162.49515000000002,0.6655378341674805,-1,-1,-1
2,0,122.7906,428.96246,215.39894000000004,157.29583999999994,0.8582301139831543,-1,-1,-1
3,0,115.30907,426.55472,210.12397999999996,150.36599999999999,0.8276394009590149,-1,-1,-1
4,0,110.27338,422.45728,204.92874000000003,148.39080999999993,0.7909426689147949,-1,-1,-1
5,0,103.80008,417.1798,199.98795,147.13666,0.6256932616233826,-1,-1,-1
7,0,94.58451,410.68823,189.44854999999998,144.35883,0.6006889343261719,-1,-1,-1
16,1,0.33405304,572.3162,168.1785,378.92584,0.6052910685539246,-1,-1,-1
17,1,0.10028839,575.428,217.4812,413.85168,0.608104407787323,-1,-1,-1
20,2,0.0,603.07184,496.78772,493.1952499999999,0.7740169167518616,-1,-1,-1
21,2,0.17929077,607.2011,651.541,541.347,0.777813196182251,-1,-1,-1
22,2,0.0,613.7634,804.70184,563.5038999999999,0.7314920425415039,-1,-1,-1
23,2,0.4172516,631.607,961.9582,578.45135,0.7245321869850159,-1,-1,-1
24,2,0.0,631.25476,1175.9609,632.0967,0.7855867743492126,-1,-1,-1
25,2,40.06775,667.5815,1366.558,655.2012299999999,0.7513583302497864,-1,-1,-1
26,2,97.49115,679.5996,1533.4343,712.8247999999999,0.7281342148780823,-1,-1,-1
53,3,1481.7157,488.7027,1075.2013,521.2351699999999,0.654465913772583,-1,-1,-1
54,3,1441.203,490.50354,1115.7057,521.7529,0.6766760349273682,-1,-1,-1
55,3,1497.0583,493.37555,1060.2771,516.9639,0.79613196849823,-1,-1,-1
56,3,1482.1727,495.42435,1075.4672,517.08936,0.7869145274162292,-1,-1,-1
57,3,1396.5164,488.47467,1163.4836,524.4546499999999,0.7669626474380493,-1,-1,-1
58,3,1352.2955,490.9732,1207.7045,526.0541,0.7718122601509094,-1,-1,-1
59,3,1209.3096,485.94632,1350.6904,527.57544,0.7701114416122437,-1,-1,-1
60,3,1131.3145,486.52008,1382.7166000000002,525.7413,0.7927067875862122,-1,-1,-1
61,3,1068.7548,487.11044,1359.5062,524.80115,0.7894869446754456,-1,-1,-1
62,3,869.2833,500.33136,1441.6045999999997,514.75586,0.7913533449172974,-1,-1,-1
63,3,772.8546,501.29578,1432.2849999999999,517.8866600000001,0.786666750907898,-1,-1,-1
64,3,747.20306,501.12643,1367.8727999999999,521.354,0.7807028293609619,-1,-1,-1
65,3,557.66205,498.13422,1467.8701,520.9033,0.790181577205658,-1,-1,-1
66,3,544.6239,487.60745,1395.7709,530.20593,0.7622430324554443,-1,-1,-1
67,3,395.27557,483.17966,1338.4282,544.9492,0.7790395021438599,-1,-1,-1
68,3,286.96274,485.28723,1368.8003,538.31726,0.7786558866500854,-1,-1,-1
69,3,127.951965,487.89307,1425.8799,545.0403999999999,0.7293349504470825,-1,-1,-1
70,3,6.5231323,489.99548,1385.5132,545.2661,0.7517186403274536,-1,-1,-1
71,3,0.0,491.58832,1277.0531,543.5067999999999,0.7283176183700562,-1,-1,-1
72,3,0.0,495.2272,1207.8722,535.3427999999999,0.607379138469696,-1,-1,-1
82,4,1537.5325,502.77634,1018.4948999999999,501.33101999999997,0.6403298377990723,-1,-1,-1
83,4,1466.9692,497.98975,1089.6150000000002,509.30237000000005,0.7623996138572693,-1,-1,-1
84,4,1264.4565,490.24878,1295.5435,516.5514,0.734029233455658,-1,-1,-1
85,4,1126.1777,508.93204,1353.0356,497.61124,0.7610393762588501,-1,-1,-1
86,4,1011.893,514.27356,1341.9717,492.7897300000001,0.7451414465904236,-1,-1,-1
87,4,982.74536,508.78006,1228.2935000000002,496.1157,0.7952850461006165,-1,-1,-1
88,4,869.6874,531.8377,1199.9104999999997,426.53174,0.7130707502365112,-1,-1,-1
92,5,182.35062,534.55145,1266.0273,473.7443999999999,0.6087513566017151,-1,-1,-1
93,5,0.0,528.3839,1372.3254,490.44309999999996,0.6407028436660767,-1,-1,-1
97,6,1893.0723,497.84644,665.3349599999999,352.4187,0.7335363030433655,-1,-1,-1
98,6,1799.4546,493.41003,760.5454,355.02685999999994,0.8420270681381226,-1,-1,-1
99,6,1698.4365,500.11142,855.4413999999999,345.55875,0.866716206073761,-1,-1,-1
100,6,1591.8737,503.8234,873.2478999999998,341.6815,0.8704776167869568,-1,-1,-1
101,6,1477.8827,505.42053,879.2267000000002,344.08215000000007,0.871167778968811,-1,-1,-1
102,6,1372.206,509.65784,869.2627,335.18750000000006,0.8503409028053284,-1,-1,-1
103,6,1279.8743,503.4148,860.5627399999998,340.94055000000003,0.8625374436378479,-1,-1,-1
104,6,1185.3434,500.2322,849.92786,344.20504999999997,0.8566319942474365,-1,-1,-1
105,6,1097.3894,495.47684,844.9335999999998,349.6671999999999,0.8527932167053223,-1,-1,-1
106,6,1004.1223,493.3719,831.2717,350.94403,0.8768781423568726,-1,-1,-1
107,6,917.51,499.62033,816.8529999999998,340.23684999999995,0.8352881073951721,-1,-1,-1
108,6,837.03625,497.58142,802.01697,339.6563699999999,0.8436650633811951,-1,-1,-1
109,6,755.43225,499.58893,800.4894,334.81567000000007,0.8459491729736328,-1,-1,-1
110,6,678.35986,491.6587,797.8002999999999,340.1311,0.8432078957557678,-1,-1,-1
113,6,499.60272,502.54858,732.8553,318.93432999999993,0.8377658128738403,-1,-1,-1
114,6,443.84717,504.1769,708.7442599999999,305.0519,0.8472529053688049,-1,-1,-1
115,6,404.85703,500.42426,678.0604,304.05365000000006,0.8789084553718567,-1,-1,-1
116,6,357.56543,500.08072,659.37415,297.3146,0.8737026453018188,-1,-1,-1
117,6,331.58798,495.5591,622.32996,292.90402,0.8738723397254944,-1,-1,-1
118,6,289.61224,489.80414,612.8974000000001,293.92926000000006,0.8756086826324463,-1,-1,-1
119,6,262.90118,487.0221,577.9745499999999,288.8884300000001,0.8862465620040894,-1,-1,-1
120,6,237.42882,481.88776,552.4015,287.85004,0.8957091569900513,-1,-1,-1
121,6,216.95786,479.5188,529.50867,280.43059999999997,0.8914648294448853,-1,-1,-1
122,6,200.54213,476.91635,494.8394799999999,273.03983,0.9062609672546387,-1,-1,-1
123,6,181.21544,471.43866,474.3473000000001,268.35210000000006,0.8896105885505676,-1,-1,-1
124,6,160.6562,468.8739,456.01380000000006,263.0551,0.9026071429252625,-1,-1,-1
125,6,156.95175,464.42795,424.85562,257.13785000000007,0.881575882434845,-1,-1,-1
126,6,143.27853,460.30762,404.48093,254.90673999999996,0.8805592656135559,-1,-1,-1
127,6,129.31303,457.333,387.95867999999996,246.01787999999993,0.8825379610061646,-1,-1,-1
128,6,122.889366,451.7134,375.026,242.37374999999997,0.9000089168548584,-1,-1,-1
129,6,119.40548,446.01862,348.709,239.00885,0.9044870138168335,-1,-1,-1
130,6,114.78222,447.36435,334.98938,225.21450999999996,0.89308762550354,-1,-1,-1
131,6,113.51535,439.36615,314.14032,223.11383000000006,0.9019558429718018,-1,-1,-1
132,6,105.8617,433.5633,306.0522,217.30500000000006,0.8964565992355347,-1,-1,-1
133,6,105.832375,434.4902,290.36154,210.16824000000003,0.8916710615158081,-1,-1,-1
134,6,102.23258,433.60245,273.97623,201.73208999999997,0.8808439373970032,-1,-1,-1
135,6,98.47756,426.02625,267.6724,199.97815000000003,0.8836233019828796,-1,-1,-1
136,6,93.97399,422.62253,259.63257,193.59213,0.8855893611907959,-1,-1,-1
137,6,91.78295,416.27435,249.45703,191.26384999999993,0.8619805574417114,-1,-1,-1
138,6,86.36794,414.6376,249.96734999999998,186.31606999999997,0.8626402616500854,-1,-1,-1
139,6,85.303955,411.49887,237.50595,179.31766000000005,0.8626938462257385,-1,-1,-1
140,6,80.72531,404.62253,231.29263000000003,179.34006,0.8578071594238281,-1,-1,-1
141,6,79.84917,398.75555,222.07770999999997,176.11602999999997,0.8692562580108643,-1,-1,-1
142,6,77.57481,395.76736,217.8807,174.25155999999998,0.8792794942855835,-1,-1,-1
143,6,72.07249,395.9295,216.03591999999998,165.71655000000004,0.8755239844322205,-1,-1,-1
144,6,70.06891,391.74377,212.18935999999997,166.19249999999994,0.8842002153396606,-1,-1,-1
145,6,67.24637,392.0488,203.70849999999996,160.30044999999996,0.8798397779464722,-1,-1,-1
146,6,63.55523,389.2026,199.24582000000004,158.28055,0.8753777742385864,-1,-1,-1
147,6,59.979744,387.27667,196.34027000000003,153.06609999999995,0.8808903694152832,-1,-1,-1
148,6,56.70681,384.0993,193.99298,152.01434,0.8786552548408508,-1,-1,-1
149,6,56.497345,379.26398,187.08344,151.48309999999998,0.8858506679534912,-1,-1,-1
150,6,52.605953,379.7601,183.99289,145.53213999999997,0.8804159164428711,-1,-1,-1
151,6,52.633972,379.7213,180.15892,141.99719999999996,0.8661819696426392,-1,-1,-1
152,6,48.963985,378.94012,179.39468,138.18195000000003,0.8705189824104309,-1,-1,-1
153,6,48.333435,377.46735,172.15744,135.56804999999997,0.868160605430603,-1,-1,-1
154,6,48.398495,373.722,167.04774,137.05383,0.8628657460212708,-1,-1,-1
155,6,48.64168,372.04077,163.03772,134.56878999999998,0.8671514391899109,-1,-1,-1
156,6,45.272198,367.78702,162.23251,133.58443999999997,0.8609510660171509,-1,-1,-1
156,9,1943.0032,484.67108,616.4294399999999,378.33189999999996,0.7237780094146729,-1,-1,-1
157,6,46.53051,369.6527,153.4454,127.80547999999999,0.882496178150177,-1,-1,-1
157,9,1780.53,482.53534,777.1504000000002,389.38244999999995,0.7618532776832581,-1,-1,-1
158,6,41.891342,369.75616,155.09354,126.67023,0.8564968705177307,-1,-1,-1
158,9,1668.635,487.17065,885.1269500000001,385.4756,0.8438071012496948,-1,-1,-1
159,6,38.657875,365.02692,150.66638,126.34766000000002,0.8647884726524353,-1,-1,-1
159,9,1601.0376,476.52527,958.9623999999999,402.55127000000005,0.8548529744148254,-1,-1,-1
160,6,35.13607,365.23758,148.72488,122.50290000000001,0.8559432029724121,-1,-1,-1
160,9,1459.9719,484.15704,1032.1931,389.72046000000006,0.844903290271759,-1,-1,-1
161,6,27.387562,360.2763,153.22557,124.824524,0.8812519311904907,-1,-1,-1
161,9,1341.8018,478.2402,1050.9264999999998,394.76089999999994,0.8382471799850464,-1,-1,-1
162,6,26.025848,361.38635,148.73854,119.904785,0.8548181056976318,-1,-1,-1
162,9,1236.1544,479.3407,1056.7115,393.76343,0.8259520530700684,-1,-1,-1
163,6,24.418407,357.77493,148.43376,122.87984999999998,0.8722919225692749,-1,-1,-1
163,9,1122.193,475.11124,1046.7744999999998,394.92294,0.8327863812446594,-1,-1,-1
164,6,20.997753,355.21735,146.4604,120.24514999999997,0.8913241624832153,-1,-1,-1
164,9,1023.8297,475.64877,1034.0917000000002,394.19223,0.8507840037345886,-1,-1,-1
165,6,18.603096,354.9253,144.86078,118.10943600000002,0.8792904019355774,-1,-1,-1
165,9,929.5465,477.41132,1017.4463,387.68829999999997,0.8404881358146667,-1,-1,-1
166,6,18.324966,352.10883,141.89897,118.03771999999998,0.8821634650230408,-1,-1,-1
166,9,848.4597,474.10385,993.0700700000001,389.32388,0.8504984378814697,-1,-1,-1
167,6,15.867472,352.23694,141.34724,117.75391000000002,0.856322169303894,-1,-1,-1
167,9,775.3673,471.64902,958.20276,390.42343,0.885828971862793,-1,-1,-1
168,6,12.240157,351.99478,141.09349,115.46493499999997,0.7970836758613586,-1,-1,-1
168,9,682.6317,476.60913,942.3058,382.48718,0.8584935069084167,-1,-1,-1
169,6,13.205991,353.5585,136.02512,112.13272,0.7757710814476013,-1,-1,-1
169,9,619.66943,480.27878,907.5211,375.00613,0.8836660981178284,-1,-1,-1
170,6,6.488409,349.62775,140.28712,112.91736000000003,0.6268692016601562,-1,-1,-1
170,9,545.2009,472.2679,888.7737,378.01039999999995,0.8933020234107971,-1,-1,-1
171,9,483.8116,471.33652,865.06836,372.90590000000003,0.8724423050880432,-1,-1,-1
172,9,410.40982,477.22327,855.3167999999998,362.61475,0.8729943633079529,-1,-1,-1
173,9,351.5242,475.97052,830.2445,356.86096000000003,0.8363458514213562,-1,-1,-1
175,9,280.42325,477.31763,753.3597399999999,344.7385300000001,0.7336354851722717,-1,-1,-1
176,9,233.30658,476.36816,717.1787000000002,335.31848,0.8130184412002563,-1,-1,-1
177,9,204.69086,476.159,668.4277300000001,326.78693,0.8025909066200256,-1,-1,-1
178,9,186.37375,474.53598,634.3605,321.996,0.8196566700935364,-1,-1,-1
179,9,151.51056,470.69382,634.5700000000002,313.81802,0.8434105515480042,-1,-1,-1
180,9,133.43863,466.33478,575.91736,308.1043000000001,0.875968873500824,-1,-1,-1
181,9,121.427765,463.28943,535.8135,299.2608599999999,0.8895835280418396,-1,-1,-1
182,9,111.59641,460.40482,500.4100000000001,289.7189599999999,0.9005921483039856,-1,-1,-1
183,9,108.41892,454.97797,464.19356999999997,286.01446999999996,0.8926818370819092,-1,-1,-1
184,9,102.35626,447.66504,437.347,279.5221,0.9011219143867493,-1,-1,-1
185,9,93.39954,445.97443,415.80096,272.65057,0.8955395221710205,-1,-1,-1
186,9,90.145874,441.2467,391.31445,270.64939999999996,0.8950756788253784,-1,-1,-1
187,9,81.54617,437.8914,374.50748,262.1723999999999,0.8974231481552124,-1,-1,-1
188,9,78.69297,433.20923,350.7806,253.27753,0.8997909426689148,-1,-1,-1
189,9,72.86034,429.41055,333.00177,241.09854,0.905692994594574,-1,-1,-1
190,9,75.824615,428.15088,316.7901,234.59716999999995,0.9005016684532166,-1,-1,-1
191,9,76.98231,424.5662,298.06995,229.56393000000003,0.9009552001953125,-1,-1,-1
192,9,75.411415,417.43607,285.86439999999993,227.74081,0.8976530432701111,-1,-1,-1
193,9,76.22958,414.90067,278.11533,222.70090000000005,0.890897810459137,-1,-1,-1
194,9,76.80663,412.497,264.0825,215.16424999999998,0.8761561512947083,-1,-1,-1
195,9,75.88932,410.29126,256.0262,208.13976999999994,0.8889927268028259,-1,-1,-1
196,9,75.02899,406.69495,248.62807999999998,204.46337999999997,0.893511176109314,-1,-1,-1
197,9,75.32628,404.682,240.48293,197.28265,0.8901188969612122,-1,-1,-1
198,9,70.767654,401.28345,233.95274,192.72600999999997,0.8740337491035461,-1,-1,-1
199,9,66.024475,397.3263,232.22092000000004,186.28735,0.8683189749717712,-1,-1,-1
200,9,64.283615,396.15942,228.25645000000003,179.61242999999996,0.8672927618026733,-1,-1,-1
201,9,65.59859,391.22888,220.64280000000002,178.29845999999998,0.8756869435310364,-1,-1,-1
202,9,61.216278,391.81665,218.74329,170.73163,0.8936602473258972,-1,-1,-1
203,9,60.301075,391.851,213.54331999999997,165.40314,0.8743497133255005,-1,-1,-1
204,9,59.20084,390.5484,206.89014,162.01508,0.8822765946388245,-1,-1,-1
205,9,57.360535,388.36365,200.91009999999997,158.53943000000004,0.9055436849594116,-1,-1,-1
206,9,53.19172,385.4857,201.70529,155.20473999999996,0.8638392090797424,-1,-1,-1
207,9,53.954296,380.42252,192.69334,153.13956000000002,0.8646958470344543,-1,-1,-1
207,10,1752.9885,481.5959,803.3723,382.6999,0.7700222730636597,-1,-1,-1
208,9,51.69201,379.155,188.40485,149.07119999999998,0.8700387477874756,-1,-1,-1
208,10,1644.5493,483.86246,912.8972000000001,382.40005,0.8357473611831665,-1,-1,-1
209,9,50.22703,378.2749,182.75313,146.80895999999996,0.8782081007957458,-1,-1,-1
209,10,1491.4288,472.50107,1052.2604,393.85208,0.8269802331924438,-1,-1,-1
210,9,46.589584,374.89893,181.72902,145.51361000000003,0.8653530478477478,-1,-1,-1
210,10,1351.2097,463.45135,1068.9014,396.31293,0.8475246429443359,-1,-1,-1
211,9,44.334507,375.9671,179.82146,140.41826999999995,0.868278980255127,-1,-1,-1
211,10,1210.5829,456.23328,1055.8522,398.5391200000001,0.8316693305969238,-1,-1,-1
212,9,43.786945,374.73932,172.76236,135.69653,0.8710391521453857,-1,-1,-1
212,10,1094.9636,447.77493,1041.272,402.35294000000005,0.8351818323135376,-1,-1,-1
213,9,43.911114,372.78986,164.64008,132.58923,0.8788063526153564,-1,-1,-1
213,10,996.5753,452.18597,1003.2059300000001,395.49334999999996,0.8481031060218811,-1,-1,-1
214,9,37.631264,371.03348,163.92578000000003,130.02762,0.8729227781295776,-1,-1,-1
214,10,884.0327,453.42438,980.0458000000001,387.26825,0.8622727394104004,-1,-1,-1
215,9,39.71924,366.80566,158.41276999999997,132.93548999999996,0.8673832416534424,-1,-1,-1
215,10,784.0555,449.07697,955.65826,387.65629999999993,0.8532643914222717,-1,-1,-1
216,9,31.821747,368.43643,161.02106,128.83401000000003,0.8640795946121216,-1,-1,-1
216,10,677.53186,458.62634,929.1786,375.35217,0.8696547746658325,-1,-1,-1
217,9,29.065784,365.84955,159.9855,127.43988000000002,0.8543858528137207,-1,-1,-1
217,10,596.2605,462.16217,899.1999500000001,369.8983799999999,0.8749635219573975,-1,-1,-1
218,9,27.363472,363.6031,155.41461,125.27008000000001,0.8649066686630249,-1,-1,-1
218,10,512.7461,457.56546,871.2035,368.8545199999999,0.8553354144096375,-1,-1,-1
219,9,23.812027,358.68073,154.67976,126.88522,0.8631125092506409,-1,-1,-1
219,10,440.63538,451.20294,860.2682,365.04065,0.8414648175239563,-1,-1,-1
220,9,21.088638,357.91357,149.94731,124.06970000000001,0.846265435218811,-1,-1,-1
220,10,381.87805,456.6606,807.7295999999999,349.85953,0.8549528121948242,-1,-1,-1
221,9,21.426563,357.9325,147.83192000000003,120.41156000000001,0.880149781703949,-1,-1,-1
221,10,339.34808,456.74872,761.2752,343.31604,0.8618346452713013,-1,-1,-1
222,9,18.558254,355.50217,147.36087,121.32181000000003,0.8546373844146729,-1,-1,-1
222,10,285.3769,447.8329,718.62244,342.65405,0.8505051732063293,-1,-1,-1
223,9,15.714283,353.3624,145.60179,119.65011600000003,0.863155722618103,-1,-1,-1
223,10,251.3488,452.98578,680.3,329.5893,0.8659555315971375,-1,-1,-1
224,9,13.365355,351.50485,141.64774,118.70926000000003,0.8193513751029968,-1,-1,-1
224,10,211.85318,451.0708,628.65515,319.7389,0.8683314323425293,-1,-1,-1
225,9,14.603348,351.1476,139.23796,115.61248999999998,0.8118267059326172,-1,-1,-1
225,10,181.80435,454.14832,611.20544,301.64362000000006,0.8773075938224792,-1,-1,-1
226,9,12.807121,351.06744,138.3862,114.11474600000003,0.7729386687278748,-1,-1,-1
226,10,162.8302,447.0134,559.70654,299.84787,0.8761898875236511,-1,-1,-1
227,9,8.237085,351.037,138.7281,111.58391999999998,0.8060015439987183,-1,-1,-1
227,10,139.32144,444.57474,531.8106700000001,290.72495000000004,0.8886409401893616,-1,-1,-1
228,9,6.0951233,349.9508,136.37178,110.53701999999998,0.6531980037689209,-1,-1,-1
228,10,125.75031,440.56177,497.24792,283.16832999999997,0.8954154253005981,-1,-1,-1
229,9,5.8445644,346.97952,135.62955,112.13454999999999,0.692088782787323,-1,-1,-1
229,10,118.51181,437.86005,468.14273000000003,275.2229,0.8938565850257874,-1,-1,-1
230,10,111.081604,429.86426,437.44952,273.99316000000005,0.8929648995399475,-1,-1,-1
231,9,5.2172565,345.80734,130.5461,111.19918999999999,0.6641027331352234,-1,-1,-1
231,10,103.40309,429.6015,408.87604,259.08439999999996,0.9124155640602112,-1,-1,-1
232,10,96.07147,424.98352,378.54600000000005,250.27087000000006,0.9043682813644409,-1,-1,-1
233,10,90.63591,419.23804,357.00232000000005,243.69598000000002,0.8942529559135437,-1,-1,-1
234,10,83.037186,415.64032,336.33356,233.70929,0.8998657464981079,-1,-1,-1
234,11,1965.8734,557.9768,594.1266,296.59656000000007,0.7065140604972839,-1,-1,-1
235,10,81.87546,407.1457,318.6463600000001,236.36005000000006,0.8974104523658752,-1,-1,-1
235,11,1831.9684,553.5879,728.0316,299.97595,0.821685254573822,-1,-1,-1
236,10,81.802666,404.3365,297.14218,229.32019000000003,0.9006482362747192,-1,-1,-1
236,11,1709.0225,560.0023,815.2563500000001,293.50183000000004,0.8299584984779358,-1,-1,-1
237,10,80.67771,401.05566,281.15427,223.61388999999997,0.8837553262710571,-1,-1,-1
237,11,1582.9205,562.542,819.6302499999999,289.84479999999996,0.8297696709632874,-1,-1,-1
238,10,79.54365,393.9621,268.9928,219.78569999999996,0.8948756456375122,-1,-1,-1
238,11,1482.4319,561.471,798.9252999999999,289.3225,0.8291008472442627,-1,-1,-1
239,10,76.968155,392.1881,259.64075,213.97961000000004,0.891430139541626,-1,-1,-1
239,11,1352.586,560.6166,795.8968499999999,288.60450000000003,0.8648874163627625,-1,-1,-1
240,10,75.914,387.22345,251.34354000000002,207.31518999999997,0.8938188552856445,-1,-1,-1
240,11,1228.0918,561.3639,806.19165,286.726,0.8268181681632996,-1,-1,-1
241,10,65.818016,388.56793,249.923,196.62628,0.88839191198349,-1,-1,-1
241,11,1125.976,557.7396,793.2027600000001,289.12982,0.8379625082015991,-1,-1,-1
242,10,68.19562,387.19336,236.04399999999998,189.32587,0.8883779048919678,-1,-1,-1
242,11,1018.88806,552.66144,789.4555699999999,290.41534,0.8319172859191895,-1,-1,-1
243,10,63.62117,381.12543,233.34022999999996,187.43834999999996,0.8832297325134277,-1,-1,-1
243,11,934.73236,556.3251,769.3143,284.4652,0.8245278000831604,-1,-1,-1
244,10,58.96963,377.5833,227.22250000000003,184.89153999999996,0.8805440068244934,-1,-1,-1
244,11,830.70483,548.7354,761.1322000000001,285.78094,0.8321058750152588,-1,-1,-1
245,10,56.510727,377.42813,221.15578000000002,179.08339999999998,0.8811966776847839,-1,-1,-1
245,11,763.71246,556.59607,725.9930999999999,273.6984299999999,0.833940327167511,-1,-1,-1
246,10,51.643543,373.24762,219.60698,175.60393999999997,0.8803212642669678,-1,-1,-1
246,11,678.6496,557.4723,720.2695000000001,268.0041,0.8397582769393921,-1,-1,-1
247,10,48.35266,376.54974,214.07488999999998,164.84545999999995,0.8812404274940491,-1,-1,-1
247,11,613.01807,558.73486,690.59766,260.56089999999995,0.8355900645256042,-1,-1,-1
248,10,48.264484,373.12463,206.26242,162.6477,0.8796577453613281,-1,-1,-1
248,11,542.8551,557.348,674.1266,255.65337999999997,0.8293705582618713,-1,-1,-1
249,10,45.32652,370.3155,199.58727,158.49506000000002,0.8885173797607422,-1,-1,-1
249,11,491.15176,551.4855,641.6461000000002,254.96624999999995,0.8426055908203125,-1,-1,-1
250,10,45.823154,372.2804,193.02611000000002,150.96967000000006,0.8846331238746643,-1,-1,-1
250,11,430.5268,547.81885,623.05914,251.66089,0.846297562122345,-1,-1,-1
251,10,44.756393,368.18854,187.39018,150.47821,0.8817075490951538,-1,-1,-1
251,11,392.80316,543.03467,589.21967,247.08130000000006,0.8485093116760254,-1,-1,-1
252,10,43.189564,367.14142,184.06166,147.15839,0.8750301599502563,-1,-1,-1
252,11,345.6598,536.49164,567.6155,242.52135999999996,0.8549270033836365,-1,-1,-1
253,10,41.335163,368.0155,180.74265,141.37779999999998,0.8741959929466248,-1,-1,-1
253,11,326.32135,526.63934,520.4663,246.07732999999996,0.8900745511054993,-1,-1,-1
254,10,38.495636,364.04727,172.9731,141.47156,0.8806763887405396,-1,-1,-1
254,11,292.29425,525.8017,492.5226400000001,240.17926,0.9096492528915405,-1,-1,-1
255,10,37.62932,363.45325,170.15157,136.23611,0.8750542402267456,-1,-1,-1
255,11,276.73407,522.0417,468.56696,235.72455000000002,0.895226240158081,-1,-1,-1
256,10,33.02107,359.58667,167.14494,134.73297000000002,0.879669725894928,-1,-1,-1
256,11,261.11203,517.22644,431.29715,227.94177000000002,0.9106366038322449,-1,-1,-1
257,10,29.76286,359.82788,166.40715,132.51403999999997,0.8779047131538391,-1,-1,-1
257,11,250.01701,513.0402,408.87127999999996,223.85028,0.9018486142158508,-1,-1,-1
258,10,28.21249,359.11743,160.83691,129.65088000000003,0.8812614679336548,-1,-1,-1
258,11,231.16531,506.41846,391.1764800000001,219.58014000000003,0.8976180553436279,-1,-1,-1
259,10,25.223957,359.39362,159.72633000000002,124.55389400000001,0.877682089805603,-1,-1,-1
259,11,215.69415,500.99634,376.3224,218.56293,0.8966004252433777,-1,-1,-1
260,10,24.152313,357.9863,155.98622,124.06332399999997,0.8823302388191223,-1,-1,-1
260,11,207.31407,494.52478,365.2359,216.16399999999993,0.8982856273651123,-1,-1,-1
261,10,19.61723,353.74207,154.4907,123.76418999999999,0.9014009833335876,-1,-1,-1
261,11,197.64099,490.11047,342.75378,209.81041999999997,0.8883759379386902,-1,-1,-1
262,10,20.197182,352.3346,149.28223,121.10840000000002,0.8996405005455017,-1,-1,-1
262,11,187.60477,482.65204,324.45267,208.67266999999998,0.898668646812439,-1,-1,-1
263,10,17.448158,352.55508,149.0286,118.227844,0.8949545621871948,-1,-1,-1
263,11,180.5516,481.37427,312.9956,198.74505999999997,0.8882032632827759,-1,-1,-1
264,10,15.535302,350.8283,144.86926,117.28350999999998,0.8673029541969299,-1,-1,-1
264,11,168.06714,474.73242,303.40942,194.79705999999993,0.9057066440582275,-1,-1,-1
265,10,11.490402,348.69202,146.3579,117.11853000000002,0.8527392745018005,-1,-1,-1
265,11,157.72037,467.13446,293.78116,191.99938999999995,0.9003220796585083,-1,-1,-1
266,10,8.3437395,344.40057,144.3604,119.22833000000003,0.8451851606369019,-1,-1,-1
266,11,147.25859,463.29626,285.80524,188.29626000000002,0.8908794522285461,-1,-1,-1
267,10,5.7831097,344.94247,142.2211,114.25292999999999,0.8493978977203369,-1,-1,-1
267,11,140.88852,460.35858,278.7936000000001,183.16180000000003,0.8884146809577942,-1,-1,-1
268,10,4.995556,344.8728,138.57225,113.194275,0.8486331701278687,-1,-1,-1
268,11,131.43402,455.7569,271.90707,179.79021999999998,0.8801709413528442,-1,-1,-1
269,10,3.3374786,344.19598,135.44142,110.387024,0.8099052906036377,-1,-1,-1
269,11,122.95628,451.66458,264.52893,175.30331,0.8968825340270996,-1,-1,-1
270,10,2.8012466,344.72058,133.43393,110.02692000000002,0.8302810788154602,-1,-1,-1
270,11,114.2112,445.8136,256.72217,171.86462,0.8807932734489441,-1,-1,-1
271,10,1.5971947,339.3039,131.58118,112.37518,0.7631241679191589,-1,-1,-1
271,11,106.92093,441.07288,249.32236,168.93463000000003,0.8689832091331482,-1,-1,-1
272,10,1.4088535,340.37857,129.55461,110.5007,0.6615443229675293,-1,-1,-1
272,11,101.222496,437.32727,241.22225999999998,165.00916000000007,0.8713289499282837,-1,-1,-1
273,11,88.623505,434.23926,236.06026999999997,162.06054999999998,0.8784337043762207,-1,-1,-1
274,11,83.12405,429.55927,227.82741999999996,158.70642000000004,0.8795441389083862,-1,-1,-1
275,11,72.66105,425.3802,226.16794,154.06695999999994,0.8793690204620361,-1,-1,-1
276,11,66.06613,421.79077,218.86493000000002,151.57117,0.8837401270866394,-1,-1,-1
277,11,60.994644,418.08966,212.87788,148.40289999999993,0.8787252902984619,-1,-1,-1
278,11,58.009567,415.81506,204.48921,146.11115000000007,0.878203272819519,-1,-1,-1
279,11,55.533466,411.1407,195.65384,144.19403000000005,0.8905265927314758,-1,-1,-1
280,11,53.07907,407.4585,192.22919,142.79613999999998,0.8807711601257324,-1,-1,-1
281,11,50.567455,404.71368,183.74023,138.30401999999998,0.8754528164863586,-1,-1,-1
282,11,47.7446,402.54877,178.1236,136.71625000000006,0.8719348311424255,-1,-1,-1
283,11,47.096386,397.47723,175.6348,137.21710000000002,0.8851993083953857,-1,-1,-1
284,11,42.64826,394.3341,169.91049,134.64965999999998,0.8808526992797852,-1,-1,-1
285,11,41.453056,391.12006,168.39047,135.01220000000006,0.8949164748191833,-1,-1,-1
286,11,41.021385,389.09732,162.05734,131.01474000000002,0.8819899559020996,-1,-1,-1
287,11,40.28378,389.24054,156.51767,125.85174600000005,0.873982846736908,-1,-1,-1
288,11,33.013264,388.55414,157.98665,122.97027600000001,0.8804899454116821,-1,-1,-1
289,11,31.772419,385.34747,153.87529,122.87881499999997,0.8878708481788635,-1,-1,-1
290,11,31.014252,384.0887,150.04193,119.83374000000003,0.8938669562339783,-1,-1,-1
291,11,27.869907,381.97302,148.59619,118.70758000000001,0.8972039818763733,-1,-1,-1
292,11,26.966,379.9655,141.99213,115.26947000000001,0.877551794052124,-1,-1,-1
293,11,24.24955,376.16928,143.19873,115.13779,0.874304473400116,-1,-1,-1
294,11,22.281681,375.40497,141.16231,113.86078000000003,0.8741256594657898,-1,-1,-1
295,11,19.405832,378.05768,138.6552,106.09427,0.8630685806274414,-1,-1,-1
295,14,1503.7393,286.71027,1051.3549999999998,709.06635,0.6590321660041809,-1,-1,-1
296,11,17.912907,376.3763,136.81903,105.34438999999998,0.8644497394561768,-1,-1,-1
296,14,1149.3406,267.4317,1289.3374,730.02155,0.7174510359764099,-1,-1,-1
297,11,17.958485,372.78732,132.62605,106.30356,0.8548601865768433,-1,-1,-1
297,14,815.48975,316.00418,1309.8241999999998,681.3342,0.6790851950645447,-1,-1,-1
298,11,16.289078,369.17297,129.41731,106.80527000000001,0.8313183188438416,-1,-1,-1
298,14,490.85175,318.81677,1271.9546,681.34735,0.7012947201728821,-1,-1,-1
299,11,12.714815,366.39703,133.93713,104.9588,0.7002680897712708,-1,-1,-1
304,11,5.82798,362.7677,122.32099,95.75342,0.6121245622634888,-1,-1,-1
