4,0,1008.46423,207.26271,589.0624,317.57623,0.6226381063461304,-1,-1,-1
5,0,871.67456,198.32306,723.6314999999998,321.8105,0.7573886513710022,-1,-1,-1
7,0,624.90234,192.44376,738.8719499999999,311.81116,0.6931662559509277,-1,-1,-1
8,0,502.70996,191.53119,703.3755,307.52199999999993,0.7610844969749451,-1,-1,-1
9,0,348.0049,184.62825,737.7623,313.72583,0.7547808289527893,-1,-1,-1
10,0,276.79367,179.39117,686.71594,310.3594,0.7509152293205261,-1,-1,-1
11,0,153.23952,173.63658,704.2298,312.4453,0.7478469014167786,-1,-1,-1
12,0,0.0,174.59293,746.7061,309.87353999999993,0.7761107087135315,-1,-1,-1
13,0,0.0,172.66936,630.74164,307.0298,0.8080277442932129,-1,-1,-1
72,1,1254.2053,310.83267,345.54516999999987,215.03847999999994,0.7605215907096863,-1,-1,-1
73,1,1128.9036,303.1901,471.09644000000003,216.75826999999998,0.8731071949005127,-1,-1,-1
73,2,0.19216537,465.6395,407.1736,342.83597,0.6802316904067993,-1,-1,-1
74,1,1023.3383,304.4049,494.97662,210.23388999999997,0.8398367762565613,-1,-1,-1
75,1,921.2589,295.78043,468.24839999999995,216.08312999999998,0.8820632696151733,-1,-1,-1
75,2,0.0,474.72525,809.0247,352.40305000000006,0.6030319929122925,-1,-1,-1
76,1,806.468,289.71277,454.8473,215.51956,0.8513724207878113,-1,-1,-1
76,2,247.44759,480.55133,763.59814,353.49152000000004,0.6633282899856567,-1,-1,-1
77,1,684.7121,280.1379,466.10429999999997,224.42017000000004,0.837320864200592,-1,-1,-1
77,2,409.02826,489.42297,820.48334,357.3869,0.8150294423103333,-1,-1,-1
78,1,579.46173,284.9839,454.01532,211.92221,0.8552607893943787,-1,-1,-1
78,2,648.78546,489.4948,803.3388999999999,359.9342,0.710353434085846,-1,-1,-1
79,1,471.61703,286.9318,447.86026000000004,205.50577000000004,0.8595107793807983,-1,-1,-1
79,2,897.56165,498.86438,702.43835,361.11237000000006,0.6927337646484375,-1,-1,-1
80,1,357.74078,285.4133,454.529,204.16837000000004,0.8640976548194885,-1,-1,-1
81,1,255.9043,279.4761,452.0212399999999,207.55063,0.8665223717689514,-1,-1,-1
82,1,150.80618,282.81046,456.01553,202.1087,0.8614405393600464,-1,-1,-1
83,1,37.05082,269.61075,455.4366,209.07009999999997,0.8584880828857422,-1,-1,-1
84,1,0.0,266.45578,389.47086,210.44394,0.8728718161582947,-1,-1,-1
165,5,1318.5442,337.4484,281.45579999999995,174.65383999999995,0.7169012427330017,-1,-1,-1
166,5,1220.101,333.9531,379.89905,172.87597999999997,0.8462375998497009,-1,-1,-1
167,5,1106.616,325.29724,452.3589999999999,180.53687000000002,0.8282501101493835,-1,-1,-1
168,5,994.3283,318.84338,418.9644199999999,178.39220999999998,0.8682631254196167,-1,-1,-1
169,5,881.1425,314.59332,435.66107,178.67813,0.8276236653327942,-1,-1,-1
170,5,760.5589,305.5531,431.1718000000001,184.91296,0.8574520945549011,-1,-1,-1
171,5,640.94446,302.64984,427.30102999999997,184.78842000000003,0.8500576019287109,-1,-1,-1
172,5,522.54517,301.19467,428.18420000000003,182.09103,0.8699095845222473,-1,-1,-1
173,5,403.71457,302.0172,431.3684400000001,179.01831000000004,0.8671420216560364,-1,-1,-1
174,5,291.8552,297.49728,421.24014000000005,179.52213,0.8635654449462891,-1,-1,-1
175,5,178.56517,298.32712,429.28668000000005,175.56400000000002,0.8507782220840454,-1,-1,-1
176,5,72.12486,294.7543,424.31787,175.08188,0.8529186248779297,-1,-1,-1
177,5,3.271246,292.3379,375.46063,171.64932,0.8635755777359009,-1,-1,-1
178,5,0.0,288.8533,280.85208,171.73563000000001,0.6604295372962952,-1,-1,-1
225,6,1068.2637,390.44037,531.7363,243.12237999999996,0.8573030829429626,-1,-1,-1
226,6,898.12335,379.42035,589.3625000000001,245.21985000000006,0.8554657101631165,-1,-1,-1
227,6,741.2402,371.56042,607.3848,245.99036,0.8605518937110901,-1,-1,-1
228,6,601.1185,365.06094,562.7593999999999,247.47830000000005,0.8581846356391907,-1,-1,-1
229,6,448.1699,366.59247,618.4281,238.26641999999998,0.780531644821167,-1,-1,-1
230,6,291.69644,360.6097,567.4667,232.75302,0.8611930012702942,-1,-1,-1
231,6,153.80428,352.18823,556.2638,236.95714999999996,0.862545371055603,-1,-1,-1
232,6,26.15714,356.76855,576.6281,227.11450000000002,0.8393463492393494,-1,-1,-1
233,6,0.5282879,343.3519,489.28976,234.64896,0.7979536056518555,-1,-1,-1
243,7,1254.727,340.4729,344.8621800000001,173.35931000000005,0.8071545362472534,-1,-1,-1
244,7,1146.489,333.60486,453.51099999999997,176.13421999999997,0.8545379042625427,-1,-1,-1
245,7,1072.467,328.14575,446.7671,178.40848,0.8348898887634277,-1,-1,-1
246,7,985.1171,318.52618,426.2975500000001,182.6023,0.8436111807823181,-1,-1,-1
247,7,880.24084,319.41852,452.4401999999999,175.95549999999997,0.8332324028015137,-1,-1,-1
248,7,778.5994,312.8467,443.28386999999987,179.42122999999998,0.832161545753479,-1,-1,-1
249,7,691.7635,309.43784,453.1874399999999,181.55176,0.8622884750366211,-1,-1,-1
250,7,578.0042,303.78113,463.01776000000007,183.95624000000004,0.8568598031997681,-1,-1,-1
251,7,488.15717,304.78815,452.8781000000001,178.01404000000002,0.8646786212921143,-1,-1,-1
252,7,398.0818,304.65155,447.56660000000005,176.0899,0.8709160685539246,-1,-1,-1
253,7,309.48856,301.45847,434.43948,174.15018000000003,0.866135835647583,-1,-1,-1
254,7,213.77339,301.6277,441.65784,170.47656,0.8588991165161133,-1,-1,-1
255,7,121.456955,299.11475,450.48865,170.70220999999998,0.8591631054878235,-1,-1,-1
256,7,33.292625,298.9502,446.66327,164.64548000000002,0.8564190864562988,-1,-1,-1
257,7,1.7852068,292.26627,392.70065,169.21326,0.846461832523346,-1,-1,-1
258,7,0.049972534,290.02615,307.79865,168.33908000000002,0.6756994128227234,-1,-1,-1
319,8,1079.6072,385.17575,518.2647999999999,235.80007999999998,0.8639370203018188,-1,-1,-1
320,8,932.0045,377.21835,577.6214599999998,239.26491999999996,0.8535191416740417,-1,-1,-1
321,8,798.9332,371.7604,577.2668499999999,236.69863999999995,0.8594457507133484,-1,-1,-1
321,9,1188.9271,299.43036,411.07287999999994,214.16504000000003,0.8313767313957214,-1,-1,-1
322,8,678.5406,367.91324,534.2059999999999,235.83810000000005,0.8518016934394836,-1,-1,-1
322,9,1101.1316,299.94592,485.75695999999994,209.17156999999997,0.8471127152442932,-1,-1,-1
323,8,539.50183,357.97427,540.6598,236.13852000000003,0.8631126284599304,-1,-1,-1
323,9,997.8151,294.11377,471.25287000000003,208.03560999999996,0.8625914454460144,-1,-1,-1
324,8,401.15366,352.9817,538.7180000000001,235.28191999999996,0.8567616939544678,-1,-1,-1
324,9,886.2905,288.354,469.7418200000001,209.92743000000002,0.8618901371955872,-1,-1,-1
325,8,282.91815,345.9393,524.2828,238.07956000000001,0.8538461327552795,-1,-1,-1
325,9,774.4837,284.97018,465.93010000000004,208.43686000000002,0.8615128993988037,-1,-1,-1
326,8,153.16136,345.2357,557.1792,233.21573000000006,0.8441773653030396,-1,-1,-1
326,9,657.44434,274.4594,481.4709499999999,217.39385999999996,0.8663169741630554,-1,-1,-1
327,8,29.32372,341.22235,566.8565,233.42003999999997,0.7453982830047607,-1,-1,-1
327,9,551.94635,274.6177,465.29053,210.41699,0.8534602522850037,-1,-1,-1
328,9,450.92526,276.0174,455.4905,206.30352999999997,0.8678808212280273,-1,-1,-1
329,9,333.86777,274.70798,461.62050000000005,204.2554,0.8590084910392761,-1,-1,-1
329,10,0.7630348,522.9163,617.45325,303.44104000000004,0.6886931657791138,-1,-1,-1
330,9,231.84186,271.0618,469.15049999999997,206.76218,0.8628053069114685,-1,-1,-1
330,10,22.057629,496.7147,813.4202,338.5049,0.7758568525314331,-1,-1,-1
331,9,122.5049,265.06418,477.96899999999994,205.40038999999996,0.8576353192329407,-1,-1,-1
331,10,243.06142,495.4151,796.97876,351.56096999999994,0.8130353689193726,-1,-1,-1
332,9,15.618086,257.56836,477.4218,209.11510999999996,0.8608474731445312,-1,-1,-1
332,10,462.46524,503.7791,779.91345,351.5387,0.8271226286888123,-1,-1,-1
333,9,0.07982254,242.68976,396.4186,222.19469999999998,0.8584864735603333,-1,-1,-1
333,10,664.18207,501.02206,786.4992000000001,362.92886,0.8206348419189453,-1,-1,-1
334,9,0.0,243.71524,296.74402,214.72040000000004,0.6999360918998718,-1,-1,-1
334,10,848.38904,507.20883,751.61096,364.18417000000005,0.7244173288345337,-1,-1,-1
345,11,1287.8634,340.44366,311.52600000000007,172.86322000000007,0.6320384740829468,-1,-1,-1
346,11,1207.665,338.42676,392.33496000000014,171.35583000000003,0.8554538488388062,-1,-1,-1
347,11,1095.937,335.34113,444.1248800000001,168.45303,0.8412811756134033,-1,-1,-1
348,11,1009.90894,330.80634,399.70360000000005,166.86737,0.8620908856391907,-1,-1,-1
349,11,908.7273,324.13245,411.64624000000003,171.96454,0.8325211405754089,-1,-1,-1
350,11,801.08203,318.5331,408.98131999999987,174.71545000000003,0.8445919752120972,-1,-1,-1
351,11,689.56793,314.66275,417.32318,176.73987,0.8359671235084534,-1,-1,-1
352,11,575.27435,314.16797,440.55304,172.74591000000004,0.8587731719017029,-1,-1,-1
353,11,482.63312,313.606,411.77283000000006,168.62716999999998,0.8778873682022095,-1,-1,-1
354,11,374.27277,308.67343,415.7343,171.69147000000004,0.8709133863449097,-1,-1,-1
355,11,278.53232,305.98593,414.1426,171.43199999999996,0.8722559213638306,-1,-1,-1
356,11,183.09836,308.42133,419.18338,165.63129000000004,0.8621777296066284,-1,-1,-1
357,11,74.52498,305.97388,422.24339999999995,161.13022,0.8636465668678284,-1,-1,-1
358,11,2.2831917,304.9403,397.80215,160.98553000000004,0.8758692741394043,-1,-1,-1
359,11,0.0,300.22607,306.96304,160.89547999999996,0.6387934684753418,-1,-1,-1
378,12,1257.2904,298.31744,342.14905,216.36902000000003,0.86136794090271,-1,-1,-1
379,12,1156.3391,295.3892,442.91650000000004,214.93720000000002,0.8702706694602966,-1,-1,-1
380,12,1057.2458,292.70343,431.25109999999995,213.6221,0.8285498023033142,-1,-1,-1
381,12,960.33936,287.4771,420.18809999999996,212.31061,0.8501015305519104,-1,-1,-1
382,12,852.8612,283.49594,407.85717999999997,212.08267,0.8719819784164429,-1,-1,-1
382,13,0.0,469.67822,448.7503,360.12018,0.6010870337486267,-1,-1,-1
383,12,733.91925,277.05188,420.19500000000005,215.89087,0.862751305103302,-1,-1,-1
384,12,621.50275,274.75134,426.88520000000005,213.69193,0.84220951795578,-1,-1,-1
384,13,0.0,485.0685,851.5047,346.85764000000006,0.7741617560386658,-1,-1,-1
385,12,525.2855,275.96817,398.54242,208.32428,0.8305296897888184,-1,-1,-1
385,13,234.10474,489.60553,865.2782,350.25139999999993,0.7947975993156433,-1,-1,-1
386,12,422.44684,274.65262,411.69977,206.53473000000002,0.8541229367256165,-1,-1,-1
386,13,474.14972,495.4116,857.86127,353.5281,0.7943403124809265,-1,-1,-1
387,12,322.5335,276.2284,405.73894999999993,203.47292999999996,0.8689380288124084,-1,-1,-1
387,13,743.0397,495.90884,778.1948,361.41586,0.8090243339538574,-1,-1,-1
388,12,228.27101,272.6815,402.89270000000005,201.89108,0.859929084777832,-1,-1,-1
388,13,928.5473,499.43915,671.4527,369.83746,0.8022787570953369,-1,-1,-1
389,12,128.9135,270.53467,407.94867,201.51251000000002,0.8577473759651184,-1,-1,-1
390,12,27.827597,268.05045,415.88773,198.44644,0.8549309968948364,-1,-1,-1
391,12,0.6175995,251.01877,349.31433,212.37038999999996,0.7959725856781006,-1,-1,-1
437,14,1092.7759,375.14227,506.18175999999994,230.84643999999997,0.8307855725288391,-1,-1,-1
438,14,973.7772,372.82904,554.9313,226.01227,0.8436600565910339,-1,-1,-1
439,14,846.52,363.5798,549.8451,227.33011,0.8484435677528381,-1,-1,-1
440,14,731.5521,361.51816,538.11316,225.30672999999996,0.8598622679710388,-1,-1,-1
441,14,640.24536,356.7051,520.5149,224.77834999999993,0.8533231019973755,-1,-1,-1
442,14,510.23932,351.85294,537.1529999999999,226.72910000000002,0.8430348634719849,-1,-1,-1
443,14,395.89627,352.9475,522.9654500000001,222.21033,0.8535630702972412,-1,-1,-1
444,14,295.4151,346.2307,547.86115,225.05585000000002,0.8706021904945374,-1,-1,-1
445,14,193.11047,344.30466,539.40955,223.25565000000006,0.8492310047149658,-1,-1,-1
446,14,93.85457,341.93204,548.6079,223.06326000000007,0.8561797142028809,-1,-1,-1
447,14,15.776873,340.68784,538.6839,220.78207000000003,0.8478223085403442,-1,-1,-1
448,14,1.3270378,338.3844,480.57892,218.62756000000002,0.77051842212677,-1,-1,-1
449,14,0.20844936,332.516,382.0287,219.86602999999997,0.6930676102638245,-1,-1,-1
450,14,0.0,335.28796,308.4919,211.61414000000002,0.715465247631073,-1,-1,-1
464,15,1249.7373,337.857,349.7445,173.74088,0.8298215270042419,-1,-1,-1
465,15,1131.5688,333.8349,454.3476599999999,175.57376,0.8158807754516602,-1,-1,-1
466,15,1029.6678,322.05783,431.0807,182.11669999999998,0.8453474044799805,-1,-1,-1
467,15,907.15295,315.14984,447.1212200000001,182.86440999999996,0.8530160188674927,-1,-1,-1
468,15,804.2717,309.87772,424.97704999999996,184.8829,0.8736521601676941,-1,-1,-1
469,15,692.70355,309.5792,435.64362000000006,180.92194,0.8537880182266235,-1,-1,-1
470,15,570.6997,306.68427,436.37158,179.38074,0.8664261698722839,-1,-1,-1
471,15,477.09122,306.3158,420.68912,176.41924999999998,0.8696115612983704,-1,-1,-1
472,15,364.34094,301.31244,421.5025,177.28582999999998,0.8722972869873047,-1,-1,-1
473,15,268.4522,299.93652,405.54364000000004,175.18277,0.8544740080833435,-1,-1,-1
474,15,165.03448,296.28625,414.3304999999999,171.47382,0.7993304133415222,-1,-1,-1
475,15,45.437576,294.03516,424.50592,158.68291999999997,0.7538067102432251,-1,-1,-1
476,15,0.0,292.26575,373.64966,171.14362,0.8147998452186584,-1,-1,-1
477,15,0.0,289.12268,289.21988,168.36258000000004,0.6854215264320374,-1,-1,-1
478,16,278.4478,390.97443,974.6729,458.57068000000004,0.655007004737854,-1,-1,-1
479,16,423.53345,398.26566,992.00745,455.94186,0.6595075130462646,-1,-1,-1
480,16,636.1748,405.18552,963.8252,458.10526000000004,0.6557003855705261,-1,-1,-1
482,16,970.706,410.92645,628.9806500000001,467.9132,0.6246708035469055,-1,-1,-1
501,17,14.701557,455.11816,776.9982,346.653,0.7300031781196594,-1,-1,-1
502,17,162.17339,466.6502,792.613,346.32226999999995,0.8226082921028137,-1,-1,-1
503,17,334.9017,471.85938,794.84937,349.09075999999993,0.8062615990638733,-1,-1,-1
504,17,523.789,467.68924,786.8814,358.8593399999999,0.800889790058136,-1,-1,-1
505,17,693.6313,475.9145,799.8848,356.34039999999993,0.7810893058776855,-1,-1,-1
506,17,887.0338,485.42117,712.9662,353.21335000000005,0.7710245847702026,-1,-1,-1
589,18,1209.9961,323.7204,390.00389999999993,188.94622999999996,0.8544648885726929,-1,-1,-1
590,18,1114.6621,320.92618,481.67163000000005,188.4083,0.8313126564025879,-1,-1,-1
591,18,1038.4547,317.3584,464.36597000000006,187.88690000000003,0.851597011089325,-1,-1,-1
592,18,954.6545,312.63443,459.84636999999987,188.31754,0.8502931594848633,-1,-1,-1
593,18,867.4164,310.70047,479.01575000000014,186.67449999999997,0.8397341966629028,-1,-1,-1
594,18,789.10364,306.49,458.9104,186.78121999999996,0.8605132699012756,-1,-1,-1
595,18,706.2054,301.2938,451.4739400000001,188.66492,0.8705893158912659,-1,-1,-1
596,18,611.0074,301.26028,465.10455,185.0235,0.8579543232917786,-1,-1,-1
597,18,529.2799,297.45737,464.70183999999995,186.78134,0.8622755408287048,-1,-1,-1
598,18,452.0196,296.86002,448.71606,184.24731000000003,0.867429256439209,-1,-1,-1
599,18,373.21393,292.72775,442.7233299999999,185.2973,0.8527067303657532,-1,-1,-1
600,18,293.4539,289.95218,435.0908999999999,185.17618,0.8657687306404114,-1,-1,-1
601,18,204.68436,294.20844,444.62167,177.63858,0.8567824363708496,-1,-1,-1
602,18,125.832985,294.85907,452.27883999999995,174.19061,0.8541605472564697,-1,-1,-1
603,18,44.78917,289.83377,445.92212,174.73192999999998,0.8406965732574463,-1,-1,-1
604,18,4.1432858,283.89276,411.5285,178.73059,0.8568634390830994,-1,-1,-1
605,18,0.0,282.79242,340.53082,173.67926,0.6124178171157837,-1,-1,-1
