1,0,1995.9191,912.0342,201.71082000000024,169.83850000000007,0.8745197653770447,-1,-1,-1
1,1,1330.6602,761.50037,334.0637199999999,195.31921,0.8707972764968872,-1,-1,-1
2,0,2003.9246,910.14844,198.64331000000016,168.57030999999995,0.8589296340942383,-1,-1,-1
2,1,1312.4985,758.6016,343.02026,200.47912999999994,0.880289614200592,-1,-1,-1
3,0,2008.529,910.52527,194.61987,166.0961900000001,0.8520911931991577,-1,-1,-1
3,1,1301.5344,756.2452,341.39404000000013,203.56921,0.8733710050582886,-1,-1,-1
4,0,2015.2517,910.7593,190.16308999999978,162.46570000000008,0.8574260473251343,-1,-1,-1
4,1,1281.4514,752.2037,346.4843799999999,204.75739,0.8842049241065979,-1,-1,-1
5,0,2019.077,906.421,187.26842999999985,164.05260999999996,0.8325240612030029,-1,-1,-1
5,1,1259.0645,752.1747,361.04773,205.75531,0.8841037750244141,-1,-1,-1
6,0,2024.0078,905.5746,182.43480999999997,160.30175999999994,0.8310711979866028,-1,-1,-1
6,1,1243.8158,747.9988,366.8813499999999,211.09497,0.884760320186615,-1,-1,-1
7,0,2029.3264,902.4059,183.74121000000014,158.46704,0.8257918357849121,-1,-1,-1
7,1,1227.5231,744.88983,371.54663000000005,216.40685999999994,0.8771025538444519,-1,-1,-1
8,0,2034.9904,904.19244,177.49572999999987,154.14398000000006,0.8417085409164429,-1,-1,-1
8,1,1209.1074,740.3541,378.1633300000001,220.05347000000006,0.8757343888282776,-1,-1,-1
9,0,2040.3408,904.8058,174.17358000000013,149.7191200000001,0.8338735103607178,-1,-1,-1
9,1,1190.3788,739.06494,380.45960000000014,221.91356999999994,0.8713141083717346,-1,-1,-1
10,0,2043.1433,903.9904,173.93970000000013,148.98430999999994,0.8322619795799255,-1,-1,-1
10,1,1163.73,737.66833,396.03638,224.27673000000004,0.885773777961731,-1,-1,-1
11,0,2048.4077,903.061,171.95874000000003,146.81463999999994,0.8253212571144104,-1,-1,-1
11,1,1146.9097,733.18024,397.8205599999999,227.81207000000006,0.8938397169113159,-1,-1,-1
12,0,2051.7625,902.48413,168.42041000000017,146.08374000000003,0.8292074799537659,-1,-1,-1
12,1,1126.182,731.5718,406.78405999999995,232.10315000000003,0.8832225799560547,-1,-1,-1
13,0,2054.1836,901.4413,170.6591800000001,144.25684,0.8333454132080078,-1,-1,-1
13,1,1106.0781,727.4226,417.05297999999993,237.05322,0.8820128440856934,-1,-1,-1
14,0,2057.8225,900.5158,167.50487999999996,143.65154999999993,0.8296516537666321,-1,-1,-1
14,1,1083.8167,722.85986,436.17957,241.11041,0.8895787000656128,-1,-1,-1
15,0,2062.6567,899.9405,163.14355000000023,141.68621999999993,0.8158566355705261,-1,-1,-1
15,1,1072.6019,724.13934,441.91247999999996,239.06372,0.8882625699043274,-1,-1,-1
16,0,2066.4773,898.4545,159.91382000000021,140.78546000000006,0.8236199617385864,-1,-1,-1
16,1,1054.2858,720.11926,439.99475000000007,243.53192,0.8884227275848389,-1,-1,-1
17,0,2069.726,897.39905,159.14282000000003,139.76000999999997,0.7921136617660522,-1,-1,-1
17,1,1026.5002,717.74475,448.75793,247.68279999999993,0.8835552930831909,-1,-1,-1
18,0,2071.2788,898.15625,158.33838000000014,137.87023999999997,0.7921560406684875,-1,-1,-1
18,1,1011.3612,715.10693,457.13904,250.8075,0.8924763202667236,-1,-1,-1
19,0,2077.978,900.9156,154.11059999999998,134.12238000000002,0.8037269115447998,-1,-1,-1
19,1,996.77136,714.223,459.7250999999999,250.96344,0.8877896666526794,-1,-1,-1
20,0,2080.9604,900.2087,154.12354000000005,132.09125000000006,0.8217313289642334,-1,-1,-1
20,1,985.6714,710.54474,463.22998000000007,254.12354000000005,0.8834971785545349,-1,-1,-1
21,0,2086.5938,901.45764,145.44921999999997,127.64831500000003,0.7825769782066345,-1,-1,-1
21,1,966.8411,708.79224,473.8156,258.10546999999997,0.8894457817077637,-1,-1,-1
22,0,2091.1191,900.2489,144.42041000000017,128.5127,0.8167281746864319,-1,-1,-1
22,1,951.4404,707.52124,481.35913000000005,258.73438,0.8849666118621826,-1,-1,-1
23,0,2093.8745,901.22046,143.11279999999988,123.36047000000008,0.7202414274215698,-1,-1,-1
23,1,931.3551,706.8805,486.5366200000001,261.15967,0.8895864486694336,-1,-1,-1
24,0,2097.3428,900.4867,139.82909999999993,123.02106000000003,0.6880297064781189,-1,-1,-1
24,1,918.33813,704.80225,492.34435999999994,262.81341999999995,0.8929661512374878,-1,-1,-1
25,0,2098.7585,899.3468,142.4108900000001,122.04431,0.748622715473175,-1,-1,-1
25,1,908.9874,702.55994,496.7401,265.23315,0.8950926661491394,-1,-1,-1
26,0,2102.6794,901.3639,137.91138,118.59057599999994,0.7295993566513062,-1,-1,-1
26,1,897.72064,700.1116,503.95477000000005,270.53833,0.8922280073165894,-1,-1,-1
27,0,2106.5452,900.46277,134.86987,118.79700000000003,0.730343222618103,-1,-1,-1
27,1,893.85345,695.1305,499.5503500000001,275.55431999999996,0.8905183672904968,-1,-1,-1
28,0,2106.1697,899.86804,139.51490000000013,118.36120600000004,0.7624688744544983,-1,-1,-1
28,1,881.4656,692.3062,508.6760300000001,278.2904,0.8893557786941528,-1,-1,-1
29,0,2108.187,899.2095,137.89917000000014,118.57543999999996,0.7222052812576294,-1,-1,-1
29,1,865.45605,691.1341,521.7438,278.62750000000005,0.8934749960899353,-1,-1,-1
30,0,2111.6453,899.1378,135.5944800000002,115.48919999999998,0.7525553703308105,-1,-1,-1
30,1,847.9825,692.6384,524.0295,278.1776,0.8900240063667297,-1,-1,-1
31,0,2114.6284,900.169,131.82909999999993,111.64153999999996,0.650048017501831,-1,-1,-1
31,1,834.2949,693.0439,538.2414600000001,279.01904,0.8942745923995972,-1,-1,-1
32,0,2116.9885,900.1299,133.58887000000004,112.70092999999997,0.6320652961730957,-1,-1,-1
32,1,827.484,691.895,542.63513,280.00818000000004,0.8951083421707153,-1,-1,-1
33,1,823.1782,689.92053,545.1695600000002,280.2522,0.891170084476471,-1,-1,-1
34,1,818.88135,689.88477,546.4543500000001,280.2710000000001,0.8878036141395569,-1,-1,-1
35,1,808.7451,686.4873,546.92847,285.23114,0.8887679576873779,-1,-1,-1
36,1,805.43445,684.25354,549.52637,287.48535000000004,0.8616611361503601,-1,-1,-1
37,2,91.633606,870.53864,1390.8179,679.4008000000001,0.6835682392120361,-1,-1,-1
38,2,398.6456,895.5783,1223.9923,627.79596,0.8122392296791077,-1,-1,-1
39,1,779.63104,681.6339,552.9287999999999,292.69360000000006,0.7960056662559509,-1,-1,-1
39,2,582.1951,906.9917,1117.7329,579.3504600000001,0.8027417063713074,-1,-1,-1
40,1,770.47534,681.42426,570.6340300000002,293.5019,0.8561540246009827,-1,-1,-1
40,2,774.8467,919.06384,1004.1107,541.1080300000001,0.822015106678009,-1,-1,-1
41,1,760.0281,680.57227,578.0072,294.29931999999997,0.8872460722923279,-1,-1,-1
41,2,946.81085,941.75995,898.48456,482.95343000000014,0.8412054777145386,-1,-1,-1
42,1,753.3502,679.9951,572.38403,295.77057,0.8979823589324951,-1,-1,-1
42,2,1075.6892,949.96735,805.9385,454.7106299999999,0.8370479345321655,-1,-1,-1
42,3,1718.7286,801.32434,155.59386999999992,114.39953600000001,0.6213566064834595,-1,-1,-1
43,1,749.3744,678.5145,567.504,296.57184000000007,0.8951098322868347,-1,-1,-1
43,2,1257.3708,953.93994,666.7439000000002,431.47046,0.8275412917137146,-1,-1,-1
43,3,1707.8534,798.4589,155.11292000000003,119.47619999999995,0.8231667280197144,-1,-1,-1
44,1,743.91895,679.1919,575.1197500000001,295.25542999999993,0.8983262181282043,-1,-1,-1
44,2,1371.6624,957.08875,600.2333999999998,398.64477999999997,0.8715047240257263,-1,-1,-1
44,3,1701.012,801.9525,157.13074000000006,113.96301000000005,0.8258435130119324,-1,-1,-1
45,1,738.9804,679.3606,579.04425,295.73272999999995,0.8977342844009399,-1,-1,-1
45,2,1445.2496,956.7166,558.08167,378.09881999999993,0.8674600124359131,-1,-1,-1
45,3,1691.7766,802.7371,157.45361000000003,111.67705999999998,0.8045552968978882,-1,-1,-1
46,1,725.7086,679.5342,590.29175,294.7744,0.9004907608032227,-1,-1,-1
46,2,1512.8169,958.30554,509.8095700000001,361.36059999999986,0.8635727167129517,-1,-1,-1
46,3,1680.8604,799.6382,159.31639999999993,114.21483999999998,0.7629586458206177,-1,-1,-1
47,1,722.8441,678.45337,592.2223999999999,295.60241999999994,0.8992141485214233,-1,-1,-1
47,2,1574.7502,959.9678,482.16845999999987,332.5861800000001,0.901393711566925,-1,-1,-1
47,3,1671.721,797.587,160.2807600000001,115.79254000000003,0.8511234521865845,-1,-1,-1
48,1,719.4667,678.1737,588.6532,294.59087999999997,0.8962827920913696,-1,-1,-1
48,2,1633.7872,958.0773,430.3521699999999,315.2217999999999,0.8907961845397949,-1,-1,-1
48,3,1664.346,797.4344,160.58228000000008,114.05364999999995,0.8482805490493774,-1,-1,-1
49,1,715.809,676.6477,584.1257,297.02228,0.8958874344825745,-1,-1,-1
49,2,1674.0405,960.0304,407.13256999999976,303.97888,0.8897777795791626,-1,-1,-1
49,3,1654.8843,797.2684,165.33643000000006,113.6676,0.8616184592247009,-1,-1,-1
50,1,707.8425,673.92,590.3579,300.29815999999994,0.892776370048523,-1,-1,-1
50,2,1705.4431,959.8535,385.53467,288.68773999999996,0.8896764516830444,-1,-1,-1
50,3,1643.543,798.1051,170.7116699999999,111.69189500000005,0.8732787370681763,-1,-1,-1
51,1,705.3256,673.2136,589.8401500000001,299.74158,0.8891276121139526,-1,-1,-1
51,2,1732.4521,960.88617,368.17675999999983,273.4439,0.8845483660697937,-1,-1,-1
51,3,1637.9031,795.2841,165.47191999999995,113.90777600000001,0.8530251979827881,-1,-1,-1
52,1,683.69885,671.6745,608.3478,303.31146,0.8852494359016418,-1,-1,-1
52,2,1756.3873,957.9383,355.39293999999995,261.5460800000001,0.8768184185028076,-1,-1,-1
52,3,1624.3069,796.2285,169.77295000000004,114.88403000000005,0.8455775380134583,-1,-1,-1
53,1,677.0751,672.78723,613.78784,301.4818,0.8856983184814453,-1,-1,-1
53,2,1790.7886,958.3717,326.0083000000002,249.3416699999999,0.8667043447494507,-1,-1,-1
53,3,1602.5652,792.7739,175.40465999999992,118.33642599999996,0.8528907895088196,-1,-1,-1
54,1,669.59644,673.08075,613.8596,302.89459999999997,0.886749804019928,-1,-1,-1
54,2,1817.4802,955.60815,307.4819299999999,241.07239000000004,0.8801612257957458,-1,-1,-1
54,3,1587.7501,795.5321,181.13671999999997,115.25146499999994,0.8622471690177917,-1,-1,-1
55,1,660.7811,670.38696,618.3890400000001,304.07989999999995,0.89734947681427,-1,-1,-1
55,2,1837.8262,953.9686,291.9006300000001,230.9055199999999,0.8692236542701721,-1,-1,-1
55,3,1572.827,793.67316,181.61707,115.88518999999997,0.8409621119499207,-1,-1,-1
56,1,652.95404,674.40704,624.6678,300.16509999999994,0.8998770713806152,-1,-1,-1
56,2,1856.0359,954.14923,279.04882999999995,220.72235,0.8726823925971985,-1,-1,-1
56,3,1558.9363,790.2644,185.46326,119.51964999999996,0.8543180823326111,-1,-1,-1
57,1,649.7467,669.5228,619.5047599999999,304.87708,0.8994678258895874,-1,-1,-1
57,2,1877.6927,952.7967,260.31482000000005,212.29192999999998,0.8762107491493225,-1,-1,-1
57,3,1542.2356,785.90485,189.17113999999992,123.73015999999996,0.886601984500885,-1,-1,-1
58,1,645.3417,667.42914,619.11096,307.3071299999999,0.8878917694091797,-1,-1,-1
58,2,1889.9318,952.2479,253.8590099999999,205.64807000000008,0.879662811756134,-1,-1,-1
58,3,1524.7373,782.8203,195.14159999999993,127.16503999999998,0.8566099405288696,-1,-1,-1
59,1,630.025,663.1267,630.49475,311.60425,0.8895950317382812,-1,-1,-1
59,2,1907.0184,950.7313,240.72620000000006,198.2812499999999,0.8758893609046936,-1,-1,-1
59,3,1503.6006,779.7488,202.99927000000002,128.0235,0.8981218338012695,-1,-1,-1
60,1,613.1013,659.0741,639.6811500000001,316.74559999999997,0.8835698962211609,-1,-1,-1
60,2,1917.1145,947.33167,233.08911000000012,195.44226000000003,0.8839042782783508,-1,-1,-1
60,3,1484.486,778.07385,209.28649999999993,128.95543999999995,0.8633724451065063,-1,-1,-1
61,1,591.9584,654.24133,654.5464,324.28235000000006,0.8698949217796326,-1,-1,-1
61,2,1925.9392,946.17523,231.0503000000001,190.67193999999995,0.8742384314537048,-1,-1,-1
61,3,1466.3245,775.199,215.5951,134.45098999999993,0.8741930723190308,-1,-1,-1
62,1,581.60645,649.0045,645.2830999999999,329.70996,0.8639938831329346,-1,-1,-1
62,2,1937.3545,945.24,224.1618699999999,183.66858000000002,0.8697065711021423,-1,-1,-1
62,3,1444.762,773.6876,220.93200000000002,135.42016999999998,0.8717721104621887,-1,-1,-1
63,1,551.20575,643.98315,655.7559,333.3203,0.8790421485900879,-1,-1,-1
63,2,1949.2748,943.6299,216.14124000000015,177.74474999999995,0.8737169504165649,-1,-1,-1
63,3,1426.3574,770.70435,223.6584499999999,136.72546,0.873649537563324,-1,-1,-1
64,1,519.2494,643.9143,682.4912,335.32532000000003,0.882036030292511,-1,-1,-1
64,2,1959.4902,942.9547,208.43164000000002,173.9239500000001,0.873473048210144,-1,-1,-1
64,3,1401.7213,767.4441,228.02490000000012,141.82996000000003,0.8679844737052917,-1,-1,-1
65,1,485.58408,640.8609,701.5706999999999,339.73601999999994,0.8919556140899658,-1,-1,-1
65,2,1965.705,941.27594,203.05236999999988,169.72992,0.856038510799408,-1,-1,-1
65,3,1380.9402,762.36926,235.33887000000004,146.55042000000003,0.8823854327201843,-1,-1,-1
66,1,461.3745,640.01215,711.9016,339.4931,0.8725544810295105,-1,-1,-1
66,2,1972.276,939.4531,199.38293,169.67432000000008,0.8526836633682251,-1,-1,-1
66,3,1359.314,761.16943,247.54638999999997,145.83159999999998,0.8776008486747742,-1,-1,-1
67,1,443.94226,636.92065,698.2133999999999,343.4945,0.859851062297821,-1,-1,-1
67,2,1980.9133,936.9684,193.94116000000008,164.58093000000008,0.8571523427963257,-1,-1,-1
67,3,1332.9065,758.78467,253.74145999999996,147.47924999999998,0.8777722716331482,-1,-1,-1
68,1,387.60666,631.2672,739.95435,351.97485000000006,0.8854082822799683,-1,-1,-1
68,2,1988.3235,937.0013,191.70116999999982,160.3140299999999,0.8555456399917603,-1,-1,-1
68,3,1310.5764,753.75916,257.31934,152.78332999999998,0.8744451999664307,-1,-1,-1
69,1,349.8993,622.6997,753.9168999999999,359.8571800000001,0.876788318157196,-1,-1,-1
69,2,1994.0594,936.51276,189.59729000000016,153.59710000000007,0.8679962158203125,-1,-1,-1
69,3,1279.3555,750.4544,267.3264200000001,155.69196,0.8744849562644958,-1,-1,-1
70,1,319.40945,615.00726,752.6850599999999,364.7138,0.8746895790100098,-1,-1,-1
70,2,2004.4093,934.7163,179.43738000000008,149.9387200000001,0.8653903603553772,-1,-1,-1
70,3,1246.9429,747.548,285.69946000000004,156.89178000000004,0.869318962097168,-1,-1,-1
71,1,252.92778,606.7119,793.2472500000001,376.64026,0.8842432498931885,-1,-1,-1
71,2,2009.304,932.5017,175.08350000000019,148.81164999999987,0.8602539300918579,-1,-1,-1
71,3,1222.9297,741.3404,293.5703000000001,162.50811999999996,0.8770532011985779,-1,-1,-1
72,1,208.08456,596.50867,815.4324,386.38244999999995,0.8736274242401123,-1,-1,-1
72,2,2016.0911,932.363,171.76391999999987,145.2898600000001,0.8560553789138794,-1,-1,-1
72,3,1191.2229,736.2617,289.58618,167.7948,0.861965537071228,-1,-1,-1
73,1,121.58188,586.5622,862.3363,400.08209999999997,0.8649888038635254,-1,-1,-1
73,2,2026.0876,932.1601,166.96289000000002,140.8478399999999,0.8606523275375366,-1,-1,-1
73,3,1149.4274,727.921,312.07029999999986,174.93346999999994,0.8582608699798584,-1,-1,-1
74,1,32.383423,579.44666,925.70483,408.87482,0.8806644678115845,-1,-1,-1
74,2,2030.7367,930.53235,163.36632999999983,139.08019999999988,0.849372386932373,-1,-1,-1
74,3,1121.0891,723.01666,318.98145,178.90930000000003,0.8788720369338989,-1,-1,-1
75,1,5.9783936,566.9543,918.68744,420.12268000000006,0.8556293249130249,-1,-1,-1
75,2,2034.9292,927.44556,157.94408999999996,138.6799299999999,0.8319993615150452,-1,-1,-1
75,3,1083.0676,720.16113,333.03528000000006,181.72089000000005,0.8654819130897522,-1,-1,-1
76,1,1.2792969,562.8104,874.24774,426.2450600000001,0.8548122048377991,-1,-1,-1
76,2,2040.0784,926.0184,155.74072,135.1914700000001,0.8395330309867859,-1,-1,-1
76,3,1047.6741,715.8406,337.58422999999993,181.62292000000002,0.8599112629890442,-1,-1,-1
77,1,0.0,542.95496,820.7173,450.26250000000005,0.7953085899353027,-1,-1,-1
77,2,2042.6245,924.25977,152.51513999999997,132.05138999999997,0.8312600255012512,-1,-1,-1
77,3,1003.7267,711.051,352.84582999999986,187.50622999999996,0.8628371357917786,-1,-1,-1
78,1,0.0,545.9281,777.9309,443.75842,0.7569776177406311,-1,-1,-1
78,2,2044.3906,923.7095,152.89673000000016,130.35559,0.8112818598747253,-1,-1,-1
78,3,962.3711,705.4535,366.89135999999996,191.61163,0.8674657344818115,-1,-1,-1
79,1,0.4536438,521.30646,715.6738,475.90594,0.7411873936653137,-1,-1,-1
79,2,2048.9043,922.53,149.52343999999994,127.41504000000009,0.827223002910614,-1,-1,-1
79,3,912.76245,698.02673,386.22302000000013,194.92920000000004,0.8799197673797607,-1,-1,-1
80,1,1.3417816,512.4939,650.1618,485.1953,0.6866472959518433,-1,-1,-1
80,2,2052.353,921.869,144.8723100000002,124.32910000000004,0.825213611125946,-1,-1,-1
80,3,878.16943,687.6598,399.04076999999995,204.73535000000004,0.8674089908599854,-1,-1,-1
81,2,2053.8406,918.9093,148.64453000000003,126.66504000000009,0.819981038570404,-1,-1,-1
81,3,823.2942,681.9467,420.36255000000006,210.21393,0.8657569289207458,-1,-1,-1
82,2,2058.5046,918.72266,145.85204999999996,123.15674000000001,0.8179022073745728,-1,-1,-1
82,3,779.5232,676.1426,433.72888,213.10944000000006,0.8617532849311829,-1,-1,-1
83,2,2059.7556,917.40814,147.4973100000002,122.9715000000001,0.7742266654968262,-1,-1,-1
83,3,725.5773,667.2328,451.68457,219.58960000000002,0.8786162734031677,-1,-1,-1
84,2,2062.3582,918.2916,142.08325000000013,118.3099400000001,0.751162588596344,-1,-1,-1
84,3,669.2541,660.5105,473.81793000000005,224.30066,0.8650961518287659,-1,-1,-1
85,2,2064.3843,916.7534,142.4033199999999,118.47717000000011,0.6830143928527832,-1,-1,-1
85,3,600.1069,645.2777,503.8437999999999,236.83258,0.867804229259491,-1,-1,-1
86,2,2068.3403,916.147,139.4970699999999,115.90002399999992,0.6018436551094055,-1,-1,-1
86,3,550.8373,643.55786,516.60486,237.49694999999997,0.856651246547699,-1,-1,-1
87,3,482.5252,632.3008,536.1486,245.88982999999996,0.8624805212020874,-1,-1,-1
88,3,409.04422,623.2154,568.35144,252.02477999999996,0.8434544205665588,-1,-1,-1
89,3,332.025,609.54114,592.4116,261.86400000000003,0.8553478121757507,-1,-1,-1
90,3,240.10674,600.1944,640.1086,269.6513,0.8443754315376282,-1,-1,-1
91,3,130.8133,584.0525,694.4703,282.58050000000003,0.8234087228775024,-1,-1,-1
92,3,21.944733,563.9308,754.8756,299.48241999999993,0.8338302373886108,-1,-1,-1
93,3,6.1087036,555.7933,713.146,313.06158000000005,0.805391788482666,-1,-1,-1
98,4,24.48494,699.6752,1200.7843,644.1189,0.8125718235969543,-1,-1,-1
99,4,185.862,712.9083,1119.3455,586.5398,0.803964376449585,-1,-1,-1
100,4,423.15964,744.0152,979.9413999999999,517.5982999999999,0.7923465967178345,-1,-1,-1
101,4,603.448,746.11017,853.3279000000001,483.32965,0.7852686047554016,-1,-1,-1
102,4,766.5868,768.6321,744.60754,433.83079999999995,0.7770090699195862,-1,-1,-1
103,4,945.52795,787.8488,660.3528,389.2993799999999,0.7635349035263062,-1,-1,-1
104,4,1092.7606,794.22705,562.598,360.6690699999999,0.8598954081535339,-1,-1,-1
105,4,1201.1982,808.87115,504.9095500000001,328.8451500000001,0.8628235459327698,-1,-1,-1
106,4,1265.8264,813.88947,484.9819299999999,309.93926999999996,0.879532516002655,-1,-1,-1
107,4,1341.477,820.6772,437.68335,287.8831200000001,0.8893429040908813,-1,-1,-1
108,4,1402.8546,823.36395,401.83776999999986,273.1392199999999,0.8884850740432739,-1,-1,-1
109,4,1453.4204,830.7811,377.37609999999995,258.18518000000006,0.8826180696487427,-1,-1,-1
110,4,1509.2909,835.81213,347.7671,248.43004999999994,0.8891115188598633,-1,-1,-1
111,4,1547.2467,845.822,331.31287,228.88880000000006,0.8616368174552917,-1,-1,-1
112,4,1584.1729,846.9978,312.4355499999999,220.3601,0.8554777503013611,-1,-1,-1
113,4,1629.7736,850.09814,287.79332999999997,209.02307000000008,0.8568094968795776,-1,-1,-1
114,4,1656.531,848.7949,283.31006,205.80480999999997,0.8609551191329956,-1,-1,-1
115,4,1685.9456,851.0272,269.50109999999995,197.9716800000001,0.8889758586883545,-1,-1,-1
116,4,1708.5804,852.62646,259.52819999999997,192.50731999999994,0.896893322467804,-1,-1,-1
116,5,1605.0767,790.893,182.85730000000012,117.59173599999997,0.744821310043335,-1,-1,-1
117,4,1733.552,853.8849,248.05933000000005,184.12146000000007,0.8830084204673767,-1,-1,-1
117,5,1585.7273,789.7614,191.84570000000008,119.33245999999997,0.8216710090637207,-1,-1,-1
118,4,1755.4622,855.12054,234.89049999999997,177.53472999999997,0.8606148958206177,-1,-1,-1
118,5,1569.3154,789.4392,189.7851599999999,117.33252000000005,0.8229143619537354,-1,-1,-1
119,4,1774.252,855.46814,230.78197999999998,174.44750999999997,0.8805485963821411,-1,-1,-1
119,5,1551.5352,783.78796,193.24218999999994,122.35326999999995,0.8177388310432434,-1,-1,-1
120,4,1794.5465,859.50775,217.09142999999995,163.36577999999997,0.8817766904830933,-1,-1,-1
120,5,1529.3121,781.3214,201.54845999999998,124.10351600000001,0.8274146914482117,-1,-1,-1
120,6,41.63376,768.0818,1076.9229,507.82288000000005,0.813926637172699,-1,-1,-1
121,4,1814.6791,862.42096,205.91553,158.20190000000002,0.8750256896018982,-1,-1,-1
121,5,1505.7887,776.432,209.89660000000003,128.19171000000006,0.8422631025314331,-1,-1,-1
121,6,290.9948,788.1996,946.3028000000002,452.09264999999994,0.7856663465499878,-1,-1,-1
122,4,1836.8713,863.9568,193.0798299999999,153.43182000000002,0.8816627860069275,-1,-1,-1
122,5,1483.9475,774.853,220.64624000000003,130.40637000000004,0.8421320915222168,-1,-1,-1
122,6,502.53998,785.84015,811.0795,419.01604999999995,0.7385582327842712,-1,-1,-1
123,4,1849.1005,863.7793,192.11670000000004,149.85930999999994,0.8856980204582214,-1,-1,-1
123,5,1464.0293,773.5481,216.39307000000008,130.79956000000004,0.8097012042999268,-1,-1,-1
123,6,689.89453,799.28,744.9106400000001,376.90076,0.7519935369491577,-1,-1,-1
124,4,1861.8503,864.73413,185.1650400000001,146.11645999999996,0.8806284070014954,-1,-1,-1
124,5,1455.4312,771.30615,216.86597000000006,133.42590000000007,0.8109833002090454,-1,-1,-1
124,6,834.0288,806.2741,685.9270999999999,352.12433,0.720571756362915,-1,-1,-1
125,4,1877.0851,867.51904,172.9549599999998,139.46411,0.88944411277771,-1,-1,-1
125,6,1050.2241,826.8384,530.8044399999999,308.2253400000001,0.8085783123970032,-1,-1,-1
126,4,1886.621,868.8205,171.34094000000005,135.17760999999996,0.8648074269294739,-1,-1,-1
126,6,1146.6897,831.74896,486.70996000000014,282.59551999999996,0.8764078617095947,-1,-1,-1
127,4,1899.4928,868.28503,166.5093999999999,133.79431,0.8524921536445618,-1,-1,-1
127,6,1229.0538,842.6785,445.95605,259.1779200000001,0.8485453128814697,-1,-1,-1
128,4,1910.6858,867.0842,159.7416999999998,134.21307000000002,0.8421566486358643,-1,-1,-1
128,6,1309.3251,846.55365,398.64843999999994,242.03985999999998,0.8585836887359619,-1,-1,-1
129,4,1921.4532,870.2069,155.11608999999999,127.61932000000002,0.8540549278259277,-1,-1,-1
129,6,1381.063,847.0818,368.37158,230.9979199999999,0.8627209663391113,-1,-1,-1
130,4,1934.2666,868.77106,147.42383000000018,127.16217000000006,0.8398132920265198,-1,-1,-1
130,6,1439.7085,849.52216,337.77222000000006,220.02960000000007,0.8648008704185486,-1,-1,-1
130,7,1297.82,745.4448,265.1349,160.50842,0.8131974339485168,-1,-1,-1
131,4,1943.8153,868.3917,144.88537999999994,123.42285000000004,0.8325670957565308,-1,-1,-1
131,6,1495.7822,854.54926,308.72191999999995,208.38470000000007,0.8442285656929016,-1,-1,-1
131,7,1262.6781,741.57153,277.70996000000014,162.45465000000002,0.8419111371040344,-1,-1,-1
132,4,1951.2029,868.6343,142.66259999999988,122.54058999999995,0.835980236530304,-1,-1,-1
132,6,1540.9868,859.96063,290.79492000000005,194.59381000000008,0.8612805604934692,-1,-1,-1
132,7,1223.7592,738.2344,290.55176000000006,164.72570999999994,0.8353694677352905,-1,-1,-1
133,4,1959.8065,871.1023,138.5687300000002,118.79394500000001,0.8259678483009338,-1,-1,-1
133,6,1573.9719,862.12024,285.9131,185.4813200000001,0.8634052276611328,-1,-1,-1
133,7,1192.5498,726.1671,292.2917500000001,177.27783,0.8379263281822205,-1,-1,-1
134,4,1967.0898,871.8802,137.74462999999992,115.63080000000002,0.8248570561408997,-1,-1,-1
134,6,1611.5033,864.1086,265.33812999999986,176.91607999999997,0.8685654997825623,-1,-1,-1
134,7,1154.7781,721.14166,310.45605,179.52910999999995,0.8461733460426331,-1,-1,-1
134,8,0.0,712.1601,879.91284,535.2557999999999,0.6796546578407288,-1,-1,-1
135,4,1975.0634,871.0394,134.56262000000015,114.08385999999996,0.801326334476471,-1,-1,-1
135,6,1646.2485,867.6549,247.43091000000004,171.32227000000012,0.8614067435264587,-1,-1,-1
135,7,1119.5579,714.38525,324.77904999999987,187.84851000000003,0.8399571776390076,-1,-1,-1
135,8,45.884857,729.5521,979.1701699999999,483.06946000000005,0.833808422088623,-1,-1,-1
136,4,1981.0663,872.2023,128.57288000000017,108.61243000000002,0.7172223329544067,-1,-1,-1
136,6,1675.2542,867.35583,238.9912099999999,164.34386999999992,0.852452278137207,-1,-1,-1
136,7,1090.3821,708.412,326.84644000000003,192.53161999999998,0.7449719905853271,-1,-1,-1
136,8,311.51566,743.3812,853.0095000000001,439.12354000000005,0.8023396134376526,-1,-1,-1
137,4,1988.3206,871.0962,126.8442399999999,108.18511999999998,0.7181969881057739,-1,-1,-1
137,6,1702.9373,868.42865,227.62401999999997,157.57098000000008,0.8655753135681152,-1,-1,-1
137,8,514.6585,767.4425,771.6037000000001,389.8358199999999,0.76633620262146,-1,-1,-1
138,4,1995.7642,873.38855,123.81811500000003,105.70618000000002,0.6522541642189026,-1,-1,-1
138,6,1730.9497,871.69556,214.14551000000006,151.01062000000002,0.8512356281280518,-1,-1,-1
138,8,698.6327,787.79816,677.8723000000001,343.3035299999999,0.7360742688179016,-1,-1,-1
139,6,1755.7452,871.9351,203.00499999999988,144.56084999999996,0.8692280650138855,-1,-1,-1
140,6,1775.9723,875.02716,194.06311000000005,138.82294000000002,0.8687050938606262,-1,-1,-1
140,9,1064.4727,803.7672,474.7631799999999,289.31677000000013,0.7418826818466187,-1,-1,-1
141,6,1794.7474,873.5497,189.32654000000002,137.90612999999996,0.8564692735671997,-1,-1,-1
141,9,1166.8602,816.162,434.6790799999999,260.78687000000014,0.8113803267478943,-1,-1,-1
141,11,839.46075,675.1887,442.3266000000001,217.125,0.7736918330192566,-1,-1,-1
142,6,1813.8812,874.8127,185.95641999999998,133.24725,0.84089595079422,-1,-1,-1
142,9,1251.5986,826.22406,395.4540999999999,238.52960000000007,0.843030571937561,-1,-1,-1
142,11,791.08386,667.2047,454.91724,225.4325,0.7994857430458069,-1,-1,-1
143,6,1832.0424,871.9034,176.34680000000003,137.19086000000004,0.7969064116477966,-1,-1,-1
143,9,1324.6816,829.9446,360.27685999999994,226.52502000000004,0.8741355538368225,-1,-1,-1
143,11,734.7258,654.859,476.33972000000006,236.57288000000005,0.8469034433364868,-1,-1,-1
144,6,1847.243,874.3103,166.18957999999998,130.65033000000005,0.8307121992111206,-1,-1,-1
144,9,1379.5453,833.0203,348.1262199999999,214.4630699999999,0.8644922971725464,-1,-1,-1
144,11,662.6074,648.0011,513.88403,242.45592999999997,0.8291571140289307,-1,-1,-1
145,6,1855.9438,874.06934,165.5451700000001,126.95190400000001,0.8286846876144409,-1,-1,-1
145,9,1435.4043,839.2047,328.2727,204.25134000000003,0.8587870597839355,-1,-1,-1
145,11,588.7222,636.6575,542.9123000000001,254.15770999999995,0.8123482465744019,-1,-1,-1
146,6,1875.884,880.4046,158.22217,116.33025999999995,0.8410977125167847,-1,-1,-1
146,9,1490.6533,842.8551,300.9650999999999,192.6900599999999,0.8456040620803833,-1,-1,-1
146,11,526.8948,628.6354,565.9962,259.76233,0.8419837951660156,-1,-1,-1
147,6,1886.3939,878.66016,153.29736000000003,115.68262000000004,0.8355075716972351,-1,-1,-1
147,9,1524.4025,846.00824,282.49268000000006,188.36822999999993,0.7418146729469299,-1,-1,-1
147,11,474.16095,615.57587,585.866,271.64386,0.8184463977813721,-1,-1,-1
148,6,1898.981,878.29047,146.57349,114.03412000000003,0.7989733815193176,-1,-1,-1
148,9,1571.7861,851.1852,265.81494,175.02039000000002,0.727447509765625,-1,-1,-1
148,11,407.32825,603.33093,603.546,281.29640000000006,0.8477193713188171,-1,-1,-1
149,6,1907.3656,878.4366,146.19542999999976,112.94353999999998,0.8321385979652405,-1,-1,-1
149,11,321.64963,596.3126,643.251,286.99005,0.8116156458854675,-1,-1,-1
150,6,1913.2688,877.92957,146.3940399999999,112.23828000000003,0.818176805973053,-1,-1,-1
150,11,173.05588,570.79553,724.34033,303.29815999999994,0.8169876933097839,-1,-1,-1
150,12,1218.4791,948.97327,692.71423,441.37598,0.6334905028343201,-1,-1,-1
151,6,1930.1257,878.1122,137.8115200000002,109.70214999999996,0.7882479429244995,-1,-1,-1
151,11,74.44359,563.0929,781.2412,311.69965,0.8104308843612671,-1,-1,-1
151,12,1391.0297,946.80005,553.1012000000001,387.43151999999986,0.8365393280982971,-1,-1,-1
152,6,1934.295,875.98926,139.38292999999976,110.07885999999996,0.6872459650039673,-1,-1,-1
152,11,24.008942,540.7721,782.1443,334.6219,0.7921469211578369,-1,-1,-1
152,12,1489.811,942.4175,492.7241200000001,350.1082799999999,0.8681666254997253,-1,-1,-1
153,11,4.96933,516.7692,753.01025,362.00836000000004,0.7633270025253296,-1,-1,-1
153,12,1574.6564,946.8982,436.7923599999999,306.31493999999986,0.8787745833396912,-1,-1,-1
154,11,0.96443176,497.72205,681.852,379.7479200000001,0.6796575784683228,-1,-1,-1
154,12,1643.7778,941.9699,386.8535199999999,284.6514299999999,0.8809553980827332,-1,-1,-1
155,12,1694.2239,941.5979,353.12842,262.8542500000001,0.8615549206733704,-1,-1,-1
156,12,1731.135,936.6481,332.6845700000001,247.3193399999999,0.875488817691803,-1,-1,-1
157,12,1772.0791,933.52124,308.0561499999999,231.56311000000005,0.871552586555481,-1,-1,-1
158,12,1801.5721,934.4501,291.1776000000002,217.10852,0.8564656376838684,-1,-1,-1
159,12,1834.951,927.9585,269.44446000000016,207.29711999999995,0.8755363821983337,-1,-1,-1
160,12,1865.5176,926.75256,247.06493999999998,196.7225299999999,0.8496596217155457,-1,-1,-1
161,12,1875.6418,928.91656,246.5722699999999,190.20439999999996,0.8691099882125854,-1,-1,-1
162,12,1901.2708,928.16016,229.50609999999983,175.32324000000006,0.8722038269042969,-1,-1,-1
163,12,1921.4575,923.6898,215.91991999999982,172.3365500000001,0.8742570281028748,-1,-1,-1
164,12,1937.8552,925.24365,205.95532000000003,167.55066,0.8649296760559082,-1,-1,-1
164,13,1731.7578,802.05145,149.94263,109.49756000000002,0.7629024386405945,-1,-1,-1
165,12,1951.5325,923.62537,198.65894000000003,163.2000700000001,0.8695733547210693,-1,-1,-1
165,13,1718.9825,799.57855,152.46460000000002,114.07561999999996,0.7812163829803467,-1,-1,-1
166,12,1966.481,923.43134,191.1042500000001,154.7408999999999,0.8498319387435913,-1,-1,-1
166,13,1704.1125,799.55316,161.32385,113.51593000000003,0.8019720315933228,-1,-1,-1
167,12,1976.0361,920.1915,186.21265000000017,149.77355999999997,0.8466812372207642,-1,-1,-1
167,13,1688.2517,797.97656,162.23071000000004,114.19946000000004,0.7993407249450684,-1,-1,-1
168,12,1990.8132,921.2369,175.76366999999982,143.62494000000004,0.8427240252494812,-1,-1,-1
168,13,1677.5071,796.57196,162.23192999999992,114.50927999999999,0.8194336891174316,-1,-1,-1
169,12,2002.9324,918.9908,168.6042500000001,140.6192000000001,0.8408753871917725,-1,-1,-1
169,13,1656.7932,796.3245,166.5093999999999,115.76342999999997,0.7481187582015991,-1,-1,-1
170,12,2012.1145,916.8979,164.85058999999978,138.3803099999999,0.831951916217804,-1,-1,-1
170,13,1652.1552,793.1007,167.36023,119.36681999999996,0.850784957408905,-1,-1,-1
171,12,2017.3284,922.04517,166.93164000000002,128.32092,0.8025258183479309,-1,-1,-1
171,13,1631.5594,792.2226,179.74975999999992,119.18426499999998,0.8486314415931702,-1,-1,-1
172,12,2031.0476,918.33923,159.86206000000016,126.10950000000003,0.7750848531723022,-1,-1,-1
172,13,1614.258,787.954,183.04077000000007,122.86437999999998,0.8298119306564331,-1,-1,-1
173,12,2041.7617,914.01465,150.3425299999999,127.76708999999994,0.7850771546363831,-1,-1,-1
173,13,1590.761,786.6179,192.92382999999995,123.703125,0.838385283946991,-1,-1,-1
174,12,2054.0059,913.17566,142.02417000000014,123.58520499999997,0.7119325995445251,-1,-1,-1
174,13,1564.019,785.42834,202.74377000000004,124.60815400000001,0.8268547654151917,-1,-1,-1
175,12,2056.3022,913.50464,142.11304000000018,120.04614000000004,0.6908512115478516,-1,-1,-1
175,13,1551.1301,783.19385,206.14624000000003,127.32605000000001,0.8398836255073547,-1,-1,-1
176,12,2063.9407,912.2879,139.99512000000004,117.58172600000012,0.6883300542831421,-1,-1,-1
176,13,1527.9468,776.1258,216.65100000000007,136.16498,0.85237056016922,-1,-1,-1
177,12,2072.2498,910.68384,131.91967999999997,113.85058599999991,0.6275413036346436,-1,-1,-1
177,13,1504.1815,777.47125,220.44739000000004,134.70623999999998,0.8234121799468994,-1,-1,-1
178,13,1479.3243,775.1384,233.44299999999998,136.96497,0.8213751316070557,-1,-1,-1
179,13,1455.4816,768.52795,240.74036,144.4773,0.85101318359375,-1,-1,-1
180,13,1429.7202,763.46484,246.04736000000003,149.22997999999995,0.8525458574295044,-1,-1,-1
181,13,1403.6823,760.86694,248.61816,150.88574000000006,0.8494243025779724,-1,-1,-1
182,13,1379.4583,756.39655,255.48901,155.31006000000002,0.8739058375358582,-1,-1,-1
182,14,2.3244476,753.61707,1110.6979,533.6688000000001,0.7978162169456482,-1,-1,-1
183,13,1350.2039,751.2842,272.193,158.17200000000003,0.8384690880775452,-1,-1,-1
183,14,282.35577,784.683,974.9506,464.31737999999996,0.7850509285926819,-1,-1,-1
184,13,1324.6831,747.71594,285.47450000000003,161.28278,0.7887601256370544,-1,-1,-1
184,14,536.63525,783.8514,839.3919699999999,419.98759999999993,0.7657577991485596,-1,-1,-1
185,14,731.0133,795.1588,729.32263,383.49889999999994,0.7793710827827454,-1,-1,-1
186,14,888.2196,803.00775,646.8011500000001,352.5813599999999,0.7192809581756592,-1,-1,-1
187,14,1066.6624,826.16327,535.4082000000001,305.3069499999999,0.8039505481719971,-1,-1,-1
188,14,1206.4014,832.104,443.1728499999999,274.34937000000014,0.8402376174926758,-1,-1,-1
189,14,1302.4683,837.6024,399.76868000000013,253.20299999999997,0.8509284853935242,-1,-1,-1
189,15,1111.8625,712.9888,356.6247599999999,191.27710000000002,0.6869956851005554,-1,-1,-1
190,14,1366.5562,846.6861,381.0722700000001,236.5255699999999,0.8624420166015625,-1,-1,-1
190,15,1066.0765,707.9917,381.95092999999997,196.57245,0.8325807452201843,-1,-1,-1
191,14,1433.4277,854.1388,346.2792999999999,218.65112,0.8650999665260315,-1,-1,-1
191,15,1016.98535,697.78595,399.92395,206.26556000000005,0.8575848937034607,-1,-1,-1
192,14,1492.3553,855.81494,324.1296399999999,206.18408,0.8514508008956909,-1,-1,-1
192,15,960.567,688.5521,423.3618200000001,211.81165,0.8639636039733887,-1,-1,-1
193,14,1543.7588,862.5818,291.25586,190.99353000000008,0.835972249507904,-1,-1,-1
193,15,904.6277,675.7492,431.60706000000005,224.11346000000003,0.8730777502059937,-1,-1,-1
194,14,1580.0646,860.40356,287.96630000000005,185.45703000000003,0.8526192903518677,-1,-1,-1
194,15,833.0858,665.221,470.8893999999999,232.13306,0.8619059324264526,-1,-1,-1
195,14,1619.7427,862.8464,268.97046,179.16387999999995,0.8640692234039307,-1,-1,-1
195,15,761.0752,653.7304,504.73620000000005,242.17651,0.8659734129905701,-1,-1,-1
196,14,1654.5013,868.2429,254.87304999999992,171.06238000000008,0.8743252754211426,-1,-1,-1
196,15,695.47943,643.4413,531.8991,251.21997,0.8699387311935425,-1,-1,-1
197,14,1693.253,869.62744,236.14380000000006,163.6169400000001,0.8622851967811584,-1,-1,-1
197,15,607.35547,631.02844,571.3739,261.30860000000007,0.8670686483383179,-1,-1,-1
198,14,1717.2986,870.12585,224.41832999999997,155.55724999999995,0.835279643535614,-1,-1,-1
198,15,530.1345,618.6418,601.49084,269.55048,0.8437734246253967,-1,-1,-1
198,16,1633.2278,803.2125,151.7292500000001,108.58032000000003,0.6911256313323975,-1,-1,-1
199,14,1740.6183,873.55927,216.17553999999996,149.64477999999997,0.8734124898910522,-1,-1,-1
199,15,453.20255,599.0915,620.8587600000001,287.59076000000005,0.8332310914993286,-1,-1,-1
199,16,1613.3804,801.3455,160.03125,111.648865,0.8361269235610962,-1,-1,-1
200,14,1764.4824,874.04663,205.54077000000007,143.31084999999996,0.871135950088501,-1,-1,-1
200,15,390.037,581.78986,642.0321999999999,303.3432,0.8430178165435791,-1,-1,-1
200,16,1593.54,806.6194,162.9779000000001,105.69372599999997,0.8256931304931641,-1,-1,-1
201,14,1782.6001,872.3767,204.54406999999992,141.79688,0.8578813076019287,-1,-1,-1
201,15,253.3686,569.13824,715.7617,312.6001,0.8191288113594055,-1,-1,-1
201,16,1571.3646,804.323,170.31737999999996,104.79187000000002,0.823099672794342,-1,-1,-1
202,14,1802.3721,876.546,195.66112999999996,133.78845,0.8661876320838928,-1,-1,-1
202,15,84.68399,552.35724,812.62427,324.28430000000003,0.7127326726913452,-1,-1,-1
202,16,1550.5604,800.88257,174.4919400000001,109.37714000000005,0.8721503615379333,-1,-1,-1
203,14,1819.554,876.1753,185.92626999999993,128.77106000000003,0.8521353006362915,-1,-1,-1
203,15,27.348862,523.22363,798.50903,355.04877,0.7700183987617493,-1,-1,-1
203,16,1528.2019,800.5748,180.09789999999998,108.70203000000004,0.847756028175354,-1,-1,-1
204,14,1841.435,876.1585,171.20605,126.37176499999998,0.858595073223114,-1,-1,-1
204,16,1505.242,797.70703,184.43433000000005,111.52881000000002,0.8683783411979675,-1,-1,-1
205,14,1854.519,878.0287,165.97228999999993,121.06970000000001,0.8488983511924744,-1,-1,-1
205,16,1479.5709,792.2299,189.75952000000007,115.09826999999996,0.858539879322052,-1,-1,-1
206,14,1865.2344,878.38837,168.1427000000001,120.24963000000002,0.8509863615036011,-1,-1,-1
206,16,1456.4089,791.56506,194.9396999999999,118.60266000000001,0.8799800872802734,-1,-1,-1
207,14,1887.2263,880.74744,149.12194999999997,112.46905500000003,0.8314163088798523,-1,-1,-1
207,16,1429.093,784.6756,207.92113999999992,123.37067000000002,0.8569636344909668,-1,-1,-1
208,14,1899.0228,879.548,148.24341000000004,112.04101600000001,0.8454278111457825,-1,-1,-1
208,16,1402.1886,780.63306,210.77783,127.20495600000004,0.8561921119689941,-1,-1,-1
209,14,1912.4714,880.2994,139.86572000000024,108.08776999999998,0.7956832051277161,-1,-1,-1
209,16,1381.7117,779.51263,219.0815399999999,128.62183000000005,0.8578296303749084,-1,-1,-1
210,14,1919.0643,882.3263,140.64391999999998,105.25543000000005,0.8109728097915649,-1,-1,-1
210,16,1352.5488,776.4939,220.50232000000005,129.96551999999997,0.8490419387817383,-1,-1,-1
211,14,1934.5657,881.46045,132.47924999999987,103.34985000000006,0.7822842597961426,-1,-1,-1
211,16,1311.9766,771.75464,241.01513999999997,137.77160000000003,0.8381805419921875,-1,-1,-1
212,14,1941.3048,882.9939,129.90050999999994,101.15111999999999,0.7843809723854065,-1,-1,-1
212,16,1288.872,768.3253,239.68957999999998,136.99083999999993,0.8305008411407471,-1,-1,-1
213,14,1949.656,881.18726,127.55492999999979,100.49292000000003,0.6475948095321655,-1,-1,-1
213,16,1250.3579,764.23517,257.7103299999999,140.49682999999993,0.8346531391143799,-1,-1,-1
214,16,1209.2119,757.1675,262.20703000000003,146.62023999999997,0.8308069705963135,-1,-1,-1
215,14,1967.0209,880.2626,124.77160999999978,98.87305000000003,0.602189302444458,-1,-1,-1
215,16,1175.5702,753.6453,273.7027600000001,145.27466000000004,0.8504886627197266,-1,-1,-1
216,16,1133.8903,749.6821,289.01427999999987,149.24865999999997,0.8281123042106628,-1,-1,-1
217,16,1084.524,743.4105,305.6955600000001,154.24969999999996,0.8235516548156738,-1,-1,-1
218,16,1038.3293,736.1677,316.85266,159.32677999999999,0.8508560657501221,-1,-1,-1
219,16,979.35376,725.0752,346.7480499999999,169.79674999999997,0.8329427242279053,-1,-1,-1
220,16,925.5435,719.8937,361.9199799999999,171.72693000000004,0.8368903994560242,-1,-1,-1
221,16,875.16614,717.2219,380.89293999999995,173.45623999999998,0.8534090518951416,-1,-1,-1
222,16,808.7072,708.43207,400.71088,181.26544,0.8414825797080994,-1,-1,-1
223,16,740.14514,703.058,419.1034000000001,182.94983000000002,0.8506457209587097,-1,-1,-1
224,16,671.0986,691.5968,441.07538,195.46631000000002,0.8490539193153381,-1,-1,-1
225,16,593.4624,679.301,479.92188,204.92078000000004,0.8509230613708496,-1,-1,-1
226,16,511.11365,670.4278,499.88495,211.6499,0.866929829120636,-1,-1,-1
227,16,438.26282,659.57043,514.8794,219.41161999999997,0.8536801934242249,-1,-1,-1
228,16,340.93674,646.0778,544.3364,225.13500999999997,0.8315253257751465,-1,-1,-1
229,16,234.4426,628.8598,589.6765,237.67493000000002,0.8294755220413208,-1,-1,-1
230,16,99.68193,615.7714,650.9468,252.16107,0.8185954093933105,-1,-1,-1
231,16,13.079605,596.3325,660.6058,268.72620000000006,0.7884860634803772,-1,-1,-1
232,16,1.1793518,579.9087,619.14624,283.0569499999999,0.8060192465782166,-1,-1,-1
233,16,1.5132523,577.87726,526.08246,283.92908,0.6633463501930237,-1,-1,-1
255,17,1884.6869,820.0221,132.53052000000002,115.21178999999995,0.7589735984802246,-1,-1,-1
256,17,1876.6937,820.2685,136.56006000000002,115.63202000000001,0.7682328224182129,-1,-1,-1
257,17,1863.2771,817.4512,143.1131600000001,119.86663999999996,0.7927032113075256,-1,-1,-1
258,17,1852.8591,812.33826,145.90526999999997,127.45544399999994,0.8230698108673096,-1,-1,-1
259,17,1838.3416,810.53296,151.99950999999987,129.09520999999995,0.8379908800125122,-1,-1,-1
260,17,1819.964,807.61975,165.88684000000012,134.82092,0.8519948124885559,-1,-1,-1
261,17,1813.7341,803.9978,166.6076700000001,139.23766999999998,0.835637092590332,-1,-1,-1
262,17,1802.6805,800.66833,166.21423000000004,139.94324000000006,0.8426275253295898,-1,-1,-1
263,17,1790.4563,801.3622,169.38599,140.17151,0.83844393491745,-1,-1,-1
264,17,1777.1564,800.242,179.55322,142.20794999999998,0.8413620591163635,-1,-1,-1
265,17,1764.343,792.36865,182.15454,149.35753999999997,0.8417688608169556,-1,-1,-1
266,17,1752.6399,790.53345,190.79955999999993,151.10442999999998,0.8403984904289246,-1,-1,-1
267,17,1740.9939,786.9483,190.18506000000002,157.87779999999998,0.876068115234375,-1,-1,-1
268,17,1724.0354,781.52515,195.45580999999993,163.82654000000002,0.8467843532562256,-1,-1,-1
269,17,1703.5977,779.9542,197.95361000000003,165.16936999999996,0.8584545850753784,-1,-1,-1
270,17,1681.2378,775.2933,204.6787099999999,170.35706000000005,0.8569406867027283,-1,-1,-1
271,17,1667.8833,770.91766,212.1807899999999,174.38934000000006,0.8612016439437866,-1,-1,-1
272,17,1640.7131,766.31274,224.69849,180.71436000000006,0.8362240195274353,-1,-1,-1
273,17,1619.1697,763.5176,230.39307000000008,183.12047999999993,0.8787643313407898,-1,-1,-1
274,17,1590.6077,759.41736,235.83057000000008,188.69489,0.8577283620834351,-1,-1,-1
274,18,1906.5806,800.28076,166.21996999999988,119.97406000000001,0.7182824611663818,-1,-1,-1
275,17,1554.8604,755.3256,254.79590000000007,193.48754999999994,0.877413809299469,-1,-1,-1
275,18,1910.2512,788.938,171.73584000000005,134.17554000000007,0.7770423889160156,-1,-1,-1
276,17,1533.7461,749.2156,258.04736,200.245,0.8828274607658386,-1,-1,-1
276,18,1915.3921,811.93536,169.63745000000017,113.86455999999998,0.770232617855072,-1,-1,-1
277,17,1499.9612,745.02295,274.78099999999995,206.89227000000005,0.8774600028991699,-1,-1,-1
277,18,1932.8406,824.49615,156.11987,106.43524000000002,0.7234680652618408,-1,-1,-1
278,17,1464.5117,739.1458,284.99292000000014,210.58838000000003,0.8742310404777527,-1,-1,-1
278,18,1955.9292,836.42957,139.5398,96.76104999999995,0.6726431846618652,-1,-1,-1
279,17,1427.4744,730.17487,303.4845,223.1372,0.8703179359436035,-1,-1,-1
279,18,1972.543,840.2026,123.91723999999999,93.95019500000001,0.6460505723953247,-1,-1,-1
280,17,1383.9966,723.25714,319.51685,228.94439999999997,0.8688294887542725,-1,-1,-1
281,17,1336.6161,711.30096,338.88452000000007,241.52039000000002,0.8759160041809082,-1,-1,-1
282,17,1282.8113,702.75757,361.5078000000001,250.53088000000002,0.8604648113250732,-1,-1,-1
283,17,1227.3032,692.6167,380.1213399999999,261.2351,0.8552273511886597,-1,-1,-1
284,17,1157.6067,678.14276,412.47937,276.47569999999996,0.8628233075141907,-1,-1,-1
285,17,1078.8889,665.8249,453.93190000000004,288.35968,0.863326370716095,-1,-1,-1
286,17,997.08203,649.27606,477.7107000000001,305.60759999999993,0.8602496385574341,-1,-1,-1
287,17,899.9934,634.7841,521.5116000000002,323.11065999999994,0.8678458333015442,-1,-1,-1
288,17,785.31464,604.6876,586.9992,354.96659999999997,0.8795315027236938,-1,-1,-1
289,17,656.65405,585.6233,667.62524,385.76538000000005,0.8511871099472046,-1,-1,-1
290,17,519.09216,556.5896,730.7329000000001,417.7796599999999,0.8154588937759399,-1,-1,-1
291,19,739.89,944.82263,1061.7487,777.02527,0.7045832872390747,-1,-1,-1
292,19,1028.3965,949.5604,875.1831,622.7798999999999,0.8303838968276978,-1,-1,-1
292,20,0.0,555.6912,1125.219,758.1452000000002,0.6174236536026001,-1,-1,-1
293,19,1203.3202,949.1499,775.9380999999998,522.9972000000001,0.8460201025009155,-1,-1,-1
293,20,0.0,617.3375,1273.9348,661.1023000000001,0.7013436555862427,-1,-1,-1
294,19,1388.8623,947.713,627.749,438.7076400000001,0.8450331091880798,-1,-1,-1
294,20,224.10785,672.26135,1143.8896,588.74524,0.6134485006332397,-1,-1,-1
295,19,1559.6436,940.7263,493.4667999999999,383.6904299999999,0.8643019795417786,-1,-1,-1
295,20,468.08334,714.26843,1002.5380999999999,513.7797999999999,0.8038429021835327,-1,-1,-1
296,19,1659.2744,940.7811,417.35693000000015,330.55920000000003,0.8673545122146606,-1,-1,-1
296,20,647.202,725.58545,871.97705,472.14086999999995,0.6940053701400757,-1,-1,-1
297,19,1731.4874,932.63074,366.2645299999999,304.7894299999999,0.8698673844337463,-1,-1,-1
297,20,846.5919,739.31824,745.0680000000001,431.69983000000013,0.7579954266548157,-1,-1,-1
298,19,1791.1998,931.67175,322.6165800000001,269.06089999999995,0.8470878005027771,-1,-1,-1
298,20,1029.8939,749.5102,599.8058000000001,398.96393,0.797868549823761,-1,-1,-1
299,19,1835.8636,927.8201,292.69714,248.23065000000008,0.8907297849655151,-1,-1,-1
299,20,1124.9099,759.6622,561.0815400000001,369.20685000000003,0.8185967803001404,-1,-1,-1
300,19,1871.7273,927.0566,270.0144,232.5952799999999,0.8721354007720947,-1,-1,-1
300,20,1234.8546,777.5493,491.78894000000014,329.1168200000001,0.8605877757072449,-1,-1,-1
301,19,1900.4429,925.6711,250.9692399999999,218.84796000000006,0.8541695475578308,-1,-1,-1
301,20,1299.0222,785.3578,466.31653000000006,306.5381,0.8781200647354126,-1,-1,-1
302,19,1923.1821,924.99805,240.3115200000002,200.97655999999995,0.8545224666595459,-1,-1,-1
302,20,1355.5138,798.1975,434.0908200000001,284.82788000000005,0.8646907806396484,-1,-1,-1
303,19,1950.9092,925.1767,218.26416000000017,188.91131999999993,0.8515722155570984,-1,-1,-1
303,20,1430.9889,800.2302,398.7212999999999,270.69946000000004,0.8687272071838379,-1,-1,-1
304,19,1966.9153,923.7979,210.5725100000002,182.7592199999999,0.8497796058654785,-1,-1,-1
304,20,1471.6877,809.3014,378.41956000000005,253.7197299999999,0.8781572580337524,-1,-1,-1
305,19,1985.9235,919.88184,197.55286,173.8546100000001,0.8714789748191833,-1,-1,-1
305,20,1525.0693,814.0375,351.6097399999999,239.80651999999998,0.8657957315444946,-1,-1,-1
306,19,1999.3164,920.4733,189.75098000000003,162.82769999999994,0.8462845683097839,-1,-1,-1
306,20,1558.1471,818.3635,334.9112499999999,230.1339099999999,0.8792412877082825,-1,-1,-1
307,19,2015.4707,918.089,180.52319999999986,155.98059,0.8408453464508057,-1,-1,-1
307,20,1588.093,823.8449,327.88257,221.5567000000001,0.8772220015525818,-1,-1,-1
308,19,2023.9435,916.4493,176.99597000000017,153.4161999999999,0.8261422514915466,-1,-1,-1
308,20,1620.4901,827.5708,309.7961399999999,213.30944999999997,0.8840922713279724,-1,-1,-1
309,19,2037.3834,914.35254,167.05970000000002,147.83069000000012,0.8480806946754456,-1,-1,-1
309,20,1654.8743,831.18835,290.6515999999999,207.6647999999999,0.8781481981277466,-1,-1,-1
310,19,2045.613,912.08875,164.38915999999995,143.69238000000007,0.8235015869140625,-1,-1,-1
310,20,1688.6289,834.3457,268.91235000000006,196.02599999999995,0.8752063512802124,-1,-1,-1
311,19,2057.0164,913.9844,154.5566399999998,133.58447,0.8151886463165283,-1,-1,-1
311,20,1706.8885,838.3011,261.8792699999999,186.86493000000007,0.8895712494850159,-1,-1,-1
312,19,2065.475,912.30884,149.5595699999999,128.43896000000007,0.7841817140579224,-1,-1,-1
312,20,1726.124,845.2972,252.29907000000003,175.79864999999995,0.8688592910766602,-1,-1,-1
313,19,2069.8708,910.73676,145.23340000000007,126.0896600000001,0.6856487989425659,-1,-1,-1
313,20,1752.9453,845.8662,235.06616000000008,172.09839,0.8731406331062317,-1,-1,-1
314,19,2080.4243,914.70276,138.1572299999998,118.24353000000008,0.6232084035873413,-1,-1,-1
314,20,1768.2773,847.5281,232.2002,166.71906,0.8637123107910156,-1,-1,-1
315,19,2086.3848,907.41,133.56104000000005,120.51092499999993,0.750231921672821,-1,-1,-1
315,20,1782.467,846.3811,225.49316,162.83471999999995,0.8377566337585449,-1,-1,-1
315,21,808.9116,904.86316,1123.4371,731.4068599999999,0.7226479053497314,-1,-1,-1
316,19,2091.9268,903.8569,131.30933000000005,119.81586000000004,0.7038387656211853,-1,-1,-1
316,20,1803.1464,851.5131,214.00793,160.66681000000005,0.8015849590301514,-1,-1,-1
316,21,1040.9584,937.5238,919.4817,587.3893000000002,0.786443829536438,-1,-1,-1
317,21,1195.0184,935.5183,798.2645,507.44420000000014,0.8043668866157532,-1,-1,-1
318,21,1436.2152,932.2871,580.9637499999999,444.98070000000007,0.8049752116203308,-1,-1,-1
319,21,1553.0559,923.0438,501.94481999999994,403.4298,0.8570758104324341,-1,-1,-1
320,21,1624.7817,924.6968,452.7055700000001,361.9274999999999,0.8510971665382385,-1,-1,-1
321,21,1687.1089,922.57275,404.33618,325.65173000000004,0.8650678396224976,-1,-1,-1
322,21,1743.9707,926.04297,370.5254000000002,295.9993999999999,0.8630225658416748,-1,-1,-1
323,21,1804.7328,928.4463,313.29796999999985,265.69359999999995,0.8574865460395813,-1,-1,-1
324,21,1831.6482,931.07654,309.7175299999999,240.46227999999996,0.8673075437545776,-1,-1,-1
325,21,1870.0254,928.3391,277.81910000000016,227.70447000000001,0.8488275408744812,-1,-1,-1
326,21,1903.277,929.91565,253.11583999999993,215.0319800000001,0.8481029272079468,-1,-1,-1
327,21,1918.36,927.0305,251.1773700000001,205.04113999999993,0.8503906726837158,-1,-1,-1
328,21,1937.7288,927.33374,236.21825999999987,192.45849999999996,0.8696112036705017,-1,-1,-1
329,21,1957.0337,928.1567,221.43555000000015,182.7836299999999,0.8487529158592224,-1,-1,-1
330,21,1976.1514,927.167,210.61597000000006,176.6191399999999,0.8435213565826416,-1,-1,-1
331,21,1986.7958,925.63354,206.2562300000002,166.44957999999997,0.8612543344497681,-1,-1,-1
332,21,2004.184,925.0076,195.7325400000002,160.35919,0.8477749228477478,-1,-1,-1
333,21,2016.9489,917.4114,189.34631000000013,159.59862999999996,0.8630212545394897,-1,-1,-1
334,21,2024.3845,916.0578,184.43480999999997,156.10051999999996,0.8502926230430603,-1,-1,-1
335,21,2036.0985,915.95044,174.10509999999977,148.90051000000005,0.8461755514144897,-1,-1,-1
336,21,2048.6594,909.63104,166.45751999999993,148.68939,0.8531899452209473,-1,-1,-1
337,21,2055.9788,904.76184,162.33203000000003,148.49853999999993,0.84909588098526,-1,-1,-1
338,21,2066.5542,905.62103,155.35352000000012,142.3650500000001,0.8481866717338562,-1,-1,-1
339,21,2073.583,906.2378,151.57934999999998,137.79418999999996,0.8405301570892334,-1,-1,-1
340,21,2079.5632,905.6146,147.35912999999982,135.3142099999999,0.8342297673225403,-1,-1,-1
341,21,2087.231,908.1117,141.2504899999999,130.46386999999993,0.8276504278182983,-1,-1,-1
342,21,2091.2258,908.06085,139.94263,125.714294,0.8288329243659973,-1,-1,-1
343,21,2095.7322,901.7689,139.77221999999983,127.43822999999998,0.8026891946792603,-1,-1,-1
344,21,2101.826,902.12634,136.46167000000014,125.08752400000003,0.7712268829345703,-1,-1,-1
345,21,2105.4028,903.85834,134.41454999999996,119.53949,0.6588554382324219,-1,-1,-1
347,21,2113.7393,897.99475,129.79565000000002,120.66057999999998,0.6323779821395874,-1,-1,-1
422,23,1743.3667,803.1371,135.93811000000005,106.344604,0.6159521341323853,-1,-1,-1
423,23,1728.5696,800.65515,145.77393000000006,107.57263,0.6339942216873169,-1,-1,-1
424,23,1716.7767,800.4418,146.8493699999999,108.77221999999995,0.7434249520301819,-1,-1,-1
426,23,1691.153,802.5421,155.31128000000012,105.64972,0.6605532765388489,-1,-1,-1
427,23,1678.6877,800.5979,160.7769800000001,108.45794999999998,0.8128204941749573,-1,-1,-1
428,23,1663.5254,798.78894,164.26757999999995,108.74878000000001,0.8418774008750916,-1,-1,-1
429,23,1653.8922,806.07916,170.7910199999999,101.91101000000003,0.830782949924469,-1,-1,-1
430,23,1640.3711,795.40295,171.16028000000006,112.18725600000005,0.8669133186340332,-1,-1,-1
431,23,1625.1345,791.0992,172.72046,116.51104999999995,0.8395993113517761,-1,-1,-1
432,23,1613.0352,791.16583,176.99487,117.23113999999998,0.8510512709617615,-1,-1,-1
433,23,1589.6327,787.9059,187.35840000000007,118.54247999999995,0.8384270071983337,-1,-1,-1
434,23,1575.4419,787.27606,189.5709199999999,119.01275999999996,0.8482258915901184,-1,-1,-1
435,23,1564.5498,783.2431,194.86084000000005,120.59906000000001,0.8545107245445251,-1,-1,-1
436,23,1550.9495,782.4514,197.0214800000001,122.96947999999998,0.8615354895591736,-1,-1,-1
437,23,1529.9729,780.1489,201.83740000000012,126.18029999999999,0.8798974752426147,-1,-1,-1
438,23,1513.0642,776.5365,203.4150400000001,128.45184000000006,0.8641173243522644,-1,-1,-1
439,23,1490.4187,773.72095,213.76367000000005,133.15856999999994,0.8585531115531921,-1,-1,-1
440,23,1478.7097,771.60364,213.67211999999995,133.35339999999997,0.84731525182724,-1,-1,-1
441,23,1457.612,770.0255,225.74792000000002,134.53137000000004,0.8686537742614746,-1,-1,-1
442,23,1433.344,767.3959,235.22118999999998,137.06237999999996,0.8650345802307129,-1,-1,-1
443,23,1417.716,760.6587,234.85412999999994,142.30896000000007,0.8824613690376282,-1,-1,-1
444,23,1393.6172,759.0748,241.54089999999997,145.81866000000002,0.8633652925491333,-1,-1,-1
445,23,1373.7551,756.69543,248.73534999999993,147.10046,0.8793209195137024,-1,-1,-1
446,23,1350.7249,754.6625,260.56029999999987,146.93359999999996,0.8839935064315796,-1,-1,-1
447,23,1326.2274,751.0541,267.4243200000001,150.49559999999997,0.8751026391983032,-1,-1,-1
448,23,1299.693,746.67017,274.58899999999994,155.46245999999996,0.8667274117469788,-1,-1,-1
449,23,1263.7861,740.24994,291.3671999999999,161.58722,0.8659945726394653,-1,-1,-1
450,23,1243.262,738.09686,294.5629999999999,161.53943000000004,0.86701899766922,-1,-1,-1
451,23,1214.3596,735.2896,308.02124000000003,164.05761999999993,0.8485479354858398,-1,-1,-1
452,23,1189.2422,727.08813,308.02769999999987,173.75732000000005,0.8430666923522949,-1,-1,-1
453,23,1152.2065,722.31726,318.74440000000004,177.26671999999996,0.8475013375282288,-1,-1,-1
454,23,1118.1667,716.8074,331.9104,180.40015000000005,0.8538256287574768,-1,-1,-1
455,23,1084.0101,711.36475,341.28099999999995,186.22606999999994,0.8462017774581909,-1,-1,-1
456,23,1046.3108,707.7118,364.1322,187.68677000000002,0.8593600392341614,-1,-1,-1
