1,0,1382.1135,328.43262,165.30103000000008,145.24887,0.8786558508872986,-1,-1,-1
2,0,1375.4772,333.8859,171.97388,149.90436,0.8883012533187866,-1,-1,-1
3,0,1371.1069,339.09995,184.94750999999997,154.31545999999997,0.8703708648681641,-1,-1,-1
4,0,1369.071,343.86996,195.82654000000002,161.1146,0.8647591471672058,-1,-1,-1
5,0,1368.2323,351.4272,199.05835000000002,163.6297,0.8761628866195679,-1,-1,-1
6,0,1366.0023,355.42798,201.40636999999992,168.81982,0.8737561106681824,-1,-1,-1
7,0,1363.6027,361.74353,208.11975000000007,168.92151000000007,0.8721902370452881,-1,-1,-1
8,0,1362.9458,365.31726,227.45776,174.85399999999998,0.8762768507003784,-1,-1,-1
9,0,1364.1324,367.04688,235.04529000000002,180.94140000000004,0.885596752166748,-1,-1,-1
10,0,1365.9475,367.57538,234.05249000000003,190.25745000000006,0.8939510583877563,-1,-1,-1
11,0,1368.0244,370.76627,231.97559,198.14412999999996,0.8868129253387451,-1,-1,-1
11,1,310.703,583.1468,99.9805,83.930115,0.6680895090103149,-1,-1,-1
12,0,1369.9473,368.42328,230.0527300000001,213.56714,0.8881738185882568,-1,-1,-1
12,1,312.3649,582.4296,101.43497000000002,84.15130599999998,0.7582909464836121,-1,-1,-1
13,0,1377.8345,365.49405,222.16553,227.79171999999994,0.8994405269622803,-1,-1,-1
13,1,313.1295,581.17645,105.36517000000003,85.73712,0.7617438435554504,-1,-1,-1
14,0,1380.5247,366.66776,219.47533999999996,241.17709999999994,0.9026174545288086,-1,-1,-1
14,1,317.10358,582.6186,105.18832400000002,86.02661,0.7960388660430908,-1,-1,-1
15,0,1390.1622,369.6595,209.8377700000001,265.3786600000001,0.8765389919281006,-1,-1,-1
15,1,318.633,582.18726,106.75967400000002,86.48302999999999,0.8237510919570923,-1,-1,-1
16,0,1403.5659,379.16763,196.43408,278.30222,0.8541573286056519,-1,-1,-1
16,1,320.30536,582.3976,107.00353999999999,86.06848000000002,0.8148356676101685,-1,-1,-1
17,0,1417.7635,384.08472,182.12158,284.52270000000004,0.7512269020080566,-1,-1,-1
17,1,321.2283,582.80975,109.33371,87.59960999999998,0.8546579480171204,-1,-1,-1
18,0,1448.609,398.62753,151.39098999999987,255.26315,0.700798511505127,-1,-1,-1
18,1,324.44006,583.6209,108.21847500000001,87.21582000000001,0.8473510146141052,-1,-1,-1
19,1,325.88147,583.5947,109.39263999999997,88.48473999999999,0.8428961038589478,-1,-1,-1
20,1,328.15906,582.49286,110.33089999999999,90.40099999999995,0.849913477897644,-1,-1,-1
21,1,331.17395,582.1676,109.02584999999999,89.95898399999999,0.851472795009613,-1,-1,-1
22,1,332.71713,581.7546,111.01971400000002,91.18004999999994,0.8542423844337463,-1,-1,-1
23,1,333.62207,581.93567,112.55084,91.64544999999998,0.8571135401725769,-1,-1,-1
24,1,335.00308,581.3712,115.32754499999999,93.46435499999995,0.8622714877128601,-1,-1,-1
25,1,336.31708,580.7178,115.99106,96.00714000000005,0.8715918660163879,-1,-1,-1
26,1,338.55005,580.4259,117.05144999999999,96.58703600000001,0.8477636575698853,-1,-1,-1
27,1,340.42792,580.4185,117.81750499999998,95.40777600000001,0.8576412796974182,-1,-1,-1
28,1,342.34314,580.8911,119.76749000000001,95.67737,0.8629122972488403,-1,-1,-1
29,1,345.07138,580.9408,120.87958000000003,95.87842,0.8544144034385681,-1,-1,-1
30,1,347.81354,578.8274,125.35320999999999,99.50464,0.858910858631134,-1,-1,-1
31,1,350.40048,577.73694,127.759186,101.48046999999997,0.8644580841064453,-1,-1,-1
32,1,354.6978,579.80865,126.53769,100.60864000000004,0.8686773777008057,-1,-1,-1
33,1,357.04132,579.3118,126.44372600000003,102.06555000000003,0.8821961283683777,-1,-1,-1
34,1,359.1855,578.64294,127.93734999999998,103.50513000000001,0.87652987241745,-1,-1,-1
35,1,360.31696,578.7443,131.98726999999997,104.91350999999997,0.8792141079902649,-1,-1,-1
36,1,361.3724,577.6667,134.72974,106.75525000000005,0.8807618021965027,-1,-1,-1
37,1,362.57373,576.74286,137.5326,108.69745,0.8826245069503784,-1,-1,-1
38,1,364.70505,576.06793,140.55480999999997,110.05286000000001,0.883539080619812,-1,-1,-1
39,1,369.9979,575.80475,139.06220000000002,110.93004999999994,0.876975953578949,-1,-1,-1
40,1,372.71906,575.7794,142.81157999999994,112.22381600000006,0.8686924576759338,-1,-1,-1
41,1,377.64612,575.3332,143.71063000000004,115.25574000000006,0.8632231950759888,-1,-1,-1
42,1,381.4711,573.2383,146.12161000000003,119.62756000000002,0.8692553639411926,-1,-1,-1
43,1,384.5407,573.615,146.76819,120.41680999999994,0.8801125288009644,-1,-1,-1
44,1,386.86804,573.1287,152.79968000000002,121.07818599999996,0.881598949432373,-1,-1,-1
45,1,389.75592,572.29224,154.28046,123.29272500000002,0.8806909918785095,-1,-1,-1
46,1,392.45282,571.6476,158.9851,125.67529000000002,0.870291531085968,-1,-1,-1
47,1,397.41553,571.32043,161.46173,126.25811999999996,0.8782566785812378,-1,-1,-1
48,1,401.49622,569.9876,166.16516000000001,129.67804,0.8819988369941711,-1,-1,-1
49,1,404.97943,568.6934,165.23645,132.27124000000003,0.8811213970184326,-1,-1,-1
50,1,407.9076,568.37085,169.01262999999994,134.22693000000004,0.8762091994285583,-1,-1,-1
51,1,409.41028,567.3537,173.91240999999997,135.32239000000004,0.8740829229354858,-1,-1,-1
52,1,413.21002,566.6494,178.99414000000002,137.26349000000005,0.8777835369110107,-1,-1,-1
53,1,418.84875,567.42346,178.16083000000003,137.25891000000001,0.8742077350616455,-1,-1,-1
54,1,419.76385,563.6855,183.63397000000003,142.75952000000007,0.8631482124328613,-1,-1,-1
55,1,427.84952,564.6247,185.49661000000003,145.32831,0.8679338097572327,-1,-1,-1
56,1,428.56427,560.639,191.49102999999997,151.69916,0.891877293586731,-1,-1,-1
57,1,429.69174,560.8795,195.66030999999998,154.2301,0.8892042636871338,-1,-1,-1
58,1,437.39108,561.68195,198.21976000000006,154.37982,0.8685406446456909,-1,-1,-1
59,1,443.03265,559.4972,203.77617999999995,158.34021000000007,0.8776790499687195,-1,-1,-1
60,1,450.67978,559.1258,206.05428999999998,160.48595999999998,0.8812876343727112,-1,-1,-1
61,1,453.92456,557.6214,213.92657000000003,165.94849,0.8768739104270935,-1,-1,-1
61,2,319.74503,584.83154,100.17169000000001,83.31389999999999,0.6862514019012451,-1,-1,-1
62,1,458.06476,556.2229,225.64508,172.22699,0.862557590007782,-1,-1,-1
62,2,322.2268,583.67975,101.67279000000002,85.29894999999999,0.6648470163345337,-1,-1,-1
63,1,466.1664,556.6047,230.23642,172.97247000000004,0.8742774128913879,-1,-1,-1
63,2,325.0958,584.73474,102.20333999999997,85.49481000000003,0.6966078281402588,-1,-1,-1
64,1,471.3624,556.639,241.14444000000003,174.51195999999993,0.8862790465354919,-1,-1,-1
64,2,329.2975,585.7287,102.93752999999998,85.32294000000002,0.7021490335464478,-1,-1,-1
65,1,479.85153,555.60913,248.44417999999996,176.82379000000003,0.8953606486320496,-1,-1,-1
65,2,331.511,584.47705,105.14569,87.29742399999998,0.7145017385482788,-1,-1,-1
66,1,491.7205,551.8232,252.02846999999997,183.54254000000003,0.8765602707862854,-1,-1,-1
66,2,333.86127,584.3347,106.04293999999999,87.78827000000001,0.762175440788269,-1,-1,-1
67,1,503.10144,549.02905,261.78607,194.40594,0.8653700351715088,-1,-1,-1
67,2,338.00015,583.4112,107.43567000000002,90.28643999999997,0.7224119305610657,-1,-1,-1
68,1,513.5886,546.9125,271.789,198.45447000000001,0.8753927946090698,-1,-1,-1
68,2,341.92758,582.3636,110.89853,92.32342500000004,0.7541192173957825,-1,-1,-1
69,1,524.62274,546.35236,288.72095,203.0036,0.8753489255905151,-1,-1,-1
69,2,343.8495,582.9711,112.42331000000001,92.28612999999996,0.8090104460716248,-1,-1,-1
70,1,539.94446,544.6611,297.47429999999997,211.57947000000001,0.8825379610061646,-1,-1,-1
70,2,346.91028,581.50195,114.16751,95.45325000000003,0.80705326795578,-1,-1,-1
71,1,555.7097,543.87524,311.87182999999993,220.14586999999995,0.8817289471626282,-1,-1,-1
71,2,350.60922,582.0547,115.86722000000003,95.66016000000002,0.7907081246376038,-1,-1,-1
71,3,1409.3469,327.8286,190.65308000000005,327.6375699999999,0.642075777053833,-1,-1,-1
72,1,564.4576,542.0442,340.01917000000003,226.12761999999998,0.8602715134620667,-1,-1,-1
72,2,354.2202,581.17645,120.70940999999999,97.09576400000003,0.8137075304985046,-1,-1,-1
73,1,587.5412,539.6837,357.9334,240.39428999999996,0.8691526651382446,-1,-1,-1
73,2,360.18115,580.2092,121.80374,99.29474000000005,0.8271552324295044,-1,-1,-1
74,1,606.5489,536.8196,392.5249,251.46704,0.8665170669555664,-1,-1,-1
74,2,365.04874,578.7492,122.86816399999998,101.02361999999994,0.8297293186187744,-1,-1,-1
75,1,623.2619,526.4643,427.4375600000001,277.35614,0.8624772429466248,-1,-1,-1
75,2,367.85654,577.8924,126.28796399999999,103.58734000000004,0.8341953754425049,-1,-1,-1
75,3,1187.7029,345.77933,412.29711999999995,309.8047199999999,0.6016666889190674,-1,-1,-1
76,1,646.78186,515.99835,459.63257,298.05908,0.875067412853241,-1,-1,-1
76,2,372.09064,578.0819,127.79272500000002,104.42047000000002,0.8527932167053223,-1,-1,-1
76,3,1115.7057,353.74365,484.2943,298.38104,0.7674739360809326,-1,-1,-1
77,1,681.6834,513.5447,490.50519999999995,303.44824000000006,0.8363476395606995,-1,-1,-1
77,2,377.11307,577.54285,130.26141,106.30932600000006,0.8399176597595215,-1,-1,-1
77,3,1103.8676,357.6093,494.32983000000013,291.35187,0.6444442272186279,-1,-1,-1
78,1,705.1831,503.55072,538.5268600000002,333.5060399999999,0.839625895023346,-1,-1,-1
78,2,381.77628,578.8245,132.10538000000003,105.62401999999997,0.8545256853103638,-1,-1,-1
78,3,1099.9958,365.06805,499.1598999999999,282.06469999999996,0.6519449353218079,-1,-1,-1
79,1,736.2544,492.24377,645.4563,361.65265000000005,0.7877813577651978,-1,-1,-1
79,2,387.95563,577.16046,138.30933,109.83526600000005,0.8627452254295349,-1,-1,-1
80,1,785.9528,481.38934,738.3395399999999,398.80030000000005,0.7876229882240295,-1,-1,-1
80,2,393.3388,575.9645,140.53076,112.53130999999996,0.8753970861434937,-1,-1,-1
81,2,400.6478,576.49774,142.42428999999998,114.07281499999999,0.8759142756462097,-1,-1,-1
81,4,316.63895,582.7548,103.43686000000002,84.246216,0.7173086404800415,-1,-1,-1
82,2,406.89,575.9864,147.46857,116.40032999999994,0.8767333030700684,-1,-1,-1
82,4,319.59195,582.2954,106.13842999999997,87.98212000000001,0.7619069814682007,-1,-1,-1
83,2,413.65314,573.7074,152.31714,121.67156999999997,0.8740928769111633,-1,-1,-1
83,4,320.3237,580.53033,108.83160400000003,91.0249,0.7681148052215576,-1,-1,-1
84,2,418.50864,572.98444,162.60928,125.01160000000004,0.8736569881439209,-1,-1,-1
84,4,323.0773,580.8344,110.60351600000001,92.67096000000004,0.7768427133560181,-1,-1,-1
84,5,866.6443,422.83942,408.01562,223.59875,0.7819784283638,-1,-1,-1
85,2,426.161,570.74384,167.27905000000004,129.37756000000002,0.870210587978363,-1,-1,-1
85,4,325.84238,580.6929,114.04174999999998,94.14966000000004,0.7718213200569153,-1,-1,-1
85,5,841.07245,432.64236,415.19011999999987,214.41147000000007,0.8445480465888977,-1,-1,-1
86,2,436.45505,571.9059,170.71487000000002,129.41931,0.8824975490570068,-1,-1,-1
86,4,327.52237,581.17694,116.47500600000001,93.91863999999998,0.8091546297073364,-1,-1,-1
86,5,814.031,441.88794,418.18982000000005,203.80401999999998,0.827646017074585,-1,-1,-1
87,2,445.92877,571.0216,177.85735999999997,132.49152000000004,0.8671172261238098,-1,-1,-1
87,4,329.80405,579.02527,119.21301,97.26697000000001,0.8164095282554626,-1,-1,-1
87,5,792.2717,445.93524,367.26964999999996,200.47491000000002,0.8344042301177979,-1,-1,-1
88,2,456.61392,570.2753,182.82101,136.57379000000003,0.8863203525543213,-1,-1,-1
88,4,333.92,577.8269,120.39727999999997,99.40063499999997,0.8044375777244568,-1,-1,-1
88,5,769.46643,450.908,343.56603999999993,195.8555,0.8590927720069885,-1,-1,-1
89,2,467.30222,568.0506,189.05392,141.78314,0.8784850239753723,-1,-1,-1
89,4,336.87634,577.2032,123.74038999999999,101.361084,0.8006705641746521,-1,-1,-1
89,5,750.2703,462.09464,322.30292,185.05429000000004,0.8538240790367126,-1,-1,-1
90,2,478.99728,567.12476,196.03116000000006,145.76569000000006,0.868161678314209,-1,-1,-1
90,4,340.60452,577.66364,123.47027600000001,100.83385999999996,0.8200017213821411,-1,-1,-1
90,5,729.29755,466.67224,317.8464999999999,180.64575000000002,0.871166467666626,-1,-1,-1
91,2,485.9725,565.10486,206.05239999999998,152.86577999999997,0.8665835857391357,-1,-1,-1
91,4,345.8059,579.4779,122.68964,98.48553500000003,0.8177293539047241,-1,-1,-1
91,5,711.99963,475.46997,297.7154499999999,172.03503,0.8494756817817688,-1,-1,-1
92,2,503.14084,563.87384,212.42484000000002,155.54016000000001,0.8785006999969482,-1,-1,-1
92,4,351.54358,578.07965,124.63463999999999,100.13109999999995,0.8378991484642029,-1,-1,-1
92,5,695.3254,479.83337,284.09862999999996,168.10272000000003,0.8628861308097839,-1,-1,-1
93,2,521.3297,562.4709,225.54700000000003,163.26624000000004,0.8801395297050476,-1,-1,-1
93,4,356.51865,576.41675,125.43038999999999,102.30524000000003,0.8556832075119019,-1,-1,-1
93,5,679.6101,485.65005,274.19165,159.99374000000006,0.8307427763938904,-1,-1,-1
94,2,533.5017,558.37915,244.84789999999998,170.17687999999998,0.8900195956230164,-1,-1,-1
94,4,361.57248,575.9187,126.41885000000002,102.04132000000004,0.8432087302207947,-1,-1,-1
95,2,554.4589,560.4825,255.74365,172.05371000000002,0.8707370758056641,-1,-1,-1
95,4,365.37305,576.154,130.83675999999997,103.21624999999995,0.8513573408126831,-1,-1,-1
95,6,1233.5416,343.55127,366.45837000000006,303.37255999999996,0.6177788972854614,-1,-1,-1
96,2,572.2046,557.6647,271.81903,179.10022000000004,0.8626092672348022,-1,-1,-1
96,4,369.3962,575.05853,133.92782999999997,105.31615999999997,0.8559987545013428,-1,-1,-1
96,6,1140.0881,350.83765,459.23266999999987,299.4745500000001,0.6543292999267578,-1,-1,-1
96,7,246.92816,596.9798,94.48395,86.21735000000001,0.6184359788894653,-1,-1,-1
97,2,598.6991,551.78406,293.47381999999993,192.38678000000004,0.8690734505653381,-1,-1,-1
97,4,377.11435,576.79083,131.85012999999998,104.30182000000002,0.8425082564353943,-1,-1,-1
97,6,1110.0637,354.5822,489.9362800000001,294.96563999999995,0.7899433374404907,-1,-1,-1
98,2,630.13074,551.6766,306.73069999999996,199.06824000000006,0.846919059753418,-1,-1,-1
98,4,384.1262,576.0889,133.54250999999994,106.24920999999995,0.8418156504631042,-1,-1,-1
98,6,1064.7986,362.7723,534.2312,284.19819999999993,0.7693385481834412,-1,-1,-1
98,7,248.37393,597.79694,96.633545,88.74872000000005,0.6106186509132385,-1,-1,-1
99,2,660.7689,548.5738,346.25739999999996,213.08514000000002,0.8504341840744019,-1,-1,-1
99,4,390.8005,574.6149,139.44278000000003,110.250854,0.8552045226097107,-1,-1,-1
99,6,1003.381,379.0042,580.59875,269.80267,0.8180564641952515,-1,-1,-1
99,7,248.2421,598.077,100.34988400000003,89.97247000000004,0.6746463775634766,-1,-1,-1
100,2,684.8832,542.6408,401.6440399999999,233.29443000000003,0.8465672135353088,-1,-1,-1
100,4,399.15323,573.94415,143.70461999999998,113.38354500000003,0.8469119668006897,-1,-1,-1
100,6,990.75085,393.65063,538.05066,253.89166,0.8125055432319641,-1,-1,-1
100,7,248.95343,597.6103,101.9888,92.46063000000004,0.677461564540863,-1,-1,-1
101,2,710.02405,533.0941,453.9631300000001,251.20965999999999,0.8159429430961609,-1,-1,-1
101,4,405.0064,572.7721,150.11517000000003,115.05187999999998,0.8673349022865295,-1,-1,-1
101,6,951.38586,399.448,540.3563,244.41809,0.667926013469696,-1,-1,-1
101,7,250.18243,600.46387,101.86786000000001,92.15143,0.8042957782745361,-1,-1,-1
101,8,564.6959,511.03955,202.97949000000006,134.54168999999996,0.8201457858085632,-1,-1,-1
102,2,734.60864,530.1095,514.6854,267.34295999999995,0.8018379211425781,-1,-1,-1
102,4,412.08505,571.90533,151.19028000000003,117.37401999999997,0.8703618049621582,-1,-1,-1
102,7,250.01508,600.9108,103.03363000000002,92.56366000000003,0.788750410079956,-1,-1,-1
102,8,561.518,514.22986,193.14148,130.26104999999995,0.8440884947776794,-1,-1,-1
103,2,812.6946,523.9459,552.3669400000001,285.37836000000004,0.8222863078117371,-1,-1,-1
103,4,423.0135,571.55035,155.21069999999997,119.85864000000004,0.8448718190193176,-1,-1,-1
103,7,252.02408,603.8684,102.04123000000001,91.80382999999995,0.8061116933822632,-1,-1,-1
103,8,549.699,517.4293,193.85388,125.19268999999997,0.8121253848075867,-1,-1,-1
104,2,878.1698,509.52786,647.0016999999999,320.10678,0.8124731183052063,-1,-1,-1
104,4,431.6108,571.5848,163.82993000000005,121.59369000000004,0.8659276366233826,-1,-1,-1
104,7,252.98257,605.74457,103.85388,91.27368000000001,0.8270934820175171,-1,-1,-1
105,2,927.89795,516.0675,666.8292000000001,334.0543799999999,0.7827734351158142,-1,-1,-1
105,4,444.18335,567.71814,171.82903999999996,127.72351000000003,0.8714014291763306,-1,-1,-1
105,7,254.9705,605.4827,105.073654,93.99792500000001,0.8318885564804077,-1,-1,-1
105,9,831.3795,432.61456,375.78735000000006,211.09021000000007,0.7486907839775085,-1,-1,-1
106,4,456.21997,567.1656,171.08936000000006,129.91094999999996,0.8770217895507812,-1,-1,-1
106,7,255.68356,606.123,107.88113400000003,94.65423599999997,0.8252053260803223,-1,-1,-1
106,9,802.96747,437.31653,366.4531999999999,210.86578000000003,0.8280831575393677,-1,-1,-1
107,4,470.61563,560.9956,184.18966999999998,140.04552999999999,0.8735795617103577,-1,-1,-1
107,7,258.50916,608.32245,109.18161000000003,94.77899000000002,0.8179594874382019,-1,-1,-1
107,9,775.3407,445.34274,346.7025000000001,202.01212000000004,0.8512955904006958,-1,-1,-1
108,4,483.0141,560.8526,187.55524000000003,142.14135999999996,0.8733462691307068,-1,-1,-1
108,7,260.59302,609.98755,112.70648,96.50763000000006,0.8511746525764465,-1,-1,-1
108,9,755.92114,455.83896,335.0426000000001,192.21859999999998,0.867651104927063,-1,-1,-1
109,4,501.71786,559.6119,193.77213000000006,147.03925000000004,0.8430414199829102,-1,-1,-1
109,7,263.08337,612.95966,114.32351999999997,96.01842999999997,0.8599175214767456,-1,-1,-1
109,9,738.07574,464.62897,312.10382000000004,183.50506999999993,0.8703490495681763,-1,-1,-1
110,4,521.13354,559.2445,205.66430000000003,148.87622,0.8734995722770691,-1,-1,-1
110,7,264.97632,613.4576,117.271545,97.50518999999997,0.8630610108375549,-1,-1,-1
110,9,717.505,469.39224,295.06378000000007,177.42093,0.849046528339386,-1,-1,-1
111,4,541.1273,562.59827,217.68322999999998,148.54993000000002,0.8607264161109924,-1,-1,-1
111,7,268.61435,614.672,122.74932999999999,99.30627400000003,0.8742799162864685,-1,-1,-1
111,9,694.98505,480.87897,284.11365,164.44873000000007,0.8363403081893921,-1,-1,-1
112,4,556.37177,557.6186,239.11181999999997,157.36450000000002,0.8481613993644714,-1,-1,-1
112,7,271.5735,616.181,125.74484000000001,101.41308600000002,0.8636730909347534,-1,-1,-1
113,4,584.027,555.23004,252.15650000000005,166.73259999999993,0.8514203429222107,-1,-1,-1
113,7,273.30365,616.2535,129.99335000000002,103.88470499999994,0.8649795651435852,-1,-1,-1
113,10,471.81693,539.0175,138.74051000000003,101.88391000000001,0.7482792139053345,-1,-1,-1
114,4,611.3186,546.97876,276.83313,181.26813000000004,0.8570683598518372,-1,-1,-1
114,7,276.82523,615.7232,135.93808,108.95330999999999,0.8640182614326477,-1,-1,-1
114,10,465.43442,538.9656,133.09060000000005,103.42486599999995,0.8410742282867432,-1,-1,-1
115,4,645.99316,543.4475,305.46387000000004,188.91217000000006,0.8525779247283936,-1,-1,-1
115,7,280.64014,615.63007,139.36176,113.22649999999999,0.8980161547660828,-1,-1,-1
115,10,459.51672,542.996,128.89319000000006,98.39666999999997,0.8538278937339783,-1,-1,-1
116,4,685.9415,539.568,332.44128,198.43854,0.8537804484367371,-1,-1,-1
116,7,283.53143,615.7942,149.14026,117.74975600000005,0.8749825954437256,-1,-1,-1
116,10,452.71072,545.4239,130.44626,96.29114000000004,0.7603901624679565,-1,-1,-1
117,4,719.3106,529.81775,380.1947600000001,222.18439,0.823356032371521,-1,-1,-1
117,7,286.15555,615.6587,151.13031,123.01727000000005,0.8868020176887512,-1,-1,-1
117,10,449.27484,546.1006,125.55658,94.79211399999997,0.7706765532493591,-1,-1,-1
118,4,774.7903,517.1693,432.97156000000007,244.07323999999994,0.8362023234367371,-1,-1,-1
118,7,289.79944,617.53046,156.32324,123.02417000000003,0.8803725838661194,-1,-1,-1
118,10,439.97076,547.90936,121.78863500000006,93.15643,0.820122480392456,-1,-1,-1
118,11,592.8145,514.37976,209.51329999999996,130.02477999999996,0.853930652141571,-1,-1,-1
119,4,842.4828,503.9716,502.09766000000013,273.26675000000006,0.8454499840736389,-1,-1,-1
119,7,296.59906,619.1968,167.29883,125.53692999999998,0.8812234997749329,-1,-1,-1
119,10,437.5021,549.4059,118.62582400000002,90.70660399999997,0.8328896760940552,-1,-1,-1
119,11,579.0973,520.5229,199.88225999999997,122.73254399999996,0.8651713728904724,-1,-1,-1
120,4,904.74475,503.64124,580.3119,286.15606999999994,0.7453505992889404,-1,-1,-1
120,7,300.85748,619.2871,171.27582,132.96338000000003,0.87392657995224,-1,-1,-1
120,10,434.20648,550.5507,118.22894000000002,90.66186500000003,0.723849892616272,-1,-1,-1
120,11,567.49554,518.8978,198.04352000000006,124.56512499999997,0.8689082264900208,-1,-1,-1
121,4,986.1055,483.11108,607.2868,329.07372999999995,0.6845575571060181,-1,-1,-1
121,7,307.0713,619.71466,178.96283,143.09668,0.8966942429542542,-1,-1,-1
121,10,432.5219,551.622,110.22320600000006,87.21234000000004,0.7338810563087463,-1,-1,-1
121,11,548.12244,523.16516,195.68762000000004,120.40594499999997,0.8390257358551025,-1,-1,-1
122,4,1106.4927,457.48578,492.46569999999997,378.79773,0.7035336494445801,-1,-1,-1
122,7,310.53217,621.12897,193.80667,149.56348000000003,0.9002548456192017,-1,-1,-1
122,10,424.51468,553.291,111.65677000000005,85.34051499999998,0.6976097822189331,-1,-1,-1
122,11,539.8207,523.4082,185.35631999999998,120.19141000000002,0.8558562994003296,-1,-1,-1
123,7,318.62112,623.31006,199.72098000000005,156.3523,0.8811557292938232,-1,-1,-1
123,10,420.10165,555.14386,111.07784999999996,85.46862999999996,0.689276397228241,-1,-1,-1
123,11,537.2152,524.49915,179.57281,118.48999000000003,0.858399510383606,-1,-1,-1
124,7,327.25934,624.3418,216.20697,165.77319999999997,0.874010443687439,-1,-1,-1
124,10,414.97906,551.77936,111.01000999999997,87.56182999999999,0.8251807689666748,-1,-1,-1
124,11,528.9651,522.33545,171.60741999999993,120.33727999999996,0.8405908942222595,-1,-1,-1
124,12,1462.5226,251.7246,94.04187000000002,82.91859399999998,0.6745638251304626,-1,-1,-1
125,7,336.7013,624.96185,229.80889999999994,177.38287000000003,0.859636127948761,-1,-1,-1
125,10,410.90555,554.58514,105.98336999999998,83.25274999999999,0.8000483512878418,-1,-1,-1
125,11,517.5606,527.0775,169.58325000000002,115.54889000000003,0.8368244767189026,-1,-1,-1
125,12,1461.8245,252.7701,94.58324999999991,83.52564999999998,0.6919392347335815,-1,-1,-1
126,7,347.09308,627.176,247.5802,190.18915000000004,0.8572980165481567,-1,-1,-1
126,10,405.339,556.51154,104.98656999999997,81.75525000000005,0.7602938413619995,-1,-1,-1
126,11,508.66815,530.7017,161.35345,112.50249999999994,0.8254674077033997,-1,-1,-1
126,12,1461.0653,253.47362,95.89843999999994,83.74976999999998,0.667466938495636,-1,-1,-1
127,7,359.43045,630.6218,257.89907999999997,203.00818000000004,0.8627663254737854,-1,-1,-1
127,10,401.18195,558.4574,105.00695999999999,80.59429999999998,0.7858737111091614,-1,-1,-1
127,11,507.8142,536.6662,149.21911999999998,105.51587000000006,0.7818455100059509,-1,-1,-1
127,12,1459.9302,253.0794,97.90734999999995,85.17953500000002,0.6782086491584778,-1,-1,-1
128,7,372.46417,630.7795,290.6419700000001,221.52344000000005,0.8596013188362122,-1,-1,-1
128,10,398.97534,558.94183,102.90911999999997,80.39770499999997,0.7741971611976624,-1,-1,-1
128,11,495.54538,539.08374,148.05471999999997,103.56029999999998,0.7014912962913513,-1,-1,-1
128,12,1460.0138,256.2684,96.06432999999993,83.17471,0.7308639287948608,-1,-1,-1
129,7,397.00214,630.7014,315.82982999999996,246.75390000000004,0.8703033924102783,-1,-1,-1
129,11,482.42798,537.1143,145.27893,107.78870000000006,0.8185077905654907,-1,-1,-1
129,12,1459.0948,256.4916,97.3294699999999,83.93612999999999,0.7918993234634399,-1,-1,-1
130,7,414.81287,633.83856,362.55242999999996,277.50208,0.865425705909729,-1,-1,-1
130,11,474.55853,542.75433,135.68957999999998,102.28192000000001,0.792282223701477,-1,-1,-1
130,12,1458.3151,256.74194,98.18175999999994,85.05383,0.7947555780410767,-1,-1,-1
131,7,442.13525,635.70795,412.0523,310.794,0.8277062177658081,-1,-1,-1
131,11,471.13205,542.16003,133.72867000000002,100.73968500000001,0.7994797825813293,-1,-1,-1
131,12,1457.1285,258.13016,98.94470000000001,84.82925399999999,0.8345420360565186,-1,-1,-1
132,7,470.37286,631.3434,489.6745,372.98894999999993,0.8084154725074768,-1,-1,-1
132,11,463.2965,543.213,135.48333999999994,100.66614000000004,0.7975825667381287,-1,-1,-1
132,12,1456.4443,258.83746,99.60559000000012,85.58654999999999,0.8386155962944031,-1,-1,-1
132,13,295.23135,591.4844,100.60699499999998,80.53070000000002,0.7585870027542114,-1,-1,-1
133,7,516.1806,645.91296,589.5146000000001,390.2279,0.7612277269363403,-1,-1,-1
133,11,458.8155,544.48334,129.15991000000002,98.94866999999999,0.7805191278457642,-1,-1,-1
133,12,1454.2809,259.5561,101.62866000000008,86.41372999999999,0.8514594435691833,-1,-1,-1
133,13,299.1205,591.9815,100.69637999999998,79.80060000000003,0.779953122138977,-1,-1,-1
134,11,451.63525,546.19116,130.79131999999998,98.11487,0.7148669958114624,-1,-1,-1
134,12,1452.501,261.1528,102.9527599999999,86.83087,0.8674870133399963,-1,-1,-1
135,11,445.828,546.3913,129.51586999999995,96.90436,0.767055869102478,-1,-1,-1
135,12,1452.5369,262.71313,101.78833000000009,86.71905500000003,0.8815157413482666,-1,-1,-1
135,13,307.29547,591.54004,99.18944999999997,81.45068000000003,0.7646708488464355,-1,-1,-1
136,11,436.2954,549.89417,124.93993999999998,93.08258000000001,0.7310576438903809,-1,-1,-1
136,12,1450.9695,262.8168,103.66443000000004,87.46261599999997,0.8818434476852417,-1,-1,-1
136,13,311.10333,591.66754,99.60375999999997,81.58478000000002,0.7927903532981873,-1,-1,-1
137,11,434.1317,549.58746,122.92712400000005,92.54834000000005,0.8323916792869568,-1,-1,-1
137,12,1449.5494,263.6801,105.40319999999997,89.01882999999998,0.8798803687095642,-1,-1,-1
137,13,315.41937,591.5224,101.648346,83.42993000000001,0.8433001637458801,-1,-1,-1
138,11,429.69803,551.1816,118.30556999999999,90.31641000000002,0.8279861807823181,-1,-1,-1
138,12,1448.2775,264.27527,105.03539999999998,90.04296999999997,0.8884959816932678,-1,-1,-1
138,13,318.1611,593.33594,106.60528600000004,82.86072000000001,0.8816951513290405,-1,-1,-1
139,11,426.61685,552.4233,117.00516000000005,89.09265000000005,0.8334569334983826,-1,-1,-1
139,12,1447.2234,265.19727,106.07165499999996,90.96569999999997,0.8894900679588318,-1,-1,-1
139,13,324.85394,593.5594,102.38326999999998,82.21606399999996,0.8519584536552429,-1,-1,-1
140,11,419.92093,552.27625,117.20914000000005,88.72564999999997,0.7897124290466309,-1,-1,-1
140,12,1446.5424,265.29373,107.8002899999999,92.91143999999997,0.8855987191200256,-1,-1,-1
140,13,328.98975,592.84985,105.08956999999998,84.61743000000001,0.8590244054794312,-1,-1,-1
141,11,417.08356,552.5944,112.92590000000001,92.76189999999997,0.8248807191848755,-1,-1,-1
141,12,1444.6322,267.6063,109.34228499999995,92.27469000000002,0.8973833918571472,-1,-1,-1
141,13,334.14487,590.8153,108.88549999999998,87.63025000000005,0.857047438621521,-1,-1,-1
142,11,418.4183,553.04803,105.34066999999999,87.09496999999999,0.6951820254325867,-1,-1,-1
142,12,1443.2155,267.0605,111.11816399999998,94.78942999999998,0.901822030544281,-1,-1,-1
142,13,338.16647,590.221,110.83218399999998,89.68584999999996,0.8625671863555908,-1,-1,-1
143,12,1441.7478,266.90784,112.89977999999996,96.457245,0.9011017680168152,-1,-1,-1
143,13,342.17566,587.6708,113.03708,93.55469000000005,0.8653068542480469,-1,-1,-1
144,12,1441.1122,267.8114,113.80310000000009,97.567566,0.9006860256195068,-1,-1,-1
144,13,346.48007,585.613,118.42651000000001,96.42980999999997,0.8596112728118896,-1,-1,-1
145,12,1440.3643,269.7404,113.17102,98.40841999999998,0.8929746150970459,-1,-1,-1
145,13,355.45895,589.43915,117.38202000000001,93.70947000000001,0.8677237033843994,-1,-1,-1
146,12,1438.6248,270.7024,115.47436500000003,99.36041,0.8953660130500793,-1,-1,-1
146,13,361.05548,587.7225,121.12778000000003,96.60631999999998,0.8618249893188477,-1,-1,-1
147,12,1437.6732,271.44083,116.63391000000001,100.94235000000003,0.9143838882446289,-1,-1,-1
147,13,368.60706,586.36346,127.84051499999998,99.77166999999997,0.8688234090805054,-1,-1,-1
148,12,1436.4792,273.12952,117.68444999999997,102.49243000000001,0.9073485732078552,-1,-1,-1
148,13,374.45032,584.5123,133.58477999999997,103.81097399999999,0.8710466027259827,-1,-1,-1
149,12,1435.0748,273.54865,118.30591000000004,103.37389999999999,0.8997663259506226,-1,-1,-1
149,13,381.4002,582.89954,138.27447999999998,109.19866999999999,0.8686155080795288,-1,-1,-1
150,12,1434.0146,274.12976,119.77356000000009,104.63439999999997,0.9007484316825867,-1,-1,-1
150,13,390.35892,582.8183,141.51755000000003,111.09198000000004,0.890710175037384,-1,-1,-1
151,12,1433.0715,275.52234,120.19274999999993,104.48721,0.9031455516815186,-1,-1,-1
151,13,402.9172,580.84955,144.6268,115.39880000000005,0.8574049472808838,-1,-1,-1
152,12,1431.5361,275.51843,122.07336400000008,107.04159499999997,0.9035695791244507,-1,-1,-1
152,13,408.4405,581.14655,157.61223999999999,117.94586000000004,0.8818227648735046,-1,-1,-1
153,12,1430.2433,276.01334,123.54467999999997,109.31753500000002,0.9055019617080688,-1,-1,-1
153,13,418.76422,575.5431,161.98865,125.45862,0.8816872835159302,-1,-1,-1
154,12,1428.6718,276.77585,124.88463999999999,110.79372999999998,0.9059411287307739,-1,-1,-1
154,13,429.08646,576.1099,171.65048000000002,127.86810000000003,0.8680668473243713,-1,-1,-1
155,12,1427.3326,277.84256,126.01672000000008,111.58047500000004,0.9050853252410889,-1,-1,-1
155,13,442.80728,576.0968,178.76797,131.99854000000005,0.9139093160629272,-1,-1,-1
156,12,1426.1626,280.0714,127.28674000000001,111.96924000000001,0.8999426960945129,-1,-1,-1
156,13,455.96246,573.3732,190.08246000000003,139.75902999999994,0.8750792741775513,-1,-1,-1
157,12,1424.3167,280.8504,128.17077999999992,113.8363,0.8971147537231445,-1,-1,-1
157,13,471.63553,573.9387,197.71902,142.45818999999995,0.867667555809021,-1,-1,-1
158,12,1421.4192,281.09332,130.3877,117.08588000000003,0.9016977548599243,-1,-1,-1
158,13,490.07196,571.44635,212.27855999999997,150.81384000000003,0.8792411684989929,-1,-1,-1
159,12,1419.2172,282.66888,133.23450000000003,118.15652499999999,0.9060097336769104,-1,-1,-1
159,13,506.52924,567.76416,232.55206000000004,160.15082000000007,0.8727544546127319,-1,-1,-1
160,12,1417.1345,283.9057,135.29198999999994,119.85177599999997,0.9038121700286865,-1,-1,-1
160,13,526.2285,564.57214,251.61707,166.92931999999996,0.8789671063423157,-1,-1,-1
161,12,1415.7827,284.66376,136.98424999999997,122.96735000000001,0.9114230275154114,-1,-1,-1
161,13,550.89014,563.73846,267.7273,177.87909000000002,0.8580654859542847,-1,-1,-1
162,12,1412.5608,285.84958,140.2406000000001,125.39825400000001,0.9127855896949768,-1,-1,-1
162,13,574.64307,557.258,297.61236999999994,188.97522000000004,0.8528273701667786,-1,-1,-1
163,12,1410.7311,286.37787,141.66906999999992,127.50925000000001,0.9122036099433899,-1,-1,-1
163,13,609.9445,557.021,326.57129999999995,201.61188000000004,0.8470954298973083,-1,-1,-1
164,12,1409.3804,287.41156,142.9281000000001,129.2323,0.9087139964103699,-1,-1,-1
164,13,643.0241,550.9989,375.22120000000007,221.45172000000002,0.8515002727508545,-1,-1,-1
165,12,1408.9493,287.9998,142.8906199999999,131.26925999999997,0.9085323214530945,-1,-1,-1
165,13,676.7454,545.0445,430.66705,241.80249000000003,0.8275234699249268,-1,-1,-1
166,12,1408.0616,289.54974,143.75342,131.50424000000004,0.90816330909729,-1,-1,-1
166,13,711.07733,527.2922,509.1952499999999,270.8240400000001,0.8081226348876953,-1,-1,-1
167,12,1407.1058,289.80246,143.61462000000006,133.26358,0.9064639806747437,-1,-1,-1
167,13,758.88104,522.76917,622.7104000000002,299.7243000000001,0.7710177302360535,-1,-1,-1
168,12,1405.1151,291.6521,145.55664000000002,134.68484,0.9085438251495361,-1,-1,-1
169,12,1403.0239,292.53735,147.0434600000001,137.46213,0.9136214256286621,-1,-1,-1
170,12,1400.8263,291.07605,149.30089999999996,140.62784,0.9287611842155457,-1,-1,-1
171,12,1400.4675,293.18237,150.74425999999994,140.75403,0.9264773726463318,-1,-1,-1
172,12,1399.7408,295.16028,151.49304000000006,140.01714999999996,0.9262620806694031,-1,-1,-1
173,12,1398.4844,296.04797,152.74523999999997,141.90091,0.9253210425376892,-1,-1,-1
174,12,1397.2574,297.97577,153.25928,141.34960999999998,0.9250794053077698,-1,-1,-1
175,12,1394.4105,298.50568,155.1554000000001,142.37347,0.8957166075706482,-1,-1,-1
176,12,1394.714,298.90875,155.72205000000008,143.68631,0.9109042286872864,-1,-1,-1
177,12,1392.0505,298.79938,158.17676000000006,144.8562,0.8988193273544312,-1,-1,-1
178,12,1390.8922,300.83298,156.83862,143.95978000000002,0.8980993628501892,-1,-1,-1
179,12,1390.1422,300.0734,157.55737,144.63338999999996,0.9012793302536011,-1,-1,-1
180,12,1389.348,300.03668,157.83251999999993,145.99402000000003,0.9001613259315491,-1,-1,-1
181,12,1388.8281,300.9206,154.93079000000012,144.23178000000001,0.9023991823196411,-1,-1,-1
182,12,1388.5872,301.37668,155.02855999999997,144.24673,0.9011430144309998,-1,-1,-1
183,12,1388.2246,302.34546,155.01648,143.85077,0.904684841632843,-1,-1,-1
184,12,1387.9253,302.66748,155.36047000000008,143.69958000000003,0.9056472182273865,-1,-1,-1
185,12,1387.6299,303.26495,155.60608000000002,143.37927000000002,0.9066250324249268,-1,-1,-1
186,12,1387.4751,303.10913,155.5845999999999,143.55765000000002,0.9070199728012085,-1,-1,-1
187,12,1387.5085,303.32266,155.3875700000001,143.46484000000004,0.9074583053588867,-1,-1,-1
188,12,1387.5912,303.84836,155.24901999999997,143.04184000000004,0.9079023003578186,-1,-1,-1
189,12,1387.75,303.80963,155.14733999999999,142.95755000000003,0.9074869751930237,-1,-1,-1
190,12,1387.7766,303.4297,155.59302000000002,143.23523,0.9080442190170288,-1,-1,-1
191,12,1388.0682,302.7671,156.21129999999994,144.71654999999998,0.9099476337432861,-1,-1,-1
192,12,1388.0645,302.89966,156.45812999999998,144.65860000000004,0.909865140914917,-1,-1,-1
193,12,1388.2234,303.09116,156.16088999999988,144.76288,0.9125829935073853,-1,-1,-1
194,12,1388.1208,303.08752,156.2031199999999,144.80861999999996,0.9120568037033081,-1,-1,-1
195,12,1388.1223,302.94653,156.26490000000013,144.92586999999997,0.9118435978889465,-1,-1,-1
196,12,1388.0751,302.82907,156.3720699999999,145.0509,0.9119163155555725,-1,-1,-1
197,12,1387.9811,302.98578,156.49792000000002,144.96725000000004,0.9121267199516296,-1,-1,-1
198,12,1387.9799,302.9746,156.56213000000002,144.98586999999998,0.912268877029419,-1,-1,-1
199,12,1387.9673,303.50357,156.57079999999996,144.55313,0.9121744632720947,-1,-1,-1
200,12,1387.8726,303.2151,156.33727999999996,144.81781,0.9129018783569336,-1,-1,-1
201,12,1387.8906,303.5808,156.19237999999996,144.36545,0.9129871129989624,-1,-1,-1
202,12,1387.8346,303.36728,156.21605999999997,144.62592,0.9124554395675659,-1,-1,-1
203,12,1387.849,303.6192,156.13904000000002,144.34105999999997,0.9123121500015259,-1,-1,-1
204,12,1387.8542,303.18918,156.23119999999994,144.80130000000003,0.9124398827552795,-1,-1,-1
205,12,1387.7958,303.30997,156.2381600000001,144.69370000000004,0.9134103655815125,-1,-1,-1
206,12,1387.8807,303.1004,156.3377700000001,144.86602999999997,0.9130092263221741,-1,-1,-1
207,12,1387.8154,303.2279,156.36462000000006,144.80600000000004,0.913480281829834,-1,-1,-1
208,12,1387.9021,303.15427,156.47424,144.82150000000001,0.9130243062973022,-1,-1,-1
209,12,1387.8788,303.14087,156.56555000000003,144.85625999999996,0.9129924178123474,-1,-1,-1
210,12,1387.8912,303.2542,156.57654000000002,144.77225000000004,0.9134440422058105,-1,-1,-1
211,12,1387.8381,303.28403,156.56945999999994,144.72769,0.9134565591812134,-1,-1,-1
212,12,1387.8104,303.37253,156.42542000000003,144.62122,0.9135216474533081,-1,-1,-1
213,12,1387.8119,303.39536,156.38646999999992,144.5953,0.9136152863502502,-1,-1,-1
214,12,1387.8794,303.2668,156.36255000000006,144.65942,0.9139405488967896,-1,-1,-1
215,12,1387.8864,303.15723,156.34691999999995,144.75225999999998,0.9141050577163696,-1,-1,-1
216,12,1387.896,303.2731,156.28772000000004,144.66028,0.914244532585144,-1,-1,-1
217,12,1387.996,303.29846,156.05773999999997,144.80214999999998,0.9153091311454773,-1,-1,-1
218,12,1387.982,303.39017,155.96605999999997,144.79931999999997,0.9153311252593994,-1,-1,-1
219,12,1388.0682,303.3243,155.84069999999997,144.7525,0.9150036573410034,-1,-1,-1
220,12,1388.054,303.508,155.80347000000006,144.5611,0.9151471853256226,-1,-1,-1
221,12,1387.9283,303.4757,155.93651999999997,144.6232,0.914644181728363,-1,-1,-1
222,12,1387.9053,303.76868,155.95703000000003,144.3422,0.9150249361991882,-1,-1,-1
223,12,1387.9331,303.70975,155.93567000000007,144.37228,0.9149080514907837,-1,-1,-1
224,12,1387.9198,303.72778,156.02051000000006,144.36316,0.9149142503738403,-1,-1,-1
225,12,1387.9209,303.78308,155.99133000000006,144.29395,0.9147648811340332,-1,-1,-1
226,12,1387.9084,303.79733,155.92639000000008,144.3005,0.9147459268569946,-1,-1,-1
227,12,1387.8566,303.83716,155.9637499999999,144.39865000000003,0.9148975610733032,-1,-1,-1
228,12,1387.8452,303.9609,155.88842999999997,144.31104,0.9151747226715088,-1,-1,-1
229,12,1387.7273,304.12726,155.87659000000008,144.31262000000004,0.9158793091773987,-1,-1,-1
230,12,1387.7411,304.05612,155.90575999999987,144.39157,0.915743887424469,-1,-1,-1
231,12,1387.7468,303.94598,156.02429000000006,144.48627,0.9154644012451172,-1,-1,-1
232,12,1387.768,304.0674,155.99938999999995,144.38802999999996,0.9158266186714172,-1,-1,-1
233,12,1387.7622,304.0575,155.97948999999994,144.39617999999996,0.915683925151825,-1,-1,-1
234,12,1387.7798,304.0517,155.95557000000008,144.37463000000002,0.9157660007476807,-1,-1,-1
235,12,1387.6509,303.45163,156.1271999999999,144.42996,0.9109513163566589,-1,-1,-1
236,12,1387.5112,303.4687,156.25574000000006,144.37439,0.9101961255073547,-1,-1,-1
237,12,1387.5723,303.44086,156.39159999999993,144.37728999999996,0.9104951024055481,-1,-1,-1
238,12,1387.626,303.33524,156.4586200000001,144.4642,0.9098039269447327,-1,-1,-1
239,12,1387.6498,303.2937,156.41748000000007,144.50702,0.9100093245506287,-1,-1,-1
240,12,1387.4552,303.11127,156.5498,144.84488,0.9098196625709534,-1,-1,-1
241,12,1387.3573,302.9171,156.52892999999995,144.88437,0.9093555808067322,-1,-1,-1
242,12,1387.3716,302.92606,156.47777999999994,144.84640000000002,0.9093602299690247,-1,-1,-1
243,12,1387.2902,302.8372,156.66662999999994,144.95648,0.9095931053161621,-1,-1,-1
244,12,1387.2701,302.8624,156.73145,144.94137999999998,0.9096364974975586,-1,-1,-1
244,14,314.54288,580.5324,104.57876600000003,87.60204999999996,0.7317491173744202,-1,-1,-1
245,12,1387.2526,302.79755,156.86572,145.04492,0.9099205136299133,-1,-1,-1
245,14,318.0003,578.9147,107.87344000000002,89.98321499999997,0.7765802145004272,-1,-1,-1
246,12,1387.2894,302.73804,156.8898999999999,145.07391,0.9099504947662354,-1,-1,-1
246,14,321.9729,578.7325,107.5043,90.691956,0.8009787797927856,-1,-1,-1
246,15,255.39174,591.5171,90.90317999999999,79.57268999999997,0.62391597032547,-1,-1,-1
247,12,1387.2574,302.6832,157.01549999999997,145.16821,0.9099940061569214,-1,-1,-1
247,14,324.27396,577.2659,111.56560999999999,93.85186999999996,0.8350980281829834,-1,-1,-1
247,15,256.50446,590.8518,91.60030999999998,83.44201999999996,0.6722065806388855,-1,-1,-1
248,12,1387.2426,302.57407,157.00171,145.27765,0.9095207452774048,-1,-1,-1
248,14,328.38373,577.07556,114.36471599999999,95.85571000000004,0.8328039050102234,-1,-1,-1
248,15,256.8739,591.6337,93.16968000000003,83.96203600000001,0.7175029516220093,-1,-1,-1
249,12,1387.2478,302.7008,157.03125,145.10928,0.9095736145973206,-1,-1,-1
249,14,331.62704,576.51074,116.56200999999999,96.76434000000006,0.8587204217910767,-1,-1,-1
249,15,255.61003,591.7316,96.78544599999998,85.0625,0.7463465332984924,-1,-1,-1
250,12,1387.2972,302.84973,157.11059999999998,144.93628,0.9098477363586426,-1,-1,-1
250,14,335.81702,574.7878,120.19290000000001,98.8913,0.8822539448738098,-1,-1,-1
250,15,257.723,592.9198,97.13684,85.06646999999998,0.7481918931007385,-1,-1,-1
251,12,1387.3163,303.20496,156.98413000000005,144.62923999999998,0.910789966583252,-1,-1,-1
251,14,342.84583,571.04755,123.60449,104.44385,0.8782982230186462,-1,-1,-1
251,15,261.89163,594.9882,96.25329600000003,85.95196499999997,0.7663896083831787,-1,-1,-1
252,12,1387.3541,303.14685,157.04089999999997,144.6597,0.91065514087677,-1,-1,-1
252,14,344.96497,570.56976,131.29025000000001,107.17504999999994,0.8667203187942505,-1,-1,-1
252,15,262.17264,594.8056,99.16717499999999,88.24463000000003,0.7710602283477783,-1,-1,-1
253,12,1387.4248,302.54608,156.79442999999992,145.30667,0.9099730849266052,-1,-1,-1
253,14,351.10126,569.5072,131.30682000000002,109.59302000000002,0.8782604336738586,-1,-1,-1
253,15,262.78195,595.9463,101.40134,89.57250999999997,0.7972409725189209,-1,-1,-1
254,12,1387.4288,302.50772,156.80504999999994,145.35156,0.9098144769668579,-1,-1,-1
254,14,356.85504,568.5023,135.86728,110.73230000000001,0.8612635731697083,-1,-1,-1
254,15,264.8012,596.801,103.14636000000002,91.44556,0.8081645369529724,-1,-1,-1
255,12,1387.4241,302.6195,156.7131300000001,145.20801,0.9098601937294006,-1,-1,-1
255,14,363.0609,568.228,138.4715,112.82751500000006,0.8632063269615173,-1,-1,-1
255,15,263.79684,596.3927,109.46524,95.19501000000002,0.821674644947052,-1,-1,-1
256,12,1387.4304,302.64697,156.81054999999992,145.22247,0.9097325205802917,-1,-1,-1
256,14,366.70404,568.9263,145.52344,114.63904000000002,0.8683390617370605,-1,-1,-1
256,15,262.44888,595.5982,115.61651599999999,99.44928000000004,0.824851930141449,-1,-1,-1
257,12,1387.4224,302.72208,156.84363000000008,145.16782,0.9097182750701904,-1,-1,-1
257,14,374.12332,568.4121,148.37088,117.19854999999995,0.8413738012313843,-1,-1,-1
257,15,265.35553,595.6602,116.52877999999998,102.48620600000004,0.8206046223640442,-1,-1,-1
258,12,1387.3744,303.63068,156.57751000000007,144.15884,0.9107810854911804,-1,-1,-1
258,14,381.00974,566.2635,152.03177,121.72735599999999,0.8626384139060974,-1,-1,-1
258,15,266.49213,596.1987,118.91638,104.43524000000002,0.8637709021568298,-1,-1,-1
259,12,1387.3256,303.56342,156.62866000000008,144.26562,0.9107942581176758,-1,-1,-1
259,14,389.35956,562.37915,160.8252,126.88751000000002,0.8530561923980713,-1,-1,-1
259,15,268.2076,596.7453,123.855774,107.11365,0.8394380211830139,-1,-1,-1
260,12,1387.2515,303.73102,156.6474599999999,144.09454,0.91056889295578,-1,-1,-1
260,14,393.36017,558.9778,171.64783000000006,132.50201000000004,0.8704203367233276,-1,-1,-1
260,15,271.33215,596.2148,128.24831999999998,111.47564999999997,0.8457920551300049,-1,-1,-1
261,12,1387.1058,303.8079,156.90002000000004,144.12292000000002,0.9105212688446045,-1,-1,-1
261,14,401.24377,555.7474,177.94836000000004,138.18884000000003,0.8645395040512085,-1,-1,-1
261,15,273.16727,597.8646,130.62479000000002,113.85650999999996,0.853937029838562,-1,-1,-1
262,12,1387.1782,304.1001,156.9176,143.80240000000003,0.9106331467628479,-1,-1,-1
262,14,411.3965,554.3787,187.99973000000006,143.12207,0.8877184391021729,-1,-1,-1
262,15,275.77557,598.8822,130.29825,117.93286,0.8508967161178589,-1,-1,-1
263,12,1387.1313,304.09146,157.03735000000006,143.81705,0.9108871221542358,-1,-1,-1
263,14,420.64276,550.98376,195.92798,149.01044000000002,0.8751558661460876,-1,-1,-1
263,15,278.4322,601.3623,131.61285000000004,118.82745,0.8590034246444702,-1,-1,-1
264,12,1387.0754,304.01834,157.0980199999999,143.91208,0.9108946323394775,-1,-1,-1
264,14,431.96173,549.61035,205.60571000000004,154.51398000000006,0.8865564465522766,-1,-1,-1
264,15,281.2755,603.32623,141.76169,125.30736999999999,0.8548421859741211,-1,-1,-1
265,12,1387.1934,303.54565,156.57690000000002,144.03241000000003,0.9109801650047302,-1,-1,-1
265,14,440.46582,547.9469,220.40466000000004,160.49774000000002,0.8759523630142212,-1,-1,-1
265,15,284.2154,604.0848,147.87664999999998,130.86243000000002,0.8695278167724609,-1,-1,-1
266,12,1387.2422,303.52582,156.5712900000001,144.13443,0.9112112522125244,-1,-1,-1
266,14,453.8418,546.99316,229.80670000000003,167.14380000000006,0.8654155731201172,-1,-1,-1
266,15,286.0271,604.83887,156.26831000000004,136.11603000000002,0.8829692602157593,-1,-1,-1
267,12,1387.2156,303.4589,156.54492000000005,144.12894,0.9112403392791748,-1,-1,-1
267,14,466.99615,543.59015,243.44940000000003,173.58649000000003,0.8659862875938416,-1,-1,-1
267,15,289.63095,606.9097,160.60775999999998,139.57245,0.892365038394928,-1,-1,-1
268,12,1387.5077,303.14926,157.10876000000007,144.91336,0.9110172986984253,-1,-1,-1
268,14,481.16574,536.71497,258.4915500000001,184.97857999999997,0.8894681334495544,-1,-1,-1
268,15,292.8163,608.0409,165.68103000000002,143.88867000000005,0.8788527250289917,-1,-1,-1
269,12,1387.5868,303.20306,157.05297999999993,144.92432000000002,0.9112988710403442,-1,-1,-1
269,14,500.24963,532.5944,276.74042,194.35120000000006,0.8718433380126953,-1,-1,-1
269,15,297.3982,607.25494,177.15344,154.41559000000007,0.869819164276123,-1,-1,-1
270,12,1387.502,303.49207,157.13573999999994,144.72107,0.9120070338249207,-1,-1,-1
270,14,519.5796,528.4827,295.0326,204.48528999999996,0.8642728328704834,-1,-1,-1
270,15,302.0553,608.7158,191.55426,165.54773,0.8780500292778015,-1,-1,-1
271,12,1387.3953,303.35678,157.2521999999999,144.92084,0.912554919719696,-1,-1,-1
271,14,540.0568,524.6953,322.39844000000005,212.87756000000002,0.8631428480148315,-1,-1,-1
271,15,306.2653,609.5125,206.17294000000004,174.65594,0.8734789490699768,-1,-1,-1
272,12,1387.362,303.24554,157.44970000000012,145.07912999999996,0.9125596880912781,-1,-1,-1
272,14,560.2273,520.65515,358.63329999999996,226.55639999999994,0.854187548160553,-1,-1,-1
272,15,314.3693,611.8132,218.77596999999997,186.88,0.8694830536842346,-1,-1,-1
272,16,250.90819,602.8609,99.07045,86.19189500000005,0.6876781582832336,-1,-1,-1
273,12,1387.4026,303.16003,157.46558000000005,145.23131999999998,0.911704957485199,-1,-1,-1
273,14,597.2186,513.3179,391.12634,248.80255,0.8420508503913879,-1,-1,-1
273,15,325.03128,615.9872,234.86507999999998,199.80224999999996,0.8801815509796143,-1,-1,-1
273,16,250.03981,603.192,101.90906999999999,89.53174000000001,0.7805788516998291,-1,-1,-1
274,12,1387.3789,303.1858,157.53246999999988,145.19357000000002,0.910741925239563,-1,-1,-1
274,14,627.7162,503.3682,450.62523999999996,274.5101599999999,0.7891219854354858,-1,-1,-1
274,15,332.61273,613.62915,264.122,222.09589000000005,0.8856937885284424,-1,-1,-1
274,16,251.34859,604.80725,103.02229,90.60638400000005,0.8087610006332397,-1,-1,-1
275,12,1387.9143,303.33844,156.99817000000007,144.31384000000003,0.9097158312797546,-1,-1,-1
275,14,654.9205,485.8572,515.9912999999999,298.35434000000004,0.7617366909980774,-1,-1,-1
275,15,346.9345,615.9995,286.63348,246.51794000000007,0.879490077495575,-1,-1,-1
275,16,250.71425,605.49744,102.53638999999998,90.94946000000004,0.8333594799041748,-1,-1,-1
276,12,1388.9376,303.3042,156.12598000000003,143.41992,0.9086902737617493,-1,-1,-1
276,14,703.29834,458.54825,593.2010499999999,335.90878000000004,0.7194597721099854,-1,-1,-1
276,15,363.84897,616.5088,323.12375,275.88824,0.8825380206108093,-1,-1,-1
276,16,252.36902,606.4848,102.28290000000001,91.99658,0.8419709801673889,-1,-1,-1
277,12,1386.2666,302.56964,159.3103000000001,146.96597000000003,0.9035452604293823,-1,-1,-1
277,15,390.32382,619.9661,370.77353,331.0412600000001,0.8600701093673706,-1,-1,-1
277,16,250.93298,606.45935,106.76107999999999,94.36852999999996,0.8550421595573425,-1,-1,-1
278,12,1388.2195,301.7787,157.4256600000001,143.88315,0.8758352994918823,-1,-1,-1
278,15,426.07422,618.0874,437.79979999999995,386.14062,0.851139485836029,-1,-1,-1
278,16,251.37563,608.98083,111.68165599999998,94.97851600000001,0.8455384373664856,-1,-1,-1
279,12,1387.7306,299.99246,156.83178999999996,125.73572000000001,0.7472537755966187,-1,-1,-1
279,15,466.86755,617.45984,572.0365000000002,472.04858000000013,0.7503437399864197,-1,-1,-1
279,16,251.21289,609.34125,114.75677499999998,97.63842999999997,0.8203974962234497,-1,-1,-1
280,12,1387.3562,302.1418,158.92542000000003,149.11163,0.9014572501182556,-1,-1,-1
280,15,476.7696,596.2704,861.98395,603.7296,0.6304501295089722,-1,-1,-1
280,16,252.36688,608.1962,119.90347,101.73614499999996,0.8213496208190918,-1,-1,-1
281,12,1387.4915,302.6413,157.52099999999996,145.82601999999997,0.9143742322921753,-1,-1,-1
281,16,256.55765,608.90753,122.07547,105.20434599999999,0.8462007641792297,-1,-1,-1
282,12,1388.0212,303.07684,157.2048299999999,144.56448,0.913090169429779,-1,-1,-1
282,16,257.8476,608.3662,126.55077999999997,110.16369999999995,0.8606768250465393,-1,-1,-1
283,12,1388.0524,303.52444,156.31908999999996,144.19775000000004,0.9126262664794922,-1,-1,-1
283,16,259.3478,608.4791,131.74765000000002,114.74932999999999,0.8664867281913757,-1,-1,-1
284,12,1388.0232,303.4523,156.38489000000004,144.26505000000003,0.9122906923294067,-1,-1,-1
284,16,261.47427,609.09045,136.61755,118.33587999999997,0.8782896995544434,-1,-1,-1
285,12,1388.0099,303.62692,156.2512200000001,144.13208000000003,0.9126164317131042,-1,-1,-1
285,16,262.5708,609.3352,141.25853999999998,123.35931400000004,0.8835278153419495,-1,-1,-1
286,12,1387.991,303.71475,156.16771999999992,144.07601999999997,0.9129201769828796,-1,-1,-1
286,16,265.8064,610.5485,144.57043,127.50464,0.8712383508682251,-1,-1,-1
287,12,1387.9819,303.65533,156.22912999999994,144.12537000000003,0.9133705496788025,-1,-1,-1
287,16,267.87695,610.3129,154.29782,133.36065999999994,0.8542166948318481,-1,-1,-1
288,12,1388.097,303.02173,156.97191999999995,144.56732,0.9127110838890076,-1,-1,-1
288,16,271.01508,611.6014,159.02213,140.15173000000004,0.8804455399513245,-1,-1,-1
289,12,1388.0978,303.23572,156.8252,144.30289,0.9135600328445435,-1,-1,-1
289,16,274.91928,609.217,165.34990999999997,147.66332999999997,0.865414559841156,-1,-1,-1
290,12,1387.984,303.27954,157.04456000000005,144.35492,0.9139460325241089,-1,-1,-1
290,16,278.63275,611.4456,169.58807000000002,148.81451000000004,0.8623884916305542,-1,-1,-1
291,12,1388.0753,303.31482,156.95837000000006,144.28482000000002,0.9142805337905884,-1,-1,-1
291,16,280.88165,611.65344,185.82824999999997,159.75922000000003,0.8894826769828796,-1,-1,-1
292,12,1388.0902,303.45258,157.07836999999995,144.18546000000003,0.9142926931381226,-1,-1,-1
292,16,285.59976,612.59125,198.40964000000002,171.50847999999996,0.8884645104408264,-1,-1,-1
293,12,1388.0938,303.65887,157.14611999999988,143.99316,0.9141784906387329,-1,-1,-1
293,16,292.51437,612.9001,213.02744,189.88855,0.8770049810409546,-1,-1,-1
294,12,1388.1533,303.652,157.1612500000001,143.95229999999998,0.9135371446609497,-1,-1,-1
294,16,300.83426,614.3033,227.72104000000002,199.07525999999996,0.875163733959198,-1,-1,-1
295,12,1388.1462,303.7078,157.27466000000004,143.93167,0.9133200645446777,-1,-1,-1
295,16,305.20166,614.0381,255.09215999999998,215.54242,0.8886277079582214,-1,-1,-1
296,12,1388.4594,303.65228,156.95764000000008,144.03519,0.9127742648124695,-1,-1,-1
296,16,316.29333,614.11316,281.97576999999995,236.80120999999997,0.8887426257133484,-1,-1,-1
297,12,1388.2705,299.41922,151.90894000000003,151.35345,0.82346111536026,-1,-1,-1
297,16,328.22522,614.87836,311.8006,258.50958,0.870578944683075,-1,-1,-1
298,16,347.36978,615.68396,339.07968000000005,297.6776,0.8719192743301392,-1,-1,-1
299,16,367.3988,616.095,395.5951999999999,354.18910000000005,0.869462788105011,-1,-1,-1
300,16,393.94415,614.05286,473.27942,410.22362999999996,0.8355401754379272,-1,-1,-1
301,16,413.188,604.68634,665.6871299999999,565.8577,0.7643203139305115,-1,-1,-1
302,12,1388.4874,303.6375,157.8775599999999,147.80148000000003,0.8844931125640869,-1,-1,-1
303,12,1387.8723,303.22687,157.98413000000005,145.96695,0.9086161851882935,-1,-1,-1
304,12,1387.5295,302.82913,158.70154000000002,145.71283,0.9132517576217651,-1,-1,-1
304,18,850.2996,349.7191,464.0277699999999,293.79825000000005,0.7725750803947449,-1,-1,-1
305,12,1386.4313,302.40778,159.7855199999999,147.19826999999998,0.9139323830604553,-1,-1,-1
305,18,795.6273,361.81046,410.99255000000005,281.91818000000006,0.7627828121185303,-1,-1,-1
306,12,1386.6407,302.79456,159.31639999999993,146.54346000000004,0.9142556190490723,-1,-1,-1
306,18,767.6049,371.4287,345.63239999999996,272.96063,0.8663824796676636,-1,-1,-1
307,12,1386.5769,302.989,159.30212000000006,146.35985999999997,0.9133917093276978,-1,-1,-1
307,18,729.9049,390.92426,324.53430000000003,252.80493,0.8687558174133301,-1,-1,-1
308,12,1387.8792,303.42578,157.24646000000007,144.5387,0.9140586853027344,-1,-1,-1
308,18,699.95996,406.26508,297.16780000000006,236.7323,0.8637121319770813,-1,-1,-1
309,12,1387.9009,303.31235,157.14136000000008,144.62448,0.9135626554489136,-1,-1,-1
309,18,679.4707,424.4261,277.05493,218.20830999999998,0.8690038323402405,-1,-1,-1
310,12,1387.9938,303.4698,157.0434600000001,144.42703,0.9132606983184814,-1,-1,-1
310,18,646.44366,448.0998,262.2270500000001,194.77216000000004,0.859998345375061,-1,-1,-1
311,12,1388.0206,303.50238,156.71802000000002,144.32137999999998,0.913435697555542,-1,-1,-1
311,18,622.05725,451.91956,246.03985999999998,189.54699999999997,0.8709476590156555,-1,-1,-1
312,12,1388.0554,303.40942,156.7406000000001,144.50122,0.9134101271629333,-1,-1,-1
312,18,606.474,462.2327,226.55669999999998,179.36934999999994,0.8629394173622131,-1,-1,-1
313,12,1388.1552,303.48602,155.66101000000003,143.66125,0.912509024143219,-1,-1,-1
313,18,590.3402,468.4668,211.15154999999993,171.43670000000003,0.8715182542800903,-1,-1,-1
314,12,1388.25,303.48553,155.63573999999994,143.66906999999998,0.9121520519256592,-1,-1,-1
314,18,568.94086,479.8935,205.21557999999993,161.13567999999998,0.8771610856056213,-1,-1,-1
315,12,1388.3071,303.61496,155.52794999999992,143.57123,0.912395715713501,-1,-1,-1
315,18,550.6236,486.01788,197.08691,155.56244000000004,0.8834109306335449,-1,-1,-1
316,12,1388.3267,303.59296,155.5603000000001,143.63416,0.9124030470848083,-1,-1,-1
316,18,537.0475,488.56516,189.01007000000004,153.67642,0.8685034513473511,-1,-1,-1
317,12,1388.3434,303.66693,155.35840000000007,143.59258999999997,0.9124140739440918,-1,-1,-1
317,18,522.5601,493.23416,181.15747,150.94259999999997,0.8555341958999634,-1,-1,-1
318,12,1387.8533,304.01068,156.22864000000004,144.09636999999998,0.9107959866523743,-1,-1,-1
318,18,506.54346,494.92712,180.61474999999996,148.95189999999997,0.8549244999885559,-1,-1,-1
319,12,1387.8483,303.94336,156.2879600000001,144.24457,0.910705029964447,-1,-1,-1
319,18,496.97794,499.58258,172.18839000000003,142.77936,0.8492171764373779,-1,-1,-1
320,12,1387.8804,303.87463,156.2720999999999,144.27941999999996,0.9104731678962708,-1,-1,-1
320,18,487.4004,502.62097,160.8985,140.75872999999996,0.8691684603691101,-1,-1,-1
321,12,1387.8853,303.77103,156.2820999999999,144.33974999999998,0.9104019999504089,-1,-1,-1
321,18,477.3319,507.9588,158.32379000000003,134.31360000000006,0.8842728137969971,-1,-1,-1
322,12,1387.8733,304.08554,156.3693800000001,144.00568000000004,0.9102237224578857,-1,-1,-1
322,18,467.51395,513.6783,150.55716000000007,129.01898000000006,0.8786492943763733,-1,-1,-1
323,12,1387.9006,304.10114,156.32873999999993,143.94641000000001,0.9103928208351135,-1,-1,-1
323,18,459.32733,516.28375,141.80559999999997,127.07483000000002,0.8775567412376404,-1,-1,-1
324,12,1387.9092,304.1265,156.36816,143.9273,0.9104515910148621,-1,-1,-1
324,18,450.6926,517.5883,140.0328,126.10626000000002,0.8761513829231262,-1,-1,-1
325,12,1388.5071,303.99814,156.10692999999992,144.09183000000002,0.9119458794593811,-1,-1,-1
325,18,444.25076,520.44293,136.21616000000006,122.92809999999997,0.8786017894744873,-1,-1,-1
326,12,1388.4946,304.08774,156.07763999999997,143.93005,0.9121208786964417,-1,-1,-1
326,18,436.51477,522.77454,130.8216,120.30597,0.8713062405586243,-1,-1,-1
327,12,1388.4655,304.00568,156.16112999999996,144.01196,0.9120274782180786,-1,-1,-1
327,18,427.15207,526.45984,127.12820399999998,116.06006000000002,0.8518809676170349,-1,-1,-1
328,12,1388.3911,304.0359,156.1794400000001,143.70404000000002,0.9122341871261597,-1,-1,-1
328,18,422.78018,530.4762,122.03054999999995,111.85095000000001,0.8625019192695618,-1,-1,-1
329,12,1388.4314,304.11633,156.20605,143.65878000000004,0.9125105142593384,-1,-1,-1
329,18,413.46234,531.44867,122.81207,112.08782999999994,0.8567125201225281,-1,-1,-1
330,12,1388.412,304.03033,156.1656499999999,143.65454,0.9122560620307922,-1,-1,-1
330,18,407.66476,533.95776,119.69930999999997,108.59717,0.8451067209243774,-1,-1,-1
331,12,1388.4314,303.93896,155.92858999999999,143.76529,0.9124784469604492,-1,-1,-1
331,18,401.2624,534.93243,116.61951000000005,107.16339000000005,0.8474172353744507,-1,-1,-1
332,12,1388.4542,304.15292,155.9349400000001,143.54697,0.9124140739440918,-1,-1,-1
332,18,396.57593,536.318,115.86493000000002,106.65002400000003,0.8358376026153564,-1,-1,-1
333,12,1388.4336,304.1013,155.89111000000003,143.54064999999997,0.9121881127357483,-1,-1,-1
333,18,391.73395,539.90497,112.10651000000001,102.45056,0.8048739433288574,-1,-1,-1
334,12,1388.4458,304.14267,155.89343000000008,143.50164999999998,0.9117821455001831,-1,-1,-1
334,18,388.07108,545.11835,108.18326000000002,96.05542000000003,0.7901866436004639,-1,-1,-1
335,12,1388.2867,304.1245,156.08483999999999,143.54834,0.9121361374855042,-1,-1,-1
335,18,382.66763,546.15314,105.14239500000002,94.69457999999997,0.8200992345809937,-1,-1,-1
336,12,1388.3503,304.11276,156.11353000000008,143.60156,0.9122751355171204,-1,-1,-1
336,18,377.7683,547.118,104.03530999999998,94.69794000000002,0.6913037896156311,-1,-1,-1
337,12,1388.1938,303.96353,156.32373000000007,143.82632,0.911237359046936,-1,-1,-1
337,18,372.70947,548.35004,104.64333999999997,93.57079999999996,0.7508711814880371,-1,-1,-1
338,12,1387.8937,303.32437,156.75818000000004,144.44913000000003,0.9135798215866089,-1,-1,-1
339,12,1387.9979,303.36905,156.62169999999992,144.31255999999996,0.9137002229690552,-1,-1,-1
340,12,1387.951,303.3014,156.65820000000008,144.36700000000002,0.9133370518684387,-1,-1,-1
341,12,1387.7793,303.3926,156.71118,144.20070999999996,0.9130666255950928,-1,-1,-1
342,12,1387.8682,303.52698,156.58410000000003,143.99720000000002,0.9125030636787415,-1,-1,-1
343,12,1387.7506,303.60547,156.65967,143.92023,0.9122729301452637,-1,-1,-1
344,12,1387.7513,303.61905,156.76917000000003,143.95914,0.9124913811683655,-1,-1,-1
345,12,1387.7803,303.55884,156.67968999999994,144.02441,0.9125024080276489,-1,-1,-1
346,12,1387.8422,303.5543,156.81311000000005,144.04314999999997,0.9127951264381409,-1,-1,-1
347,12,1387.7444,303.58496,156.92211999999995,144.06146,0.9127741456031799,-1,-1,-1
348,12,1387.8073,303.45,156.8576700000001,144.15869000000004,0.9124412536621094,-1,-1,-1
349,12,1387.498,303.32092,156.8146999999999,144.0249,0.9108064770698547,-1,-1,-1
350,12,1387.5072,303.3113,156.75964,144.03171000000003,0.9106605648994446,-1,-1,-1
351,12,1387.5386,303.35193,156.68713000000002,144.05130000000003,0.9107952117919922,-1,-1,-1
352,12,1387.556,303.35754,156.65978999999993,144.03643999999997,0.9104048609733582,-1,-1,-1
353,12,1387.5597,303.257,156.65967,144.1019,0.9105865359306335,-1,-1,-1
354,12,1387.5084,303.27176,156.69739000000004,144.0498,0.9101495146751404,-1,-1,-1
355,12,1387.5186,303.0505,156.70728000000008,144.24701,0.9096164107322693,-1,-1,-1
356,12,1387.5203,303.14722,156.73620000000005,144.18561,0.9094420671463013,-1,-1,-1
357,12,1387.553,303.222,156.69128,144.1615,0.9098352193832397,-1,-1,-1
358,12,1387.5525,303.21274,156.7305899999999,144.18410999999998,0.9099776744842529,-1,-1,-1
359,12,1387.5662,303.2269,156.71582000000012,144.15157999999997,0.9097222685813904,-1,-1,-1
360,12,1387.586,303.2475,156.6444100000001,144.11768,0.9101380705833435,-1,-1,-1
361,12,1387.469,303.1021,156.65588000000002,144.1925,0.9101586937904358,-1,-1,-1
362,12,1387.5181,303.10287,156.57959000000005,144.14223999999996,0.9100000262260437,-1,-1,-1
363,12,1387.5125,303.13858,156.55358999999999,144.11871000000002,0.9103421568870544,-1,-1,-1
364,12,1387.502,303.15033,156.5887499999999,144.10367000000002,0.9102091789245605,-1,-1,-1
365,12,1387.5038,303.2567,156.61681999999996,144.03772000000004,0.9103603959083557,-1,-1,-1
366,12,1387.5438,303.0795,156.5595699999999,144.19400000000002,0.9100691676139832,-1,-1,-1
367,12,1387.5333,303.1494,156.54759999999987,144.13452,0.9101209044456482,-1,-1,-1
368,12,1387.4841,303.10034,156.5860600000001,144.17496,0.9102945327758789,-1,-1,-1
369,12,1387.467,303.14304,156.58141999999998,144.17208999999997,0.9101892113685608,-1,-1,-1
370,12,1387.473,303.18088,156.56603999999993,144.13918999999999,0.9103291034698486,-1,-1,-1
371,12,1387.418,303.22424,156.56592,144.07996000000003,0.9100320339202881,-1,-1,-1
372,12,1387.4069,303.197,156.6245100000001,144.08218,0.9097723960876465,-1,-1,-1
373,12,1387.5942,303.42685,156.67419999999993,143.76157,0.9099882245063782,-1,-1,-1
374,12,1387.5875,303.3698,156.68761999999992,143.83191,0.9100316166877747,-1,-1,-1
375,12,1387.4163,303.74484,156.74548000000004,144.02023000000003,0.9126086831092834,-1,-1,-1
376,12,1387.3904,303.80087,156.83374000000003,143.99527,0.912204921245575,-1,-1,-1
377,12,1387.1942,303.7117,157.00316999999995,144.22922,0.9124466776847839,-1,-1,-1
378,12,1387.1101,303.71143,157.27051000000006,144.30636999999996,0.9120752811431885,-1,-1,-1
379,12,1387.1759,303.63174,157.15137000000004,144.34377999999998,0.9120389819145203,-1,-1,-1
380,12,1387.0405,303.6226,157.30053999999996,144.48656999999997,0.9118715524673462,-1,-1,-1
381,12,1387.0205,303.67108,157.38977,144.40207000000004,0.9118138551712036,-1,-1,-1
382,12,1387.049,303.67728,157.44739000000004,144.40612999999996,0.9117401838302612,-1,-1,-1
383,12,1387.0416,303.7005,157.46155,144.37662,0.9117352366447449,-1,-1,-1
384,12,1386.9835,303.72736,157.55957000000012,144.42156999999997,0.9115486145019531,-1,-1,-1
385,12,1387.6863,304.21567,156.92724999999996,143.68130000000002,0.9120827317237854,-1,-1,-1
386,12,1387.714,304.15482,156.92065000000002,143.6943,0.9121673107147217,-1,-1,-1
387,12,1387.728,304.14758,156.92639000000008,143.69934,0.9120780229568481,-1,-1,-1
388,12,1387.7384,304.14938,156.88037000000008,143.68826,0.912037193775177,-1,-1,-1
389,12,1387.7444,304.0782,156.85608000000002,143.77285999999998,0.9120292663574219,-1,-1,-1
390,12,1387.7915,303.92142,156.82617000000005,143.85843,0.9119876027107239,-1,-1,-1
391,12,1387.7808,303.9381,156.82227000000012,143.85834,0.9116544723510742,-1,-1,-1
392,12,1387.7516,304.4036,156.85120000000006,143.41412000000003,0.9122357368469238,-1,-1,-1
393,12,1387.498,304.50488,156.99890000000005,143.53506,0.9132974743843079,-1,-1,-1
394,12,1387.2509,304.846,157.19531000000006,143.58074999999997,0.9128827452659607,-1,-1,-1
395,12,1386.9297,304.4816,157.49512000000004,144.18527,0.9127890467643738,-1,-1,-1
396,12,1386.9568,304.83026,157.7110600000001,144.01947,0.9138470888137817,-1,-1,-1
397,12,1386.3413,303.66577,158.9088099999999,145.77123999999998,0.9128866791725159,-1,-1,-1
398,12,1386.143,304.00348,158.71155,145.99619,0.914702832698822,-1,-1,-1
399,12,1384.9766,303.99414,159.6523400000001,146.72397,0.9140602350234985,-1,-1,-1
400,12,1384.3658,304.34552,160.08069,147.51885999999996,0.9140554070472717,-1,-1,-1
401,12,1383.0839,307.3204,161.14086999999995,145.86831999999998,0.9128008484840393,-1,-1,-1
402,12,1381.9005,308.64,161.38452000000007,146.36883999999998,0.9111988544464111,-1,-1,-1
403,12,1379.5742,309.64102,162.1749299999999,147.01895000000002,0.9150663614273071,-1,-1,-1
404,12,1377.6707,312.34573,163.19921999999997,146.50485000000003,0.9188787937164307,-1,-1,-1
405,12,1373.3088,314.03503,167.69397000000004,147.84595000000002,0.9160429835319519,-1,-1,-1
406,12,1370.8472,313.8443,171.98181,149.3739,0.9046272039413452,-1,-1,-1
407,12,1365.7013,316.1572,175.77612,152.62298999999996,0.9001024961471558,-1,-1,-1
408,12,1363.1809,318.59784,177.2209499999999,155.13763,0.9089704155921936,-1,-1,-1
409,12,1359.186,320.331,176.08898999999997,158.77057000000002,0.9053712487220764,-1,-1,-1
410,12,1354.3113,322.17194,178.28161999999998,162.86791999999997,0.8985756635665894,-1,-1,-1
411,12,1348.8596,324.3057,182.3273999999999,165.39691,0.888665497303009,-1,-1,-1
412,12,1345.3074,327.60886,183.41028000000006,166.41562,0.8840530514717102,-1,-1,-1
413,12,1339.6144,330.11594,189.21093999999994,170.51840000000004,0.8872743248939514,-1,-1,-1
414,12,1334.7438,334.12302,192.89209000000005,172.90517999999997,0.8838745951652527,-1,-1,-1
415,12,1324.7609,337.54636,199.59179999999992,179.71383999999995,0.8843989372253418,-1,-1,-1
416,12,1320.144,340.4263,199.16858000000002,182.61214999999999,0.8935944437980652,-1,-1,-1
417,12,1310.139,343.65033,206.87659000000008,187.48895,0.8863522410392761,-1,-1,-1
418,12,1301.4349,348.31543,213.66527999999994,187.33978000000002,0.8860094547271729,-1,-1,-1
419,12,1295.8557,353.35413,213.82788000000005,186.32452000000006,0.8876788020133972,-1,-1,-1
420,12,1287.0419,359.1902,220.23853000000008,188.25928,0.8957836627960205,-1,-1,-1
421,12,1274.9684,365.1386,227.77405,191.56115999999997,0.8977736830711365,-1,-1,-1
422,12,1264.8488,368.00076,233.16443000000004,196.94370000000004,0.8968358635902405,-1,-1,-1
423,12,1255.8121,370.70587,239.94885,201.05573000000004,0.8916240930557251,-1,-1,-1
424,12,1248.1992,373.55518,242.48206000000005,205.29766999999998,0.8965759873390198,-1,-1,-1
425,12,1241.0858,372.52502,245.45703000000003,219.23150000000004,0.8982087969779968,-1,-1,-1
426,12,1235.8351,373.76114,247.79027999999994,227.40976000000006,0.8979779481887817,-1,-1,-1
427,12,1234.939,378.76917,249.38781999999992,229.56749999999994,0.9104347229003906,-1,-1,-1
428,12,1234.4828,379.612,260.59607000000005,240.34058,0.895973265171051,-1,-1,-1
429,12,1229.4745,382.86017,278.5777599999999,252.78881999999993,0.8938937187194824,-1,-1,-1
430,12,1228.8342,383.8665,290.8758500000001,261.79318,0.8899672627449036,-1,-1,-1
431,12,1236.717,385.76666,301.31763,272.95648000000006,0.8804990649223328,-1,-1,-1
432,12,1239.5275,388.7324,310.07544000000007,283.22745,0.8742362260818481,-1,-1,-1
433,12,1225.1454,391.82266,363.3955000000001,304.4757399999999,0.8665794730186462,-1,-1,-1
434,12,1223.2141,391.02472,370.1650400000001,329.96953999999994,0.8513774275779724,-1,-1,-1
435,12,1225.8138,392.6281,374.18616,366.81738000000007,0.8396655321121216,-1,-1,-1
436,12,1235.569,397.46332,364.43102999999996,395.82586999999995,0.8531205654144287,-1,-1,-1
437,12,1240.8014,401.98297,359.19859999999994,405.99072,0.837892472743988,-1,-1,-1
438,12,1247.4647,395.43246,352.4674,509.13393999999994,0.6738763451576233,-1,-1,-1
439,12,1281.907,401.10693,315.2151000000001,416.34137000000004,0.7431411147117615,-1,-1,-1
440,12,1306.7072,420.55817,292.74572999999987,432.50378,0.7040891647338867,-1,-1,-1
441,12,1337.4895,407.78903,262.5105000000001,442.68314,0.6648291349411011,-1,-1,-1
442,19,1388.9293,332.74927,180.54321000000004,168.70517,0.6283154487609863,-1,-1,-1
443,19,1384.339,337.50305,185.93725999999992,168.80283000000003,0.8013805747032166,-1,-1,-1
444,19,1378.7478,342.4545,191.53136999999992,170.90438999999998,0.8509419560432434,-1,-1,-1
445,19,1379.0922,347.29544,198.42772999999988,175.61843999999996,0.862109899520874,-1,-1,-1
446,19,1378.5892,351.76773,206.23509999999987,178.11844000000002,0.8577313423156738,-1,-1,-1
447,19,1381.1194,356.44345,213.11645999999996,176.88638000000003,0.8690637350082397,-1,-1,-1
448,19,1380.8042,355.1657,216.95031999999992,185.72344999999996,0.884497880935669,-1,-1,-1
449,19,1379.3302,356.72687,220.6697999999999,192.17890000000006,0.8902930021286011,-1,-1,-1
450,19,1381.8,357.72745,218.19994999999994,202.21823000000006,0.8794898986816406,-1,-1,-1
451,19,1389.2944,358.853,210.70557000000008,208.8942,0.8784304857254028,-1,-1,-1
452,19,1392.1023,354.18405,207.76586999999995,225.04672,0.8739714622497559,-1,-1,-1
453,19,1395.9165,346.69772,204.06981999999994,242.04854999999998,0.8707542419433594,-1,-1,-1
