1,0,393.52115,97.0087,237.59067,194.39127,0.8928168416023254,-1,-1,-1
1,1,1060.0094,260.93918,565.1339,468.47495,0.8796576261520386,-1,-1,-1
1,2,1639.6063,142.86638,280.39368000000013,340.42047,0.7734718322753906,-1,-1,-1
2,0,390.05157,96.81315,236.61389000000003,196.03384,0.899052619934082,-1,-1,-1
2,1,1083.5758,265.95004,561.7793999999999,472.27335,0.8811516761779785,-1,-1,-1
2,2,1618.0786,140.97159,301.92139999999995,335.34265,0.8378854393959045,-1,-1,-1
3,0,384.09244,97.98053,241.84749999999997,197.95657,0.8954479098320007,-1,-1,-1
3,1,1099.8895,271.31152,575.7906500000001,482.80009999999993,0.8626811504364014,-1,-1,-1
3,2,1602.4414,142.01321,317.55860000000007,331.34198000000004,0.7839332818984985,-1,-1,-1
4,0,379.34097,99.62585,241.22769,198.72595,0.8953256011009216,-1,-1,-1
4,1,1110.0508,280.76654,586.4029500000001,489.86773999999997,0.8648982048034668,-1,-1,-1
4,2,1591.9128,155.78772,328.08716000000004,311.39035,0.6502028703689575,-1,-1,-1
5,0,373.36313,101.91329,245.33486999999997,197.35283999999996,0.8884470462799072,-1,-1,-1
5,1,1137.7382,283.00696,591.7313000000001,506.04785,0.8496981859207153,-1,-1,-1
6,0,373.4842,101.881966,245.19353999999998,197.42151000000004,0.8885126709938049,-1,-1,-1
6,1,1137.6377,282.95978,591.9190700000001,506.08092999999997,0.8498660326004028,-1,-1,-1
7,0,367.72186,103.65644,243.97564999999997,198.29281999999998,0.8972001671791077,-1,-1,-1
7,1,1145.1719,295.14908,601.71765,506.92495999999994,0.8607518076896667,-1,-1,-1
8,0,361.3581,103.87687,245.85167999999993,198.97299000000004,0.8917877078056335,-1,-1,-1
8,1,1169.2925,301.3637,605.3085999999998,519.2224,0.8620460629463196,-1,-1,-1
9,0,353.33334,104.7862,253.72018000000003,200.88696,0.8917988538742065,-1,-1,-1
9,1,1178.8469,309.25305,624.9911,519.8436999999999,0.856389582157135,-1,-1,-1
10,0,347.33984,108.442,250.80444,199.77904,0.8957197666168213,-1,-1,-1
10,1,1202.1624,318.02814,636.1436999999999,534.81903,0.8406087756156921,-1,-1,-1
11,0,339.92715,107.98883,254.93637,201.89965999999998,0.8935421705245972,-1,-1,-1
11,1,1214.7065,325.10837,661.9122300000001,552.3680400000001,0.8352985978126526,-1,-1,-1
12,0,332.24033,107.800964,257.02823,205.78775,0.8951647877693176,-1,-1,-1
12,1,1222.3223,325.9073,679.9475,579.1297,0.851477324962616,-1,-1,-1
13,0,329.90872,108.154785,254.14181999999994,206.77938999999998,0.9034650325775146,-1,-1,-1
13,1,1263.0145,333.8455,656.9833000000001,590.20337,0.8407456874847412,-1,-1,-1
14,0,325.83823,107.47484,252.42337000000003,208.66096000000002,0.9050388932228088,-1,-1,-1
14,1,1279.5052,355.48547,640.4947499999998,583.4098999999999,0.8254578113555908,-1,-1,-1
14,3,1460.7687,129.57735,344.14868,282.82152999999994,0.7710676789283752,-1,-1,-1
15,0,319.34177,106.77254,256.90725999999995,211.20998000000003,0.902692437171936,-1,-1,-1
15,1,1299.532,361.21814,620.4680000000001,606.8232400000002,0.8494368195533752,-1,-1,-1
15,3,1451.3104,125.13982,329.7642800000001,280.8614,0.8773651123046875,-1,-1,-1
16,0,314.833,109.299255,257.99323,211.1687,0.8976925015449524,-1,-1,-1
16,1,1321.1366,375.1245,598.1288,607.95917,0.8266353011131287,-1,-1,-1
16,3,1438.1982,123.28446,332.83655,281.86304000000007,0.890055239200592,-1,-1,-1
17,0,310.47064,111.52965,261.62744,210.3254,0.897043764591217,-1,-1,-1
17,1,1336.6143,386.24945,583.3857399999999,631.0986,0.8216772079467773,-1,-1,-1
17,3,1424.0231,125.956085,327.94640000000004,275.73495,0.8930182456970215,-1,-1,-1
18,0,304.86258,110.235794,262.33413999999993,214.1519,0.8969736695289612,-1,-1,-1
18,1,1368.9738,401.00616,551.0262500000001,637.1368999999999,0.7978081703186035,-1,-1,-1
18,3,1411.3517,123.831116,324.98352,274.10144,0.885842502117157,-1,-1,-1
19,0,298.94632,111.0496,266.45865000000003,214.04262999999997,0.9011644124984741,-1,-1,-1
19,1,1394.1884,416.655,525.8116500000001,632.0290499999999,0.8164255023002625,-1,-1,-1
19,3,1397.3379,125.373795,321.1698000000001,268.04370000000006,0.8958316445350647,-1,-1,-1
20,0,295.67224,112.94551,261.1875,217.69133,0.9019793272018433,-1,-1,-1
20,1,1410.0922,420.3142,509.9078400000001,648.75476,0.7838094830513,-1,-1,-1
20,3,1382.742,126.64529,326.39599999999996,265.58044,0.9055660367012024,-1,-1,-1
21,0,290.29224,112.86879,264.45489999999995,219.40657,0.9040756821632385,-1,-1,-1
21,1,1444.6455,419.86557,475.3544999999999,658.0235600000001,0.7387570738792419,-1,-1,-1
21,3,1376.3536,126.70257,319.99548000000004,263.27847,0.9030997157096863,-1,-1,-1
22,0,290.18753,113.03822,264.6178300000001,219.25996,0.9041122198104858,-1,-1,-1
22,1,1444.5293,419.65704,475.4707000000001,658.22675,0.7390105128288269,-1,-1,-1
22,3,1376.339,126.736755,320.14977999999996,263.2097,0.9029824137687683,-1,-1,-1
23,0,290.1751,113.08485,264.6515,219.20569,0.9042102694511414,-1,-1,-1
23,1,1444.548,419.67697,475.4520299999999,658.2903999999999,0.7391836643218994,-1,-1,-1
23,3,1376.3387,126.780876,320.15026999999986,263.12598,0.9032309055328369,-1,-1,-1
24,0,290.11578,113.088905,264.68719999999996,219.19738999999998,0.9041115045547485,-1,-1,-1
24,1,1444.5304,419.26636,475.4695999999999,658.9263999999998,0.7378697395324707,-1,-1,-1
24,3,1376.3195,126.86586,320.1118200000001,263.03595,0.9033756256103516,-1,-1,-1
25,0,290.61383,113.228355,263.59814000000006,219.37463,0.9051940441131592,-1,-1,-1
25,1,1444.0587,420.1108,475.94128,658.2407000000001,0.7419935464859009,-1,-1,-1
25,3,1376.284,125.711426,321.27637000000004,264.60477,0.904184877872467,-1,-1,-1
26,0,290.74716,113.291435,263.3978000000001,219.39620999999997,0.9051523208618164,-1,-1,-1
26,1,1444.1898,419.93872,475.81017999999995,658.33606,0.7423011660575867,-1,-1,-1
26,3,1376.152,125.2529,321.42236,265.0386,0.9038150906562805,-1,-1,-1
27,0,290.75967,113.322655,263.40762000000007,219.42264,0.9050196409225464,-1,-1,-1
27,1,1444.1504,420.1806,475.8496,657.9204999999998,0.7418774962425232,-1,-1,-1
27,3,1376.189,125.20465,321.01294000000007,265.08356,0.904258131980896,-1,-1,-1
28,0,290.71454,113.32511,263.40173,219.37329,0.9050456285476685,-1,-1,-1
28,1,1444.1705,420.1213,475.8294699999999,658.0220000000002,0.7405318021774292,-1,-1,-1
28,3,1376.1277,124.92061,321.0987500000001,265.37415,0.9039137363433838,-1,-1,-1
29,0,290.73685,113.29636,263.36856,219.39096,0.9050508737564087,-1,-1,-1
29,1,1444.1843,420.30374,475.81566999999995,657.8836699999999,0.7412540912628174,-1,-1,-1
29,3,1376.1405,124.844475,321.07312,265.4355,0.9039803743362427,-1,-1,-1
30,0,290.73117,113.303856,263.36403999999993,219.37961,0.9050146341323853,-1,-1,-1
30,1,1444.1832,420.20132,475.8167699999999,658.0056000000001,0.7419701218605042,-1,-1,-1
30,3,1376.1503,124.85329,321.0616499999999,265.42822,0.9039619565010071,-1,-1,-1
31,0,290.72833,113.311134,263.36584000000005,219.36884000000003,0.9050654172897339,-1,-1,-1
31,1,1444.1754,420.4841,475.8245999999999,657.5519,0.7419745922088623,-1,-1,-1
31,3,1376.0887,124.55172,321.0887500000001,265.7344,0.9037076234817505,-1,-1,-1
32,0,253.58595,122.56146,284.87339999999995,236.48019999999997,0.8930196762084961,-1,-1,-1
32,4,1273.0505,116.916084,290.51196000000004,240.89459,0.8970682621002197,-1,-1,-1
32,5,1622.2743,171.50566,297.72569999999996,313.34943,0.8933751583099365,-1,-1,-1
33,0,253.223,123.03854,286.88947,238.44347999999997,0.9035471677780151,-1,-1,-1
33,4,1262.3844,112.5148,289.8436300000001,244.42075,0.9029368758201599,-1,-1,-1
33,5,1608.3645,169.56189,311.6355000000001,310.67664,0.8994547128677368,-1,-1,-1
34,0,254.78467,123.95361,289.61877000000004,243.90698,0.9036197066307068,-1,-1,-1
34,4,1253.439,114.87276,285.47362999999996,238.33469999999997,0.8941578269004822,-1,-1,-1
34,5,1595.7446,160.84058,324.2553700000001,313.47208,0.8892819285392761,-1,-1,-1
35,0,250.46263,124.48137,293.70514000000003,248.55446000000003,0.9011911153793335,-1,-1,-1
35,4,1245.8422,115.694565,281.4459200000001,235.12388999999996,0.9080641865730286,-1,-1,-1
35,5,1581.0376,155.17587,338.9623999999999,313.77675999999997,0.8920555114746094,-1,-1,-1
36,0,252.2181,126.824265,291.89251999999993,250.90016,0.9036489129066467,-1,-1,-1
36,4,1235.1543,110.50463,282.41272000000004,238.57479999999998,0.8996478319168091,-1,-1,-1
36,5,1561.0839,152.75961,358.1244999999999,307.80475,0.9082096219062805,-1,-1,-1
37,0,252.3473,127.28018,292.50653,252.85991999999996,0.9010125398635864,-1,-1,-1
37,4,1227.912,110.76069,282.4146699999999,236.49822999999998,0.8989965915679932,-1,-1,-1
37,5,1547.4927,153.31654,366.4746,303.1595,0.9061651229858398,-1,-1,-1
38,0,251.86012,130.69067,295.6836,252.22205000000002,0.90389084815979,-1,-1,-1
38,4,1220.5851,115.64094,273.11438,227.40921000000003,0.8949539065361023,-1,-1,-1
38,5,1536.7734,151.78156,366.33313,296.88586,0.9061180353164673,-1,-1,-1
39,0,254.64973,133.41124,295.36932,252.67952,0.8951270580291748,-1,-1,-1
39,4,1211.5745,114.20854,273.8484000000001,228.91642999999996,0.8925315141677856,-1,-1,-1
39,5,1520.824,148.70532,368.76575,295.861,0.8992788791656494,-1,-1,-1
40,0,254.71257,133.38774,295.29022,252.67638,0.8954060673713684,-1,-1,-1
40,4,1211.6177,114.18708,273.7707499999999,228.90158000000002,0.8924148678779602,-1,-1,-1
40,5,1520.8556,148.77158,368.7061799999999,295.79996000000006,0.8997672200202942,-1,-1,-1
41,0,253.74211,134.26213,295.86212,251.74037000000004,0.8991924524307251,-1,-1,-1
41,4,1211.3801,113.41913,273.66858,229.97524999999996,0.8921923041343689,-1,-1,-1
41,5,1520.222,147.76009,368.6993399999999,297.3484,0.9015656113624573,-1,-1,-1
42,0,254.74667,140.05853,303.46384,257.10123,0.8962249159812927,-1,-1,-1
42,4,1187.4108,113.74351,270.35156000000006,223.8299,0.8864567875862122,-1,-1,-1
42,5,1477.6001,141.85512,363.15588,287.59845,0.8916577100753784,-1,-1,-1
43,0,256.77417,140.40645,303.89075,261.7083,0.9007434248924255,-1,-1,-1
43,4,1180.7706,113.582664,263.66527999999994,221.95935,0.8860172033309937,-1,-1,-1
43,5,1469.9761,139.56664,354.1722400000001,285.04755,0.8867772817611694,-1,-1,-1
44,0,258.51062,142.15921,308.10437,265.11658,0.9071424007415771,-1,-1,-1
44,4,1172.9585,106.441734,265.28480000000013,225.98117000000002,0.9010196328163147,-1,-1,-1
44,5,1454.714,139.96541,349.69666000000007,279.57965,0.9204621911048889,-1,-1,-1
45,0,260.50052,143.8684,309.27975,268.4436,0.9014829397201538,-1,-1,-1
45,4,1163.9058,109.88167,263.01855,221.12788,0.8932581543922424,-1,-1,-1
45,5,1435.9796,136.18396,343.03894000000014,277.0945,0.8996066451072693,-1,-1,-1
46,0,259.10464,148.1602,313.88486,268.4688699999999,0.894646406173706,-1,-1,-1
46,4,1158.6501,109.81767,258.22680000000014,220.73656,0.8842172622680664,-1,-1,-1
46,5,1422.8491,135.9916,345.7580600000001,273.2279,0.9075680375099182,-1,-1,-1
47,0,263.8274,149.98389,312.9842,271.08298,0.9039615988731384,-1,-1,-1
47,4,1149.864,103.21672,258.38147000000004,224.98285999999996,0.8947066068649292,-1,-1,-1
47,5,1413.9993,135.43521,337.09950000000003,272.2479000000001,0.9013916254043579,-1,-1,-1
48,0,269.97034,154.26915,309.33880000000005,273.2895,0.9071594476699829,-1,-1,-1
48,4,1144.2706,103.45476,255.68164000000002,221.37798,0.8947743773460388,-1,-1,-1
48,5,1399.5411,132.47034,341.22155999999995,271.7902,0.9123141169548035,-1,-1,-1
49,0,275.73102,154.69957,310.7645999999999,279.71454,0.9055829644203186,-1,-1,-1
49,4,1140.3573,102.778755,249.11059999999998,220.47684000000004,0.8899775743484497,-1,-1,-1
49,5,1382.849,131.68486,339.17676000000006,267.10040000000004,0.9079448580741882,-1,-1,-1
50,0,274.30432,154.50935,324.29523,286.54125999999997,0.9063202142715454,-1,-1,-1
50,4,1136.2625,103.97733,246.71642999999995,217.63013,0.888164758682251,-1,-1,-1
50,5,1373.9045,123.67186,337.46387000000004,272.29517,0.9163568019866943,-1,-1,-1
51,0,278.4867,158.83192,326.5669,286.78882,0.9027724862098694,-1,-1,-1
51,4,1127.6572,100.642815,250.75061000000005,217.9819,0.8843640685081482,-1,-1,-1
51,5,1361.02,120.656136,335.0165999999999,273.01425,0.9027149677276611,-1,-1,-1
52,0,278.34454,158.98131,326.76990000000006,286.61523,0.9029250741004944,-1,-1,-1
52,4,1127.7325,101.10398,250.7226599999999,217.55078,0.8841749429702759,-1,-1,-1
52,5,1360.9895,120.57053,334.8796399999999,273.12943,0.9019805788993835,-1,-1,-1
53,0,278.49323,159.0481,326.6394000000001,286.5110000000001,0.9030572175979614,-1,-1,-1
53,4,1127.6815,100.95225,250.88977,217.71090000000004,0.8842017650604248,-1,-1,-1
53,5,1360.8881,121.44507,334.71129999999994,272.21173,0.901821494102478,-1,-1,-1
54,0,278.6303,159.03156,326.52234000000004,286.5189,0.9029906392097473,-1,-1,-1
54,4,1127.7568,101.09247,250.85669000000007,217.54279000000002,0.8841736316680908,-1,-1,-1
54,5,1360.8229,121.29849,334.69409999999993,272.3652,0.9021977186203003,-1,-1,-1
55,0,278.54013,159.0719,326.61996,286.4246999999999,0.9028691649436951,-1,-1,-1
55,4,1127.9429,101.756584,250.79540999999995,216.94915999999998,0.8839889764785767,-1,-1,-1
55,5,1360.6411,121.914474,334.52855999999997,271.74976,0.9015723466873169,-1,-1,-1
56,0,278.5681,159.20053,326.65234000000004,286.32990000000007,0.9029218554496765,-1,-1,-1
56,4,1127.891,101.81456,250.74047999999993,216.89265000000003,0.8839046955108643,-1,-1,-1
56,5,1360.7936,121.95149,334.31494,271.6664999999999,0.9013994336128235,-1,-1,-1
57,0,278.5624,159.18141,326.65572999999995,286.35797,0.9030222296714783,-1,-1,-1
57,4,1127.823,101.90989,250.82836999999995,216.79366999999996,0.8838149905204773,-1,-1,-1
57,5,1360.8682,122.022575,334.2493999999999,271.60602,0.9014197587966919,-1,-1,-1
58,0,278.59637,159.1709,326.62708,286.3681,0.9030924439430237,-1,-1,-1
58,4,1127.8232,102.08796,250.74865999999997,216.61757999999998,0.8835878372192383,-1,-1,-1
58,5,1360.9645,122.06794,334.16614000000004,271.56033,0.9014993906021118,-1,-1,-1
59,0,278.55325,159.1607,326.68027,286.37199999999996,0.9030186533927917,-1,-1,-1
59,4,1127.8746,101.98696,250.5949700000001,216.63430999999997,0.8836695551872253,-1,-1,-1
59,5,1360.8849,122.48199,333.87122,271.1366,0.9013216495513916,-1,-1,-1
60,0,278.54517,159.1653,326.66663000000005,286.35736,0.9030424952507019,-1,-1,-1
60,4,1127.9305,102.050835,250.53856999999994,216.56342,0.8835676312446594,-1,-1,-1
60,5,1360.8933,122.001274,333.79027999999994,271.60834,0.9015456438064575,-1,-1,-1
61,0,278.24448,159.2967,327.10050000000007,286.53644,0.902601420879364,-1,-1,-1
61,4,1128.2397,102.31209,250.67772999999988,216.56685,0.8842647671699524,-1,-1,-1
61,5,1361.7498,124.65888,333.43054000000006,268.82736,0.9019613862037659,-1,-1,-1
62,0,323.4752,193.39267,357.5679,331.38846000000007,0.8986601829528809,-1,-1,-1
62,4,1059.8125,100.05054,230.64293999999995,199.63486,0.8361859917640686,-1,-1,-1
62,6,1256.6003,119.655754,298.6894500000001,244.45526,0.8994247317314148,-1,-1,-1
63,0,325.6359,195.0449,361.83047,336.1056500000001,0.9051381945610046,-1,-1,-1
63,4,1051.3182,104.77901,233.56664999999998,194.57674,0.8440551161766052,-1,-1,-1
63,6,1242.1813,119.37876,297.64429999999993,240.89572000000004,0.8900291919708252,-1,-1,-1
64,0,328.69443,198.74347,363.40830000000005,335.45245,0.9037323594093323,-1,-1,-1
64,4,1044.3059,102.120544,231.25414999999998,196.94817999999998,0.8747963905334473,-1,-1,-1
64,6,1235.5176,118.08248,293.36328000000003,238.75922,0.8890751600265503,-1,-1,-1
65,0,327.42184,205.71767,370.54287999999997,332.76250000000005,0.908723771572113,-1,-1,-1
65,4,1039.278,99.79376,232.41625999999997,197.46945,0.8555706739425659,-1,-1,-1
65,6,1229.2433,117.40573,288.20776,237.33306999999996,0.8878095746040344,-1,-1,-1
65,7,1813.8097,240.91878,106.19030999999995,322.92847000000006,0.6777686476707458,-1,-1,-1
66,0,331.3849,210.02104,374.31756999999993,338.30194000000006,0.904953122138977,-1,-1,-1
66,4,1033.8986,99.947525,231.9661900000001,195.84468000000004,0.8655867576599121,-1,-1,-1
66,6,1215.0583,121.203735,291.75109999999995,231.96927,0.8820735812187195,-1,-1,-1
66,7,1790.9005,218.92278,129.09949000000006,340.7895,0.7265410423278809,-1,-1,-1
67,0,334.86374,209.6134,378.14869999999996,348.69695999999993,0.9038697481155396,-1,-1,-1
67,4,1026.7972,98.27982,231.85681,195.68213,0.8523383736610413,-1,-1,-1
67,6,1209.7114,117.104866,287.7827,233.39276,0.8941022753715515,-1,-1,-1
67,7,1775.4789,213.7746,144.52111999999988,341.89795000000004,0.706641674041748,-1,-1,-1
68,0,338.55798,214.12198,384.162,353.0408,0.8928369879722595,-1,-1,-1
68,4,1024.0592,103.992,225.72777999999994,189.22906,0.8471912145614624,-1,-1,-1
68,6,1203.2125,116.60911,284.47900000000004,232.56476000000004,0.8979337215423584,-1,-1,-1
68,7,1759.8964,205.66554,160.10364000000004,339.40912000000003,0.7204309105873108,-1,-1,-1
68,8,312.8348,88.42048,211.54134999999997,184.93515000000002,0.6869077682495117,-1,-1,-1
69,0,340.37854,215.99371,391.96008,362.52704000000006,0.899840772151947,-1,-1,-1
69,4,1019.105,102.469604,221.70227,189.22069999999997,0.8517962694168091,-1,-1,-1
69,6,1198.91,116.41668,274.5292999999999,230.05902000000003,0.8952735066413879,-1,-1,-1
69,7,1736.0691,199.56189,183.93091000000004,341.0355200000001,0.7220473289489746,-1,-1,-1
69,8,307.73257,86.34816,209.66214000000002,186.7412,0.7784876823425293,-1,-1,-1
70,0,340.8776,219.7515,399.2263,368.07523000000003,0.8895113468170166,-1,-1,-1
70,4,1014.5822,103.98052,223.29047000000003,187.59296,0.8370790481567383,-1,-1,-1
70,6,1193.89,115.61782,274.30457,229.18066,0.8944482803344727,-1,-1,-1
70,7,1719.6375,198.26126,200.36255000000006,334.6098999999999,0.7975494265556335,-1,-1,-1
70,8,304.96042,85.16164,207.75063999999998,187.76247000000004,0.8176094889640808,-1,-1,-1
71,0,343.17392,226.20677,401.93576,369.91589999999997,0.8994215726852417,-1,-1,-1
71,4,1004.501,102.17296,227.25305000000003,186.56639,0.8281962275505066,-1,-1,-1
71,6,1187.4542,113.132935,271.77697999999987,229.91312000000002,0.8978247046470642,-1,-1,-1
71,7,1702.3385,196.92036,217.66149999999993,332.9485000000001,0.8060232996940613,-1,-1,-1
71,8,300.03757,83.893715,207.46564,189.50992000000002,0.8291470408439636,-1,-1,-1
72,0,344.80176,225.90327,410.36224,376.38879999999995,0.8963571786880493,-1,-1,-1
72,4,995.23376,98.47008,224.74182000000008,188.06837000000002,0.8439669609069824,-1,-1,-1
72,6,1174.4066,114.89725,273.67626999999993,226.61795,0.8942786455154419,-1,-1,-1
72,7,1689.766,196.80415,229.96605999999997,320.60345,0.8476405739784241,-1,-1,-1
72,8,296.50977,83.85026,204.80466,189.22678000000002,0.8534868955612183,-1,-1,-1
73,0,348.36646,230.77415,415.4076999999999,382.7072800000001,0.8968472480773926,-1,-1,-1
73,4,987.2902,104.16222,223.35748,183.12871,0.8447076082229614,-1,-1,-1
73,6,1166.5559,115.65353,276.0571299999999,224.21188,0.8936111927032471,-1,-1,-1
73,7,1675.715,191.1993,244.28503,318.2265,0.8646788001060486,-1,-1,-1
73,8,291.77655,84.15135,207.36316,194.99486000000002,0.8444568514823914,-1,-1,-1
74,0,349.61356,235.15622,422.80855999999994,391.44583,0.8964343070983887,-1,-1,-1
74,4,983.1494,108.12271,226.74036,178.11304,0.8396745324134827,-1,-1,-1
74,6,1159.9005,114.778114,268.00684,223.55386,0.9011117815971375,-1,-1,-1
74,7,1652.9756,190.79028,267.0244,312.01038,0.8767194747924805,-1,-1,-1
74,8,288.03342,83.70263,209.07061999999996,193.73923000000002,0.8777785301208496,-1,-1,-1
75,0,349.66812,235.0812,422.7296400000001,391.42508,0.8967074751853943,-1,-1,-1
75,4,983.131,108.10484,226.77562999999998,178.13080999999997,0.8397390246391296,-1,-1,-1
75,6,1159.8613,114.66955,267.93190000000004,223.67339999999996,0.9008808732032776,-1,-1,-1
75,7,1652.9436,190.85248,267.05639999999994,311.92307,0.877258837223053,-1,-1,-1
75,8,288.06384,83.78022,208.90445,193.59308,0.8774831295013428,-1,-1,-1
76,0,349.79605,235.10228,422.55252,391.3726199999999,0.8967112302780151,-1,-1,-1
76,4,983.25903,108.126205,226.58983999999998,178.09312000000003,0.8389623761177063,-1,-1,-1
76,6,1159.7521,114.58991,267.9756,223.70401,0.9007539749145508,-1,-1,-1
76,7,1652.9507,190.9862,267.0493200000001,311.9872,0.8785547614097595,-1,-1,-1
76,8,288.05103,83.83309,208.84384,193.53075999999996,0.8764001727104187,-1,-1,-1
77,0,349.76163,235.11676,422.4147,391.41376,0.8964555859565735,-1,-1,-1
77,4,983.2941,108.12303,226.72028000000012,178.13539,0.8396923542022705,-1,-1,-1
77,6,1159.7527,114.576294,267.98352,223.72283999999996,0.9006491303443909,-1,-1,-1
77,7,1652.8827,190.9403,267.1172999999999,312.02997000000005,0.8797102570533752,-1,-1,-1
77,8,288.03152,83.791916,208.88419,193.6343,0.8759520053863525,-1,-1,-1
78,0,349.73978,235.06541,422.33505,391.46033,0.8963930010795593,-1,-1,-1
78,4,983.269,108.10312,226.74774000000002,178.13272,0.8387545943260193,-1,-1,-1
78,6,1159.7517,114.57853,267.9716799999999,223.73572000000001,0.9007032513618469,-1,-1,-1
78,7,1652.8696,190.90826,267.1303700000001,312.09943,0.8795569539070129,-1,-1,-1
78,8,288.0305,83.83609,208.89276,193.61233999999996,0.876105785369873,-1,-1,-1
79,0,349.7027,235.08046,422.40668,391.44103999999993,0.896522045135498,-1,-1,-1
79,4,983.2675,108.1061,226.74750000000006,178.13483,0.8392302393913269,-1,-1,-1
79,6,1159.7627,114.58311,267.94139999999993,223.71194,0.9006356596946716,-1,-1,-1
79,7,1652.8289,190.93636,267.1711399999999,312.08704,0.8795780539512634,-1,-1,-1
79,8,288.0412,83.796036,208.86615,193.63133,0.8762430548667908,-1,-1,-1
80,0,349.70944,235.10904,422.4282999999999,391.41153,0.8964863419532776,-1,-1,-1
80,4,983.2694,108.10489,226.73034999999993,178.13711999999998,0.8392358422279358,-1,-1,-1
80,6,1159.7563,114.57368,267.9665500000001,223.72455,0.9005961418151855,-1,-1,-1
80,7,1652.7969,190.98729,267.2031199999999,312.03563999999994,0.8795714378356934,-1,-1,-1
80,8,288.04227,83.797295,208.85434000000004,193.64087,0.8759862184524536,-1,-1,-1
81,0,349.1518,235.92354,422.08667,390.86390000000006,0.8957412838935852,-1,-1,-1
81,4,983.6716,108.22894,225.43329000000006,178.06387000000004,0.8447905778884888,-1,-1,-1
81,6,1159.7783,114.28999,267.92493000000013,223.70515,0.9009353518486023,-1,-1,-1
81,7,1652.4885,190.59767,267.5114699999999,312.5329,0.8840192556381226,-1,-1,-1
81,8,287.87915,83.75907,208.36725,193.41015999999996,0.8760477304458618,-1,-1,-1
82,0,349.1006,235.97842,422.1703,390.80997,0.8958298563957214,-1,-1,-1
82,4,983.70557,108.24741,225.41284000000007,178.06,0.8451800346374512,-1,-1,-1
82,6,1159.8401,114.317375,267.8883000000001,223.65597999999997,0.900966465473175,-1,-1,-1
82,7,1652.4382,190.47195,267.56177,312.68713,0.8844667077064514,-1,-1,-1
82,8,287.85757,83.739044,208.36068999999998,193.44863999999998,0.8765562176704407,-1,-1,-1
83,0,349.06406,235.98137,422.13577000000004,390.70624,0.8957076072692871,-1,-1,-1
83,4,983.5901,108.25389,225.48572000000001,178.07356,0.8464145660400391,-1,-1,-1
83,6,1159.8381,114.318085,267.89795000000004,223.70676000000003,0.901104211807251,-1,-1,-1
83,7,1652.4542,190.4525,267.5457799999999,312.7848,0.8843619227409363,-1,-1,-1
83,8,287.84268,83.74715,208.38889,193.39229000000003,0.8767380714416504,-1,-1,-1
84,0,349.06433,235.91827,422.19635,390.75824,0.8958035111427307,-1,-1,-1
84,4,983.60474,108.3237,225.44652999999994,178.07647999999998,0.8457469344139099,-1,-1,-1
84,6,1159.866,114.28865,267.72485000000006,223.75606,0.9012130498886108,-1,-1,-1
84,7,1652.4602,190.40031,267.5398,312.84424,0.8838648796081543,-1,-1,-1
84,8,287.8638,83.750946,208.36989999999997,193.33898999999997,0.8769506216049194,-1,-1,-1
85,0,349.63187,235.65662,421.98984,391.37762,0.8968238830566406,-1,-1,-1
85,4,982.9934,108.13464,226.15441999999996,178.30130000000003,0.8483469486236572,-1,-1,-1
85,6,1160.7557,114.105125,266.9981700000001,224.034,0.901848316192627,-1,-1,-1
85,7,1652.3468,191.5342,267.65319999999997,311.67712,0.8876351118087769,-1,-1,-1
85,8,287.4688,83.789314,208.70605,193.68048,0.8705754280090332,-1,-1,-1
86,0,349.7217,235.77551,421.6583,391.14532,0.8967132568359375,-1,-1,-1
86,4,982.99274,108.14409,226.16765999999996,178.24244999999996,0.8481719493865967,-1,-1,-1
86,6,1160.7831,114.16082,266.9489699999999,223.93703999999997,0.9018287658691406,-1,-1,-1
86,7,1652.3627,191.60962,267.63733,311.57117,0.8879178166389465,-1,-1,-1
86,8,287.49612,83.77212,208.66170999999997,193.67697,0.8705639243125916,-1,-1,-1
87,0,349.6796,235.7554,421.96145999999993,391.2204300000001,0.8968179225921631,-1,-1,-1
87,4,983.00006,108.19353,226.1539899999999,178.23732,0.8473297953605652,-1,-1,-1
87,6,1160.741,114.15707,267.01880000000006,223.99283,0.9017961621284485,-1,-1,-1
87,7,1652.3666,191.59697,267.6334199999999,311.61206,0.8880252242088318,-1,-1,-1
87,8,287.4448,83.747,208.71811000000002,193.71823,0.8703634142875671,-1,-1,-1
88,0,349.69092,235.7573,421.94201999999996,391.21579999999994,0.8968039155006409,-1,-1,-1
88,4,983.00006,108.21756,226.15033000000005,178.20834000000002,0.8472033143043518,-1,-1,-1
88,6,1160.7274,114.15419,267.0245400000001,223.98270999999997,0.9017488360404968,-1,-1,-1
88,7,1652.37,191.57352,267.6300000000001,311.61092999999994,0.8879909515380859,-1,-1,-1
88,8,287.4418,83.761566,208.73003999999997,193.70614999999998,0.8704315423965454,-1,-1,-1
89,0,349.6156,235.76192,422.01609999999994,391.2368799999999,0.896721601486206,-1,-1,-1
89,4,982.9552,108.64259,226.07666000000006,177.73903,0.846297562122345,-1,-1,-1
89,6,1160.6992,114.19203,267.00415,223.91344000000004,0.9016374945640564,-1,-1,-1
89,7,1652.3196,191.6365,267.6804199999999,311.54776,0.8878726363182068,-1,-1,-1
89,8,287.45154,83.77097,208.71344,193.69319999999996,0.8705222010612488,-1,-1,-1
90,0,349.66394,235.75233,421.96167,391.24694999999997,0.8967271447181702,-1,-1,-1
90,4,982.9506,108.63658,226.10271999999998,177.75484,0.8462603092193604,-1,-1,-1
90,6,1160.6929,114.17438,267.00854000000004,223.94473,0.9016358256340027,-1,-1,-1
90,7,1652.3285,191.6123,267.6714999999999,311.56268,0.8879093527793884,-1,-1,-1
90,8,287.45285,83.76986,208.71762,193.6832,0.8706446290016174,-1,-1,-1
91,0,349.62677,235.783,421.9907799999999,391.2088,0.8967522382736206,-1,-1,-1
91,4,983.0044,108.50674,226.20299999999997,177.89417000000003,0.8478085994720459,-1,-1,-1
91,6,1160.7792,114.16434,266.89429999999993,223.96997,0.9015888571739197,-1,-1,-1
91,7,1652.2521,191.55869,267.74792,311.68246,0.8870107531547546,-1,-1,-1
91,8,287.44913,83.76889,208.73552999999998,193.69409000000002,0.8706216216087341,-1,-1,-1
92,4,1059.3235,108.14836,232.17309999999998,196.71938000000003,0.8704012036323547,-1,-1,-1
92,8,239.49582,98.109505,240.54163000000003,222.92248999999998,0.9084023833274841,-1,-1,-1
92,9,1405.6267,148.91914,333.2042200000001,257.3482,0.9073783159255981,-1,-1,-1
92,10,440.9122,376.29395,580.22546,522.37604,0.8628155589103699,-1,-1,-1
93,4,1058.9812,106.914276,228.5540800000001,198.15615999999997,0.8878162503242493,-1,-1,-1
93,8,237.23578,98.77697,245.61022999999997,225.42755,0.9109125137329102,-1,-1,-1
93,9,1393.141,146.53566,329.86925999999994,253.45772,0.9212120175361633,-1,-1,-1
93,10,429.37222,383.533,611.3866,534.37476,0.8388922810554504,-1,-1,-1
94,4,1049.0184,107.79593,233.87903000000006,195.12067000000002,0.865761935710907,-1,-1,-1
94,8,233.93085,100.15196,249.24914999999996,225.34867999999997,0.9112181663513184,-1,-1,-1
94,9,1382.0054,144.27557,329.59033,253.48535,0.9121816158294678,-1,-1,-1
94,10,446.95184,392.8447,629.4261000000001,553.647,0.8351689577102661,-1,-1,-1
95,4,1044.7217,106.305595,228.49389999999994,197.82672000000002,0.8718594312667847,-1,-1,-1
95,8,232.1997,99.61126,253.45569,229.10152999999997,0.9139513373374939,-1,-1,-1
95,9,1375.3971,144.68805,323.00440000000003,249.89516999999998,0.9035051465034485,-1,-1,-1
95,10,450.76672,404.17493,642.67175,570.2822,0.8265858292579651,-1,-1,-1
95,11,1803.2694,243.87169,116.73058999999989,298.5921,0.710496723651886,-1,-1,-1
96,4,1039.359,106.69269,230.6491699999999,194.73581,0.8698944449424744,-1,-1,-1
96,8,230.92967,98.277695,255.2751,232.90211,0.914482057094574,-1,-1,-1
96,9,1361.7733,141.81294,321.68493999999987,252.99458,0.9000396728515625,-1,-1,-1
96,10,451.28357,412.4957,665.7762499999999,584.1344000000001,0.8159664273262024,-1,-1,-1
96,11,1793.3385,233.34348,126.66149999999993,298.10249999999996,0.7584254741668701,-1,-1,-1
97,4,1034.2838,105.44711,230.10168,193.9422,0.8779550194740295,-1,-1,-1
97,8,232.72235,97.45755,253.33447,237.02875000000003,0.9153103828430176,-1,-1,-1
97,9,1348.501,140.88773,325.5262500000001,249.73867999999996,0.8951639533042908,-1,-1,-1
97,10,460.50552,422.9764,681.4547,611.6599000000001,0.8055785894393921,-1,-1,-1
97,11,1784.316,223.39238,135.68396000000007,305.54175,0.7327364087104797,-1,-1,-1
98,4,1028.7826,106.106064,230.44139999999993,192.11403,0.8761178255081177,-1,-1,-1
98,8,234.18427,98.00964,254.46181999999996,238.54626000000002,0.9121845960617065,-1,-1,-1
98,9,1336.0665,137.62349,322.72582999999986,248.9934,0.9123902320861816,-1,-1,-1
98,10,475.38242,437.9716,685.0136999999999,617.306,0.7976906895637512,-1,-1,-1
98,11,1768.9286,218.33821,151.06042000000002,304.17804,0.7694061994552612,-1,-1,-1
99,4,1028.3761,106.47468,225.07690000000002,190.78647000000004,0.8760619163513184,-1,-1,-1
99,8,233.67621,98.70108,255.52167,240.50919,0.9074167013168335,-1,-1,-1
99,9,1326.6292,137.83586,325.5790999999999,246.00983999999997,0.9049220085144043,-1,-1,-1
99,10,483.59857,459.03113,704.22845,607.1065699999999,0.7620380520820618,-1,-1,-1
99,11,1751.6827,209.26396,168.31726000000003,303.31488,0.7717556357383728,-1,-1,-1
100,4,1019.51184,105.97161,230.32238999999993,188.78262,0.8703798651695251,-1,-1,-1
100,8,233.91812,101.0301,259.11322,241.45437999999996,0.9067871570587158,-1,-1,-1
100,9,1317.66,132.8944,323.61645999999996,249.58881999999997,0.9090997576713562,-1,-1,-1
100,10,493.7053,473.1338,714.6593,587.2727,0.6966865062713623,-1,-1,-1
100,11,1730.5491,215.90485,189.45092999999997,288.87387,0.8398705124855042,-1,-1,-1
101,4,1018.2063,106.590576,222.68396000000007,186.99902000000003,0.8856130838394165,-1,-1,-1
101,8,232.64716,104.88172,264.29544,241.89102,0.9087086915969849,-1,-1,-1
101,9,1309.629,137.24394,309.78467,243.91554000000002,0.9016179442405701,-1,-1,-1
101,10,482.01825,488.30283,759.1531399999999,569.5148,0.6796194911003113,-1,-1,-1
101,11,1714.9103,211.07092,205.08971999999994,288.39584,0.8551692962646484,-1,-1,-1
102,4,1016.97046,106.93536,219.5557899999999,185.97794,0.8906298279762268,-1,-1,-1
102,8,231.44719,103.8466,268.68616,244.66344,0.9062853455543518,-1,-1,-1
102,9,1296.6149,137.83893,306.04150000000004,237.73572000000001,0.8967382311820984,-1,-1,-1
102,11,1706.3861,209.64201,213.4171100000001,283.20953,0.8651887774467468,-1,-1,-1
103,4,1011.7772,105.27248,222.8037099999999,186.26363,0.8900923728942871,-1,-1,-1
103,8,231.813,104.805916,272.8777,246.75897,0.9104320406913757,-1,-1,-1
103,9,1289.0775,134.98843,301.2046,237.77567,0.9066183567047119,-1,-1,-1
103,11,1690.1954,207.8446,229.80457,278.76187,0.8711621165275574,-1,-1,-1
104,4,1003.0288,103.67431,228.07250999999997,186.92743000000002,0.882273256778717,-1,-1,-1
104,8,233.8564,105.753174,273.8548,248.36276000000004,0.9163259863853455,-1,-1,-1
104,9,1278.2516,134.06125,299.40221999999994,237.229,0.8943790197372437,-1,-1,-1
104,11,1677.8549,204.41653,242.14514000000008,279.5629,0.8747910857200623,-1,-1,-1
105,4,1002.428,102.414505,224.06360000000006,189.09355,0.8810280561447144,-1,-1,-1
105,8,235.80974,105.790565,276.48723999999993,251.92908,0.9165903925895691,-1,-1,-1
105,9,1269.2662,133.25351,297.23876999999993,236.29181,0.8917861580848694,-1,-1,-1
105,11,1662.2583,204.51958,257.74170000000004,275.50384999999994,0.8828914761543274,-1,-1,-1
106,4,1003.64716,102.03669,217.42925999999989,187.76159999999996,0.8845188617706299,-1,-1,-1
106,8,236.63875,108.297104,280.48425,255.94286,0.9077039957046509,-1,-1,-1
106,9,1263.6034,130.44684,296.20654000000013,236.01929,0.8920523524284363,-1,-1,-1
106,11,1649.7166,201.95743,270.28345000000013,271.55145,0.8713048696517944,-1,-1,-1
107,4,998.7755,103.95147,218.36462000000006,186.06067,0.8723770976066589,-1,-1,-1
107,8,233.29254,112.94706,285.15967,254.38339,0.9139421582221985,-1,-1,-1
107,9,1256.2098,130.11824,293.81384,233.2506,0.8904204368591309,-1,-1,-1
107,11,1631.4163,199.90921,288.58374000000003,271.32989999999995,0.850180447101593,-1,-1,-1
108,4,995.3848,107.07445,215.45038,182.21488999999997,0.8747583627700806,-1,-1,-1
108,8,236.00182,110.60225,286.6440999999999,262.65833,0.9091299176216125,-1,-1,-1
108,9,1245.5176,129.48497,289.7517,231.4041,0.8842846155166626,-1,-1,-1
108,11,1616.8296,192.51793,303.11205999999993,270.3609,0.8610098361968994,-1,-1,-1
109,4,989.10706,106.68355,220.1320800000001,180.33012,0.8631793260574341,-1,-1,-1
109,8,235.51013,115.49663,291.88244999999995,259.36584,0.9041090607643127,-1,-1,-1
109,9,1236.4749,128.1994,288.0313699999999,228.97836000000004,0.8951497673988342,-1,-1,-1
109,11,1607.9501,192.01102,310.94445999999994,265.48006999999996,0.8860357999801636,-1,-1,-1
110,4,988.6697,100.407036,217.89233000000002,186.38781999999998,0.8729642629623413,-1,-1,-1
110,8,235.34018,116.82123,295.99429999999995,263.32825,0.9031232595443726,-1,-1,-1
110,9,1229.7145,124.91526,285.01697000000013,231.46371,0.8962796926498413,-1,-1,-1
110,11,1593.544,188.66711,315.24389999999994,263.86120000000005,0.876049280166626,-1,-1,-1
111,4,978.40546,98.62552,226.17095999999992,186.79955999999999,0.8711761236190796,-1,-1,-1
111,8,233.1641,118.607704,307.2894600000001,265.356,0.9025928974151611,-1,-1,-1
111,9,1220.8655,127.532005,283.34888,226.39423000000002,0.893659770488739,-1,-1,-1
111,11,1576.9227,181.72426,327.27099999999996,265.57788000000005,0.9056987166404724,-1,-1,-1
112,4,978.6061,98.79884,226.23644999999988,186.77834000000001,0.8712359070777893,-1,-1,-1
112,8,233.14801,118.277084,307.2051399999999,265.67627,0.9028617739677429,-1,-1,-1
112,9,1220.905,127.520134,283.2783200000001,226.44427000000002,0.8936564326286316,-1,-1,-1
112,11,1576.9371,181.71603,327.1921400000001,265.4854,0.905389130115509,-1,-1,-1
113,4,978.75934,99.000626,226.26104999999995,186.71567999999996,0.8729799389839172,-1,-1,-1
113,8,233.07648,118.35984,307.10028000000005,265.58472,0.9026461243629456,-1,-1,-1
113,9,1220.6013,127.46949,283.48755000000006,226.45900999999998,0.8935673832893372,-1,-1,-1
113,11,1576.8099,181.6258,327.2472,265.51429999999993,0.9058049321174622,-1,-1,-1
114,4,978.74445,98.97855,226.2560400000001,186.65451000000002,0.8723331689834595,-1,-1,-1
114,8,233.16014,118.533264,306.9073,265.42206,0.9027246832847595,-1,-1,-1
114,9,1220.6138,127.490036,283.4396999999999,226.4904,0.8936434388160706,-1,-1,-1
114,11,1576.784,181.65067,327.2446299999999,265.48782,0.9058943390846252,-1,-1,-1
115,4,978.9426,99.06875,226.16772000000003,186.56042,0.8724231123924255,-1,-1,-1
115,8,233.2442,118.56773,306.86304000000007,265.39612,0.9029598236083984,-1,-1,-1
115,9,1220.5688,127.465256,283.67664000000013,226.50907999999998,0.8933905959129333,-1,-1,-1
115,11,1576.8168,181.74487,327.2978499999999,265.4201,0.9056808352470398,-1,-1,-1
116,4,979.053,98.660355,225.9155300000001,186.95216,0.8716068863868713,-1,-1,-1
116,8,233.23875,118.563934,306.78943000000004,265.34155,0.9030436277389526,-1,-1,-1
116,9,1220.5093,127.49682,283.8006600000001,226.39562999999998,0.8936562538146973,-1,-1,-1
116,11,1576.9049,181.70671,327.19983,265.5022,0.905630886554718,-1,-1,-1
117,4,978.9099,98.78861,225.79833999999994,186.71902,0.8715364336967468,-1,-1,-1
117,8,233.33754,118.664696,306.77510000000007,265.27945,0.9029003381729126,-1,-1,-1
117,9,1220.5707,127.47459,283.7841799999999,226.4931,0.8937823176383972,-1,-1,-1
117,11,1577.013,181.69263,327.17786,265.54926,0.9058645963668823,-1,-1,-1
118,4,978.98706,98.74723,225.75853999999993,186.77267,0.8716287016868591,-1,-1,-1
118,8,233.38712,118.542915,306.6431600000001,265.39948,0.9030435085296631,-1,-1,-1
118,9,1220.5399,127.492325,283.82446000000004,226.46529000000004,0.8937981128692627,-1,-1,-1
118,11,1577.0111,181.71837,327.1804199999999,265.52582,0.9057297110557556,-1,-1,-1
119,4,978.7298,98.37531,225.79851999999994,187.05663999999996,0.8711778521537781,-1,-1,-1
119,8,233.3682,118.43158,306.6924,265.53558,0.9030535221099854,-1,-1,-1
119,9,1220.6481,127.50142,283.71912,226.45186,0.8937941789627075,-1,-1,-1
119,11,1577.0272,181.67072,327.20849999999996,265.62863000000004,0.9053356051445007,-1,-1,-1
120,4,978.8431,98.284584,225.77495999999996,187.17327999999998,0.8716586232185364,-1,-1,-1
120,8,233.33351,118.512665,306.72107,265.41898000000003,0.9030064940452576,-1,-1,-1
120,9,1220.6494,127.53089,283.7329,226.45812999999998,0.8938653469085693,-1,-1,-1
120,11,1577.0331,181.66252,327.2103299999999,265.6037600000001,0.9053687453269958,-1,-1,-1
121,4,977.02875,98.63732,228.18146000000002,186.75943,0.8711502552032471,-1,-1,-1
121,8,233.58203,118.43181,305.83154,265.1892,0.9023993015289307,-1,-1,-1
121,9,1220.4961,127.33737,284.01575,226.8057,0.8937186002731323,-1,-1,-1
121,11,1576.7742,181.52937,327.5019500000001,265.61487,0.9065322279930115,-1,-1,-1
122,4,950.12897,113.74973,217.67621000000008,172.77548000000002,0.8557931184768677,-1,-1,-1
122,8,255.63593,141.24286,324.67473999999993,314.47287,0.9212290644645691,-1,-1,-1
122,9,1148.1543,123.50619,261.3629000000001,212.85562,0.8898451924324036,-1,-1,-1
122,11,1691.0709,180.25891,228.9290800000001,308.1761,0.8164169192314148,-1,-1,-1
122,12,1460.26,160.87,297.37158,240.5267,0.8511609435081482,-1,-1,-1
123,4,950.1928,113.24951,213.19634999999994,172.45868000000002,0.8613128066062927,-1,-1,-1
123,8,259.00473,143.27745,326.49216,317.583,0.914898157119751,-1,-1,-1
123,9,1141.7743,122.5413,258.51793999999995,211.58066,0.8912253975868225,-1,-1,-1
123,11,1666.6307,178.18713,253.36925999999994,304.8189,0.8646395802497864,-1,-1,-1
123,12,1449.2913,157.79439,294.11339999999996,239.68522999999996,0.8161503672599792,-1,-1,-1
124,4,941.12085,112.22286,219.07373000000007,172.53786999999997,0.8397120237350464,-1,-1,-1
124,8,260.76974,142.33916,331.21559999999994,328.99084,0.9160728454589844,-1,-1,-1
124,9,1135.8909,121.10024,257.96973,211.59137000000004,0.8897157311439514,-1,-1,-1
124,11,1654.3173,176.82304,265.68273999999997,302.16656,0.8755822777748108,-1,-1,-1
124,12,1439.9722,156.17969,289.53503,238.9819,0.8193760514259338,-1,-1,-1
125,4,942.1478,114.64662,215.3919699999999,170.47942,0.8629021048545837,-1,-1,-1
125,8,264.98575,148.99864,337.17483999999996,327.0938699999999,0.9113204479217529,-1,-1,-1
125,9,1131.2743,121.51924,253.92394999999988,209.3502,0.8923357129096985,-1,-1,-1
125,11,1646.2622,175.28212,273.7378000000001,299.09918000000005,0.8832927942276001,-1,-1,-1
125,12,1430.3203,155.71965,293.0341799999999,238.15882999999997,0.802936851978302,-1,-1,-1
126,4,941.84265,115.25533,212.72852000000012,169.86984,0.854763925075531,-1,-1,-1
126,8,264.45218,155.1846,346.64243,329.9352,0.9088508486747742,-1,-1,-1
126,9,1122.3147,120.15408,258.55590000000007,208.71149,0.8918516039848328,-1,-1,-1
126,11,1625.1655,170.75626,294.83447,298.45383,0.8697369694709778,-1,-1,-1
126,12,1421.903,156.04167,282.17920000000004,235.05504000000002,0.7829479575157166,-1,-1,-1
127,4,941.84015,115.34975,212.65973000000008,169.77654000000004,0.8556053638458252,-1,-1,-1
127,8,264.53152,155.07332,346.52744000000007,330.07000000000005,0.9088321328163147,-1,-1,-1
127,9,1122.4467,120.118095,258.4146700000001,208.74835000000002,0.8917165994644165,-1,-1,-1
127,11,1625.0964,170.75925,294.90355999999997,298.36725,0.8695960640907288,-1,-1,-1
127,12,1421.9325,156.00813,282.19066999999995,235.07914999999997,0.7820698022842407,-1,-1,-1
128,4,941.6858,115.17269,212.47595,169.97107,0.8570995330810547,-1,-1,-1
128,8,264.1829,155.2683,346.76790000000005,329.90405,0.9088152050971985,-1,-1,-1
128,9,1122.5752,120.080154,258.34019999999987,208.81294000000003,0.8916088342666626,-1,-1,-1
128,11,1625.1671,170.50848,294.8329000000001,298.54642,0.8681449890136719,-1,-1,-1
128,12,1421.7052,156.08208,282.25476000000003,234.98186,0.7833283543586731,-1,-1,-1
129,4,941.74365,114.99031,212.65747,170.19664000000003,0.8571709990501404,-1,-1,-1
129,8,264.2139,155.20946,346.63083,330.14109999999994,0.9087414741516113,-1,-1,-1
129,9,1122.4797,120.02267,258.42957,208.88873,0.8917832374572754,-1,-1,-1
129,11,1625.3369,170.58351,294.6631,298.48553,0.8687819242477417,-1,-1,-1
129,12,1421.7516,156.1177,281.8296,234.93826,0.7840361595153809,-1,-1,-1
130,4,941.8156,114.936844,212.68999999999994,170.28944,0.8560400009155273,-1,-1,-1
130,8,264.17355,155.1821,346.7022999999999,330.20288,0.90873783826828,-1,-1,-1
130,9,1122.3856,120.0496,258.52576,208.92184000000003,0.8917815089225769,-1,-1,-1
130,11,1625.0387,170.73085,294.96129999999994,298.31981999999994,0.868687629699707,-1,-1,-1
130,12,1421.71,156.12935,281.6482000000001,234.87245000000001,0.7838860750198364,-1,-1,-1
131,4,941.72833,114.475426,212.65044999999998,170.92938,0.8625136017799377,-1,-1,-1
131,8,263.42496,156.52657,349.0292,329.24658,0.9103254675865173,-1,-1,-1
131,9,1123.4572,120.24647,257.56213,208.87830000000002,0.8940592408180237,-1,-1,-1
131,11,1623.7465,171.0795,296.25353999999993,297.11234,0.8821858167648315,-1,-1,-1
131,12,1421.6443,156.41125,280.2667200000001,235.03792999999996,0.7901036739349365,-1,-1,-1
132,4,929.54407,122.847084,209.24511999999993,163.7966,0.854925811290741,-1,-1,-1
132,8,283.23846,184.22343,374.65002,351.01983999999993,0.914161741733551,-1,-1,-1
132,9,1097.2936,118.15947,243.99927000000002,200.14851,0.8832746744155884,-1,-1,-1
132,11,1565.9014,154.07294,327.5084199999999,286.78599999999994,0.9151304364204407,-1,-1,-1
132,12,1367.3534,149.16325,266.23900000000003,230.3077,0.6693964004516602,-1,-1,-1
133,4,927.4138,123.08957,204.93895999999995,162.65015,0.8395017385482788,-1,-1,-1
133,8,286.04346,181.61276,378.18603999999993,360.65573000000006,0.92157381772995,-1,-1,-1
133,9,1090.3196,115.78137,244.73498999999993,200.87158,0.8835474252700806,-1,-1,-1
133,11,1554.1471,152.49452,324.88354000000004,282.3419200000001,0.9103453755378723,-1,-1,-1
134,4,925.00397,120.632164,203.74774000000002,166.20728000000003,0.7880672812461853,-1,-1,-1
134,8,287.75714,178.98073,381.54932,372.72119999999995,0.916867196559906,-1,-1,-1
134,9,1086.311,114.47845,241.0056199999999,200.74881,0.8893007040023804,-1,-1,-1
134,11,1541.8606,150.32088,323.1477,280.50653,0.9024104475975037,-1,-1,-1
134,12,1349.2089,145.91391,263.04882999999995,230.09524999999996,0.7018360495567322,-1,-1,-1
135,4,927.3266,124.2561,199.3132999999999,162.2482,0.8347283005714417,-1,-1,-1
135,8,290.88864,185.549,391.50406,372.47210000000007,0.9177141785621643,-1,-1,-1
135,9,1081.208,116.19475,241.04919999999993,194.77214000000004,0.8826210498809814,-1,-1,-1
135,11,1537.8606,147.94669,313.0938699999999,281.73846,0.8955605030059814,-1,-1,-1
135,12,1339.2034,145.05011,262.59607000000005,231.22842,0.7669586539268494,-1,-1,-1
136,4,922.23865,123.618095,201.93677000000002,163.44010000000003,0.7332054376602173,-1,-1,-1
136,8,297.76364,185.54362,397.04678,382.40405,0.9108003377914429,-1,-1,-1
136,9,1075.3547,115.34226,240.18628000000012,193.36599999999999,0.8912548422813416,-1,-1,-1
136,11,1536.1108,143.8156,303.2993200000001,280.3216,0.9172571897506714,-1,-1,-1
136,12,1331.0547,145.08498,263.12708,230.17695999999998,0.8065992593765259,-1,-1,-1
136,13,206.49428,84.25146,222.43248,194.38959,0.6335061192512512,-1,-1,-1
137,4,918.757,124.100235,204.1522799999999,162.66786000000002,0.8062395453453064,-1,-1,-1
137,8,299.9264,187.34291,403.11993,394.54187,0.9052561521530151,-1,-1,-1
137,9,1072.916,115.204544,234.4796100000001,194.33876000000004,0.8914691805839539,-1,-1,-1
137,11,1520.6774,142.01474,307.6663800000001,278.3153,0.9036386013031006,-1,-1,-1
137,12,1323.0416,143.8699,258.70264,229.26285,0.7959784269332886,-1,-1,-1
137,13,201.64864,82.35271,226.90593,197.0688,0.6922813057899475,-1,-1,-1
138,4,919.0992,126.06902,192.95476999999994,160.45611999999997,0.6484283208847046,-1,-1,-1
138,8,305.08536,187.23311,406.06569999999994,400.68420000000003,0.8960604667663574,-1,-1,-1
138,9,1068.0206,114.44256,235.0857000000001,197.05672999999996,0.8895239233970642,-1,-1,-1
138,11,1502.136,140.86633,318.9243200000001,278.1237,0.8959555625915527,-1,-1,-1
138,13,202.76172,85.68861,226.02618000000004,196.9495,0.6818175911903381,-1,-1,-1
139,4,919.2656,127.76169,187.42920000000004,158.64651000000003,0.6249846816062927,-1,-1,-1
139,8,309.11353,192.92694,409.6988999999999,404.1720000000001,0.8968820571899414,-1,-1,-1
139,9,1061.0403,114.8871,241.83007999999995,193.56584,0.8875223398208618,-1,-1,-1
139,11,1493.8397,139.62875,313.60619999999994,276.48334,0.8996532559394836,-1,-1,-1
139,13,199.80121,87.22282,227.41,196.45702999999997,0.7355993390083313,-1,-1,-1
140,8,307.5639,207.39502,419.68994,404.53899999999993,0.9053249359130859,-1,-1,-1
140,9,1058.458,115.52767,233.62707999999998,191.0806,0.8751800656318665,-1,-1,-1
140,11,1481.9331,137.42265,305.31116,273.6847,0.8998320698738098,-1,-1,-1
140,13,202.56216,87.08814,228.90551999999997,200.10888999999997,0.7560358047485352,-1,-1,-1
141,8,310.77573,208.99536,427.9665800000001,414.50464,0.9022087454795837,-1,-1,-1
141,9,1049.3389,115.87976,241.33691,190.16385,0.876284658908844,-1,-1,-1
141,11,1471.4443,136.99995,306.28052,271.58826,0.9102989435195923,-1,-1,-1
141,13,202.29294,89.97024,229.29586999999998,200.21500000000003,0.8003106117248535,-1,-1,-1
142,8,311.95288,216.35936,438.65875,424.95264,0.8981301188468933,-1,-1,-1
142,9,1048.5696,117.41592,234.82079999999996,188.15743999999998,0.872900128364563,-1,-1,-1
142,11,1457.5309,137.39069,309.19690000000014,265.76407,0.8992014527320862,-1,-1,-1
142,13,203.66103,90.8445,230.94776999999996,201.54774000000003,0.8150567412376404,-1,-1,-1
143,8,316.5975,227.55081,442.02273999999994,421.29672,0.9023010730743408,-1,-1,-1
143,9,1042.813,117.79329,233.0983900000001,185.39067,0.88099604845047,-1,-1,-1
143,11,1450.6211,136.93492,304.7046,263.46948,0.8964388966560364,-1,-1,-1
143,13,207.81989,91.44823,231.27313000000004,202.19057,0.8091198801994324,-1,-1,-1
143,14,417.8165,138.74248,188.44277999999997,139.86833000000001,0.8031414151191711,-1,-1,-1
144,8,321.00778,235.64488,448.97366,431.17030000000005,0.8980827927589417,-1,-1,-1
144,9,1038.014,117.7809,233.25353999999993,184.56508,0.8824717402458191,-1,-1,-1
144,11,1437.7354,137.76843,304.7241200000001,260.6693700000001,0.892970621585846,-1,-1,-1
144,13,206.4797,92.09578,234.85953000000003,203.44102000000004,0.8462687730789185,-1,-1,-1
144,14,423.02554,136.61249,184.04318,138.7417,0.8468464016914368,-1,-1,-1
145,8,321.03278,235.62657,448.88635,432.1132799999999,0.8978303074836731,-1,-1,-1
145,9,1037.5701,117.96213,233.81006000000002,184.5004,0.8813875913619995,-1,-1,-1
145,11,1437.2961,137.54465,303.91503999999986,261.01138,0.8917670845985413,-1,-1,-1
145,13,207.28374,91.28139,235.38539,204.90370000000001,0.8573765158653259,-1,-1,-1
145,14,422.74643,136.15671,183.90506,139.33386,0.8499981760978699,-1,-1,-1
146,8,321.10736,235.77878,448.7491999999999,432.05368,0.8977920413017273,-1,-1,-1
146,9,1037.5487,117.996,233.92749000000003,184.52454,0.8811079859733582,-1,-1,-1
146,11,1437.5951,137.51767,303.74119999999994,261.03958,0.8922536373138428,-1,-1,-1
146,13,207.3024,91.26891,235.33798,204.92354999999998,0.8579996824264526,-1,-1,-1
146,14,422.74976,136.24062,183.91235,139.22565999999998,0.8500717878341675,-1,-1,-1
147,8,321.05368,235.85631,448.77420000000006,431.69434,0.8978059887886047,-1,-1,-1
147,9,1037.3345,118.06192,234.19921999999997,184.42554,0.8813049793243408,-1,-1,-1
147,11,1437.8962,137.42262,303.4235799999999,261.12347,0.8929205536842346,-1,-1,-1
147,13,207.33694,91.269684,235.49164,204.88037000000003,0.8579174876213074,-1,-1,-1
147,14,422.7268,136.19014,183.97210000000007,139.27376,0.849002480506897,-1,-1,-1
148,8,321.0514,235.83473,448.7307,431.8518,0.8979321718215942,-1,-1,-1
148,9,1037.4889,118.08289,234.1756600000001,184.40823,0.8809719681739807,-1,-1,-1
148,11,1437.9794,137.4547,303.53894000000014,261.11536,0.8929212689399719,-1,-1,-1
148,13,207.16495,91.281586,235.49457000000004,204.84848,0.8571784496307373,-1,-1,-1
148,14,421.84805,135.96333,183.96994,140.37024999999997,0.8491042256355286,-1,-1,-1
149,8,321.04678,235.76001,448.7120699999999,432.02704000000006,0.8977920413017273,-1,-1,-1
149,9,1037.3142,118.028175,234.54663000000005,184.40775,0.8803228735923767,-1,-1,-1
149,11,1438.07,137.46895,303.59019999999987,261.12268,0.8929426670074463,-1,-1,-1
149,13,207.2135,91.3554,235.46288999999996,204.76726999999997,0.8577678799629211,-1,-1,-1
149,14,421.8174,135.97238,184.0408,140.41684000000004,0.8490521311759949,-1,-1,-1
150,8,321.50153,235.76688,448.19458,431.91507,0.8977597951889038,-1,-1,-1
150,9,1037.4626,118.00826,234.46082,184.40274,0.8794174194335938,-1,-1,-1
150,11,1438.0771,137.46902,303.7110600000001,261.10522,0.8932837843894958,-1,-1,-1
150,13,207.30371,91.330154,235.35916,204.77974,0.8582483530044556,-1,-1,-1
150,14,421.85117,135.969,184.00797,140.32727,0.8493516445159912,-1,-1,-1
151,8,324.18588,237.44168,445.5226,431.35781999999995,0.8975573778152466,-1,-1,-1
151,9,1038.343,116.75232,235.29187000000002,185.79104999999998,0.8774144649505615,-1,-1,-1
151,11,1437.2186,137.93729,305.12720000000013,259.58170000000007,0.8949543833732605,-1,-1,-1
151,13,208.30708,91.39467,234.92107000000001,205.24784999999997,0.8593701124191284,-1,-1,-1
151,14,422.59326,136.37944,183.67125999999996,138.67662,0.8547871112823486,-1,-1,-1
152,8,347.01602,305.57318,543.2357,496.09057999999993,0.8992745280265808,-1,-1,-1
152,9,996.6405,110.44908,229.61975000000007,181.63332000000003,0.8539400100708008,-1,-1,-1
152,11,1369.0752,132.40247,282.29369999999994,250.55420000000004,0.8995013236999512,-1,-1,-1
152,13,214.642,95.00188,253.66595,222.65404000000004,0.8905266523361206,-1,-1,-1
152,14,440.91516,116.95044,190.16076999999996,153.97805999999997,0.8935206532478333,-1,-1,-1
153,8,354.53375,314.0235,553.0911999999998,493.38885000000005,0.8901190161705017,-1,-1,-1
153,9,992.40204,111.067535,231.30792000000008,180.44137999999998,0.8450192213058472,-1,-1,-1
153,11,1358.8582,128.5081,288.01342999999997,253.26207,0.9073277711868286,-1,-1,-1
153,13,212.79051,95.89699,259.71844,224.24696,0.890358030796051,-1,-1,-1
153,14,441.3037,114.41328,192.5863,157.24973,0.8905656933784485,-1,-1,-1
154,8,362.94315,323.7299,568.6531,488.7919,0.8685294389724731,-1,-1,-1
154,9,1000.1109,108.97003,215.90215999999998,185.71389999999997,0.8398797512054443,-1,-1,-1
154,11,1348.9589,132.7198,285.7401,246.52336,0.9002081155776978,-1,-1,-1
154,13,216.85681,100.01343,260.29645,224.40604,0.8887912034988403,-1,-1,-1
154,14,444.51593,115.221695,193.42804,156.649,0.8808162808418274,-1,-1,-1
155,8,370.0914,335.20993,576.0731,515.5371,0.8677746057510376,-1,-1,-1
155,9,997.3239,109.55417,211.46942,182.10604999999998,0.8200090527534485,-1,-1,-1
155,11,1336.4791,133.29668,283.98632999999995,244.93409999999997,0.8986542224884033,-1,-1,-1
155,13,219.47313,99.74311,258.10443,225.67038000000002,0.8915538787841797,-1,-1,-1
155,14,449.38263,115.74096,189.96032999999994,156.18094,0.8728018999099731,-1,-1,-1
156,8,371.66943,345.53723,592.70984,522.1292,0.8637871742248535,-1,-1,-1
156,9,980.2513,110.562965,225.80219,179.50475999999998,0.8334581851959229,-1,-1,-1
156,11,1326.307,131.54439,280.77393000000006,242.21928,0.8990674018859863,-1,-1,-1
156,13,219.4245,97.61909,260.14774,228.95609,0.8926511406898499,-1,-1,-1
156,14,451.3336,115.27949,192.75851000000006,158.43417,0.8816180229187012,-1,-1,-1
157,8,384.20685,356.76456,618.9192499999999,538.4486999999999,0.8656550049781799,-1,-1,-1
157,9,977.0722,110.68553,226.71210000000008,178.42213,0.800062894821167,-1,-1,-1
157,11,1319.7783,129.93689,273.9546,241.14319,0.9015199542045593,-1,-1,-1
157,13,223.8288,96.79468,258.90024,234.70837000000003,0.8972330093383789,-1,-1,-1
157,14,453.09137,117.44693,197.57465000000002,159.68340999999998,0.8826823830604553,-1,-1,-1
158,8,388.27856,374.59323,627.1188,519.5869,0.8402590155601501,-1,-1,-1
158,9,970.61206,110.107834,230.51416000000006,178.94560000000004,0.8304617404937744,-1,-1,-1
158,11,1307.8547,127.90299,279.0404000000001,242.42654,0.9002412557601929,-1,-1,-1
158,13,227.71756,96.6823,260.6617,236.89808999999997,0.8993796110153198,-1,-1,-1
158,14,457.39447,118.27937,196.81525000000005,157.99391,0.8750047087669373,-1,-1,-1
159,8,400.4616,380.0961,650.1779,570.81714,0.8618752956390381,-1,-1,-1
159,9,963.3628,109.705246,232.69286999999997,178.4232,0.8230556845664978,-1,-1,-1
159,11,1300.6132,126.03003,277.30224999999996,240.48125999999996,0.8940842747688293,-1,-1,-1
159,13,227.97412,98.634705,265.6498700000001,237.09726,0.9017289876937866,-1,-1,-1
159,14,459.93616,118.925865,201.62041999999997,160.20319,0.8842028379440308,-1,-1,-1
160,8,395.0934,391.8922,673.9215000000002,560.1294,0.8320537805557251,-1,-1,-1
160,9,953.6709,110.279594,238.7507300000001,177.11530000000002,0.8340405225753784,-1,-1,-1
160,11,1293.5079,126.82316,276.0623800000001,237.02832000000004,0.8924705386161804,-1,-1,-1
160,13,233.10944,102.24124,264.96042,237.91086,0.9044352769851685,-1,-1,-1
160,14,465.10718,117.89022,202.64990000000006,163.60677999999996,0.8842760920524597,-1,-1,-1
161,8,413.1072,419.17627,692.75793,605.3815,0.8241286873817444,-1,-1,-1
161,9,954.8387,108.73174,229.8980100000001,179.21233999999998,0.8462939858436584,-1,-1,-1
161,11,1292.9257,125.969086,269.7202,236.77533,0.9017751216888428,-1,-1,-1
161,13,233.45856,104.87335,269.93621999999993,241.05869,0.9114556908607483,-1,-1,-1
161,14,469.85226,120.527504,200.82010000000002,163.08041,0.8865413665771484,-1,-1,-1
162,8,413.2475,419.15753,692.7101400000001,605.18085,0.8239089250564575,-1,-1,-1
162,9,953.9929,108.80463,230.78296,179.1099,0.8467020988464355,-1,-1,-1
162,11,1292.7693,125.973175,269.82007,236.71674,0.9019553661346436,-1,-1,-1
162,13,233.52467,104.87285,269.92071999999996,241.27503999999996,0.9115642309188843,-1,-1,-1
162,14,469.952,120.59734,200.72293000000002,162.98135,0.8866904973983765,-1,-1,-1
163,8,413.35028,419.11267,692.6886599999999,605.3690000000001,0.8232322335243225,-1,-1,-1
163,9,953.548,108.81252,231.34411999999998,179.12372,0.8466300964355469,-1,-1,-1
163,11,1292.7705,126.00934,269.84985000000006,236.72479999999996,0.902060329914093,-1,-1,-1
163,13,233.46214,104.877525,269.9375,241.19098000000002,0.9114006161689758,-1,-1,-1
163,14,469.90244,120.55317,200.80398999999994,163.04626,0.8864956498146057,-1,-1,-1
164,8,413.22644,419.08267,692.6959,604.73706,0.8233270049095154,-1,-1,-1
164,9,953.19824,108.84069,231.70666999999992,179.13931000000002,0.8465136289596558,-1,-1,-1
164,11,1292.7085,126.01826,269.95972000000006,236.72265999999996,0.901625394821167,-1,-1,-1
164,13,233.62408,104.8932,269.87387,241.21263,0.9115818738937378,-1,-1,-1
164,14,469.94894,120.532486,200.69137999999998,163.07823000000002,0.8862664103507996,-1,-1,-1
165,8,413.29694,419.07272,692.7829000000002,603.1427,0.8239520192146301,-1,-1,-1
165,9,951.98,108.8369,232.8432600000001,179.18061999999998,0.845675528049469,-1,-1,-1
165,11,1292.7917,125.82214,269.91662999999994,236.96198000000004,0.9016093611717224,-1,-1,-1
165,13,233.55914,104.841896,269.97687,241.28292999999996,0.9112932085990906,-1,-1,-1
165,14,469.94217,120.50671,200.67752000000002,163.1474,0.8861429691314697,-1,-1,-1
166,8,413.08258,419.04834,693.175,604.5765999999999,0.8225638270378113,-1,-1,-1
166,9,952.42096,108.82575,232.43365000000006,179.08481000000003,0.8471817970275879,-1,-1,-1
166,11,1292.972,125.655716,269.58337000000006,237.07774,0.9017273187637329,-1,-1,-1
166,13,233.61417,104.85016,270.16388,241.30181999999996,0.9123138189315796,-1,-1,-1
166,14,469.9692,120.48125,200.59573,163.13655,0.886307418346405,-1,-1,-1
167,8,412.9908,419.11392,693.2859999999998,604.78613,0.82256680727005,-1,-1,-1
167,9,952.37946,108.77443,232.4905399999999,179.11890999999997,0.8460862040519714,-1,-1,-1
167,11,1292.8649,125.64118,269.64697,237.05260999999996,0.9020336270332336,-1,-1,-1
167,13,233.6631,104.85434,270.1692,241.30267000000003,0.912451982498169,-1,-1,-1
167,14,469.94653,120.49565,200.61975,163.14238,0.8862910866737366,-1,-1,-1
168,8,412.9368,419.1075,693.3076000000001,604.8772999999999,0.8226081132888794,-1,-1,-1
168,9,952.31287,108.79531,232.5568800000001,179.09286,0.8463361263275146,-1,-1,-1
168,11,1292.8887,125.624565,269.6461199999999,237.06464,0.9018993973731995,-1,-1,-1
168,13,233.64496,104.85534,270.22614,241.30019999999996,0.9124148488044739,-1,-1,-1
168,14,469.943,120.48349,200.65819999999997,163.15521,0.8863094449043274,-1,-1,-1
169,8,412.68973,419.48596,692.9750999999999,605.3771999999999,0.8238046765327454,-1,-1,-1
169,9,955.53186,108.52974,228.84570000000008,179.02898,0.8540679216384888,-1,-1,-1
169,11,1295.5813,125.74908,267.20630000000006,236.9425,0.9005165696144104,-1,-1,-1
169,13,234.03362,104.85055,269.2104499999999,240.92145,0.9132306575775146,-1,-1,-1
169,14,469.8542,120.8256,201.00061000000005,162.55869,0.890331506729126,-1,-1,-1
170,8,412.66992,419.45782,693.1406,605.5997,0.8240227103233337,-1,-1,-1
170,9,955.5427,108.53582,228.89026000000013,179.03775000000002,0.8538629412651062,-1,-1,-1
170,11,1295.6178,125.76309,267.11925999999994,236.94601000000003,0.9008477926254272,-1,-1,-1
170,13,233.99905,104.850235,269.26697,240.94745999999998,0.9132018089294434,-1,-1,-1
170,14,469.84766,120.80378,201.06354,162.56937,0.8902656435966492,-1,-1,-1
171,8,412.74377,419.4885,692.80286,605.6836000000001,0.8241164684295654,-1,-1,-1
171,9,955.32574,108.52493,229.03107,179.00690000000003,0.8539915084838867,-1,-1,-1
171,11,1295.6648,125.858955,267.01575,236.84980000000002,0.9009771347045898,-1,-1,-1
171,13,233.97954,104.78962,269.08612,240.96999999999997,0.913018524646759,-1,-1,-1
171,14,469.92975,120.85515,200.88245000000006,162.4561,0.8903734683990479,-1,-1,-1
172,9,935.1268,116.89143,209.10687000000007,171.73118999999997,0.6832374930381775,-1,-1,-1
172,11,1209.0563,121.37138,257.11400000000003,222.32585,0.8844271898269653,-1,-1,-1
172,13,255.0647,115.88018,306.10339999999997,272.22665,0.9115246534347534,-1,-1,-1
172,14,520.2325,132.5189,209.44653000000005,171.11504,0.8138242959976196,-1,-1,-1
173,11,1207.4816,121.4315,249.49523999999997,220.74324,0.879936695098877,-1,-1,-1
173,13,257.24628,117.86104,308.58185,276.30737,0.911709189414978,-1,-1,-1
173,14,526.58075,132.2137,210.31859999999995,173.02345,0.7792189717292786,-1,-1,-1
174,11,1198.6129,123.260124,256.99440000000004,219.64580999999998,0.884543240070343,-1,-1,-1
174,13,259.5065,118.46906,308.7543600000001,279.7471,0.9089098572731018,-1,-1,-1
174,14,527.2124,131.47198,213.80676000000005,175.23254,0.7531141042709351,-1,-1,-1
175,11,1188.8859,125.94914,254.7999299999999,214.94126999999997,0.8857341408729553,-1,-1,-1
175,13,263.713,119.171715,315.46716,287.76123,0.9057278037071228,-1,-1,-1
176,11,1180.6017,122.56345,252.9661900000001,218.19330000000002,0.894661545753479,-1,-1,-1
176,13,266.41895,120.5127,319.6580200000001,292.07574,0.9172539114952087,-1,-1,-1
177,11,1177.98,120.52761,248.80029999999988,218.93289,0.8938955068588257,-1,-1,-1
177,13,272.08533,124.5699,314.8733,294.57117,0.9045951962471008,-1,-1,-1
178,11,1173.6387,120.188675,245.83655,218.80925000000002,0.8925475478172302,-1,-1,-1
178,13,274.73376,128.39937,326.06530000000004,298.33320000000003,0.8985754251480103,-1,-1,-1
179,11,1169.338,119.1308,245.13329999999996,217.41211,0.8900202512741089,-1,-1,-1
179,13,280.28772,130.07266,326.74304,304.85126,0.8960403800010681,-1,-1,-1
180,11,1167.753,117.99409,238.29613999999992,216.68826000000004,0.8861619830131531,-1,-1,-1
180,13,285.40598,133.47684,327.42404,308.37362999999993,0.8976151943206787,-1,-1,-1
181,11,1162.6035,119.41055,241.03795999999988,212.74051000000003,0.8953834772109985,-1,-1,-1
181,13,291.33978,138.06117,329.78960000000006,312.02936,0.9021652936935425,-1,-1,-1
182,11,1155.569,119.70084,239.53735000000006,210.79352000000003,0.8979796767234802,-1,-1,-1
182,13,288.62604,139.19214,341.33142,319.9826,0.8998371958732605,-1,-1,-1
183,11,1153.828,118.99709,234.26611000000003,212.18435999999997,0.8874040842056274,-1,-1,-1
183,13,294.7568,141.0123,341.2957,327.89290000000005,0.9173346757888794,-1,-1,-1
184,11,1148.8636,117.109215,233.2351000000001,212.45795000000004,0.8763791918754578,-1,-1,-1
184,13,296.1066,144.96379,345.4949,332.4291999999999,0.92158442735672,-1,-1,-1
185,11,1142.1464,115.95099,235.2800299999999,212.37033000000002,0.8746609091758728,-1,-1,-1
185,13,298.36664,150.63536,352.96666999999997,331.12585,0.915198028087616,-1,-1,-1
186,11,1137.0173,113.97837,236.01928999999996,212.35434000000004,0.8730224370956421,-1,-1,-1
186,13,299.0104,154.0603,361.18997,340.44986000000006,0.905396580696106,-1,-1,-1
187,11,1132.6416,112.76499,235.25524999999993,211.36858999999998,0.876806914806366,-1,-1,-1
187,13,300.99847,154.28122,364.55402000000004,346.11676,0.8986251950263977,-1,-1,-1
188,11,1125.8191,112.6419,238.34008999999992,211.38666,0.8824273943901062,-1,-1,-1
188,13,301.82416,160.58081,376.92157,350.34952,0.8995363116264343,-1,-1,-1
189,11,1125.881,112.73471,238.26233000000002,211.26266000000004,0.8825089931488037,-1,-1,-1
189,13,301.77957,160.48343,376.87106,350.37674,0.8994181752204895,-1,-1,-1
190,11,1125.8612,112.756996,238.30809999999997,211.22051999999996,0.8824312090873718,-1,-1,-1
190,13,301.7906,160.52243,376.83112,350.2341,0.8992559313774109,-1,-1,-1
191,11,1125.7799,112.419685,238.68811000000005,211.56378,0.8823308348655701,-1,-1,-1
191,13,302.9109,160.00917,376.08337,351.61432,0.9005672335624695,-1,-1,-1
192,11,1113.1953,113.86156,227.77771000000007,203.53245999999996,0.8950945734977722,-1,-1,-1
192,13,324.3919,178.07544,391.28620000000006,361.60284,0.9013969302177429,-1,-1,-1
193,11,1111.1553,113.26869,226.42236000000003,201.19210000000004,0.8936969041824341,-1,-1,-1
193,13,333.46628,185.50116,389.51339999999993,369.0279499999999,0.9027292728424072,-1,-1,-1
194,11,1107.7045,113.07306,226.04089999999997,202.21954,0.8725103139877319,-1,-1,-1
194,13,335.55872,185.29546,400.76648,376.5733000000001,0.8965784907341003,-1,-1,-1
195,11,1100.0399,111.55729,228.0482199999999,203.20306000000002,0.8804749250411987,-1,-1,-1
195,13,341.33997,189.95491,401.72900000000004,388.2794799999999,0.8879334330558777,-1,-1,-1
195,15,1783.7924,306.0757,136.20764000000008,424.9012,0.6663798689842224,-1,-1,-1
196,11,1098.4478,111.97345,225.29114000000004,203.12415,0.8703484535217285,-1,-1,-1
196,13,343.05035,190.28348,422.12585,399.57955999999996,0.8992294669151306,-1,-1,-1
196,15,1753.6978,300.3353,166.30224999999996,411.1887,0.6141499876976013,-1,-1,-1
197,11,1097.5776,112.74645,222.76146999999992,201.94778000000002,0.8731833696365356,-1,-1,-1
197,13,350.84744,190.89905,426.58218,402.60492,0.8939782977104187,-1,-1,-1
198,11,1092.6863,112.504,222.62096999999994,200.98383,0.8777473568916321,-1,-1,-1
198,13,353.04388,202.94539,430.90442,408.76562,0.8993248343467712,-1,-1,-1
198,15,1695.9438,289.00467,224.0561499999999,398.28708,0.6376195549964905,-1,-1,-1
199,11,1088.0624,111.65733,222.1440399999999,200.07051,0.8796765804290771,-1,-1,-1
199,13,345.77927,208.30478,456.1335,412.37399999999997,0.8842151761054993,-1,-1,-1
199,15,1660.3575,274.31778,259.64246,391.03854000000007,0.6837325096130371,-1,-1,-1
200,11,1084.5299,110.942764,223.23718000000008,201.05003,0.8753272891044617,-1,-1,-1
200,13,355.88315,216.08818,462.90823,422.19873000000007,0.8952096104621887,-1,-1,-1
200,15,1626.9469,263.6944,293.0531000000001,387.40870000000007,0.7226364016532898,-1,-1,-1
200,16,416.2184,92.34493,219.72446000000002,183.3617,0.6738566160202026,-1,-1,-1
201,11,1082.4664,110.01973,221.31774999999993,199.68965000000003,0.8714704513549805,-1,-1,-1
201,13,370.82346,219.77307,460.83365,430.94775000000004,0.893902599811554,-1,-1,-1
201,15,1600.6157,262.85043,319.38428,372.3500000000001,0.8457165360450745,-1,-1,-1
201,16,418.17557,85.33736,218.23275999999998,190.01457,0.8178232908248901,-1,-1,-1
202,11,1082.421,110.02235,221.43408,199.72125,0.8713156580924988,-1,-1,-1
202,13,370.75592,219.81061,460.85516,430.94921999999997,0.8938004970550537,-1,-1,-1
202,15,1600.4243,262.8582,319.5756799999999,372.5561799999999,0.8452945351600647,-1,-1,-1
202,16,418.048,85.46965,218.43839000000003,189.96458,0.8188082575798035,-1,-1,-1
203,11,1082.4586,110.08143,221.41064000000006,199.63308999999998,0.8713271617889404,-1,-1,-1
203,13,370.7183,219.78246,460.8107600000001,430.9928,0.8936471939086914,-1,-1,-1
203,15,1600.6205,262.812,319.37951999999996,372.62749999999994,0.8444620966911316,-1,-1,-1
203,16,418.00943,85.51354,218.50130999999993,189.95287999999996,0.8180971741676331,-1,-1,-1
204,11,1080.2675,110.18204,224.75487999999996,200.67007000000004,0.8724990487098694,-1,-1,-1
204,13,370.6966,219.75533,460.84590000000003,431.07812,0.8937166929244995,-1,-1,-1
204,15,1600.7244,262.769,319.2756300000001,372.73172,0.8441886305809021,-1,-1,-1
204,16,417.99817,85.4831,218.49182000000002,189.96255000000002,0.8182021975517273,-1,-1,-1
205,11,1083.006,110.25061,221.14038000000005,199.68221999999997,0.871056079864502,-1,-1,-1
205,13,371.55197,219.45798,460.25113,431.72835999999995,0.893302857875824,-1,-1,-1
205,15,1600.282,262.1264,319.71802,372.59955,0.8432308435440063,-1,-1,-1
205,16,417.5983,85.35841,218.31345,189.74129,0.8167861700057983,-1,-1,-1
206,11,1082.9894,110.12941,221.1449,199.82657999999998,0.8712283372879028,-1,-1,-1
206,13,371.50742,219.36086,460.18746999999996,431.8167000000001,0.8934049606323242,-1,-1,-1
206,15,1599.9764,262.04413,320.0235600000001,372.48956,0.8445725440979004,-1,-1,-1
206,16,417.51422,85.291985,218.43542000000002,189.88353999999998,0.8145185112953186,-1,-1,-1
207,11,1082.8976,110.07751,221.21240000000012,199.88506999999998,0.8712670803070068,-1,-1,-1
207,13,371.4689,219.45332,460.22147,431.7207000000001,0.8933820128440857,-1,-1,-1
207,15,1600.1122,261.86758,319.8878199999999,372.71103000000005,0.8416990637779236,-1,-1,-1
207,16,417.56827,85.218254,218.42409999999995,189.93426999999997,0.8141410946846008,-1,-1,-1
208,11,1082.8893,110.19232,221.03624999999988,199.74001999999996,0.8715378642082214,-1,-1,-1
208,13,371.65692,219.60341,460.03162,431.68119999999993,0.8935316205024719,-1,-1,-1
208,15,1600.6349,261.88126,319.3651,372.78647,0.837405800819397,-1,-1,-1
208,16,417.55463,85.24229,218.52075000000002,190.00821,0.8123393058776855,-1,-1,-1
209,11,1082.8892,110.193436,221.02379999999994,199.72285,0.8715161681175232,-1,-1,-1
209,13,371.60806,219.60854,460.06674,431.66125000000005,0.8935093283653259,-1,-1,-1
209,15,1600.623,261.92322,319.3769500000001,372.75402999999994,0.8377342224121094,-1,-1,-1
209,16,417.62357,85.322365,218.40896999999995,189.89365000000004,0.8127222061157227,-1,-1,-1
210,11,1082.8853,110.19671,221.0625,199.71355999999997,0.8716379404067993,-1,-1,-1
210,13,371.66916,219.50264,459.99549999999994,431.81146,0.8933821320533752,-1,-1,-1
210,15,1600.6725,261.79395,319.3275000000001,372.97015,0.8359854817390442,-1,-1,-1
210,16,417.56293,85.22275,218.49036000000007,189.96512,0.8136919140815735,-1,-1,-1
211,11,1082.8529,110.18593,221.0746999999999,199.74345,0.8714122176170349,-1,-1,-1
211,13,371.60034,219.492,460.05603,431.81006,0.8933395147323608,-1,-1,-1
211,15,1600.8175,262.32245,319.1824999999999,372.64935,0.8401534557342529,-1,-1,-1
211,16,417.55582,85.18644,218.46927,189.98760999999996,0.8143093585968018,-1,-1,-1
212,11,1058.1316,110.901184,212.52783,193.71127,0.8849745988845825,-1,-1,-1
212,16,413.38577,50.64147,213.16245000000004,220.81082,0.8931452631950378,-1,-1,-1
212,17,1322.8845,208.52605,397.8885499999999,314.03222999999997,0.9207141995429993,-1,-1,-1
212,18,436.1049,309.43225,613.5598,547.739,0.81314617395401,-1,-1,-1
213,11,1059.0623,110.518936,209.32544000000007,193.584,0.8663100004196167,-1,-1,-1
213,16,414.1009,50.918346,213.63715000000002,221.3413,0.895098865032196,-1,-1,-1
213,17,1295.7399,203.51707,396.1790799999999,307.4975,0.9140845537185669,-1,-1,-1
213,18,446.3793,326.1698,646.7593999999999,559.2636,0.8358980417251587,-1,-1,-1
214,11,1058.1938,108.62937,207.58349999999996,195.24014,0.8587642312049866,-1,-1,-1
214,16,414.07977,43.8834,216.09496999999993,230.36270000000002,0.896877646446228,-1,-1,-1
214,17,1279.9779,198.5951,384.76037999999994,303.9249,0.9103525280952454,-1,-1,-1
214,18,451.79324,344.8491,672.0188,577.3849,0.8267568945884705,-1,-1,-1
215,11,1053.1754,108.65532,213.87317000000007,191.32356,0.8506505489349365,-1,-1,-1
215,16,415.30872,33.14249,217.32281,240.68045,0.9037772417068481,-1,-1,-1
215,17,1261.7896,191.80927,377.62366,300.7437,0.9059121608734131,-1,-1,-1
215,18,462.71414,359.4641,678.5674999999999,602.299,0.8183656334877014,-1,-1,-1
216,11,1049.7236,107.309586,211.54456000000005,192.31303,0.7564513683319092,-1,-1,-1
216,16,416.2786,29.295332,216.33188000000007,243.82053999999997,0.9042564630508423,-1,-1,-1
216,17,1238.9645,185.48022,371.64966000000004,295.67166,0.9024404287338257,-1,-1,-1
216,18,469.20694,372.0624,722.14087,614.0724,0.8172886967658997,-1,-1,-1
217,11,1047.2917,108.7537,217.7669699999999,189.14041000000003,0.7667772769927979,-1,-1,-1
217,15,1692.005,332.19022,227.9949999999999,357.78940000000006,0.6358329057693481,-1,-1,-1
217,16,419.16776,30.12457,215.74593999999996,244.82198999999997,0.9030542373657227,-1,-1,-1
217,17,1226.259,179.23799,360.00829999999996,295.69153000000006,0.9060778021812439,-1,-1,-1
217,18,482.37668,378.71857,730.8054,659.9601400000001,0.7941960692405701,-1,-1,-1
218,11,1046.2616,107.89798,207.2213099999999,186.87478999999996,0.6845577955245972,-1,-1,-1
218,15,1660.0398,325.45337,259.9602,345.16864000000004,0.7786088585853577,-1,-1,-1
218,16,420.50586,28.505919,217.31860000000006,245.87811,0.9040923118591309,-1,-1,-1
218,17,1197.4955,175.5875,369.4707000000001,292.62256,0.9050371050834656,-1,-1,-1
218,18,490.19275,402.37833,767.3031000000001,657.9650999999999,0.7692297101020813,-1,-1,-1
219,11,1046.1075,106.30256,205.87830000000008,188.62903000000003,0.7045503854751587,-1,-1,-1
219,15,1616.7869,318.4906,303.2131300000001,336.03516,0.7909521460533142,-1,-1,-1
219,16,421.87668,26.911613,218.99118000000004,247.64581000000004,0.9064644575119019,-1,-1,-1
219,17,1188.6803,174.82716,352.81177,287.44525,0.9088799357414246,-1,-1,-1
219,18,514.3398,422.1038,767.8063399999999,665.8962399999999,0.7351654171943665,-1,-1,-1
220,15,1603.6461,314.99045,316.3538800000001,329.57266000000004,0.7560045123100281,-1,-1,-1
220,16,424.04138,23.096869,220.42719,251.62091,0.905326247215271,-1,-1,-1
220,17,1171.7872,171.10776,346.4392,285.23040000000003,0.9125540256500244,-1,-1,-1
220,18,484.8163,416.79996,834.838,669.1647,0.7685264945030212,-1,-1,-1
221,15,1571.8583,311.11487,348.1417200000001,315.55706999999995,0.6245813369750977,-1,-1,-1
221,16,424.82202,12.49409,224.36669999999998,262.8339199999999,0.907611072063446,-1,-1,-1
221,17,1155.4442,167.77774,346.40076,280.91983,0.9067481160163879,-1,-1,-1
221,19,570.1185,274.5203,352.28125,271.6459,0.7120453715324402,-1,-1,-1
222,15,1541.3995,303.06857,378.6004600000001,310.46737999999993,0.7851536273956299,-1,-1,-1
222,16,429.18457,15.714028,224.52459999999996,259.97546,0.9057459831237793,-1,-1,-1
222,17,1137.5151,158.31248,334.39453000000003,278.22778,0.9178096652030945,-1,-1,-1
222,19,572.70624,277.17892,360.85498000000007,290.7911,0.8456672430038452,-1,-1,-1
223,15,1514.9664,301.76065,405.03357000000005,302.08017,0.8545991778373718,-1,-1,-1
223,16,431.76035,13.086379,225.05080999999996,261.3212,0.9037652611732483,-1,-1,-1
223,17,1122.7219,156.97108,331.05872,271.70183999999995,0.9046339392662048,-1,-1,-1
223,19,573.0493,280.12006,365.43603999999993,291.10657,0.895230770111084,-1,-1,-1
224,15,1483.3839,296.2154,417.85986,294.81854000000004,0.8786841630935669,-1,-1,-1
224,16,432.15814,12.3458605,229.65044999999998,264.2502,0.9057836532592773,-1,-1,-1
224,17,1111.9279,155.57104,329.8209199999999,267.81585999999993,0.9082338809967041,-1,-1,-1
224,19,573.0382,288.28525,374.09442,300.64212,0.9033066034317017,-1,-1,-1
225,15,1483.4994,296.41367,417.27576,294.66999999999996,0.8790468573570251,-1,-1,-1
225,16,432.02863,12.555774,229.81140000000005,264.0062,0.9058613777160645,-1,-1,-1
225,17,1111.9276,155.55746,329.73767,267.8089,0.9071218967437744,-1,-1,-1
225,19,573.2052,288.10266,373.93457,300.88446,0.9033241868019104,-1,-1,-1
226,15,1483.6608,296.35114,417.25109999999995,294.95612000000006,0.8804780840873718,-1,-1,-1
226,16,432.12567,12.967904,229.68304,263.54526,0.9058874249458313,-1,-1,-1
226,17,1112.1665,155.50024,328.6065699999999,267.8113000000001,0.912095308303833,-1,-1,-1
226,19,573.18463,288.19702,374.0493200000001,300.34954999999997,0.9038012027740479,-1,-1,-1
227,15,1483.7869,296.34998,416.6743200000001,294.9499,0.880021333694458,-1,-1,-1
227,16,432.17224,13.078883,229.70203000000004,263.41797,0.9058393836021423,-1,-1,-1
227,17,1112.1268,155.37877,328.6856700000001,267.9750399999999,0.9118161201477051,-1,-1,-1
227,19,573.1542,288.01984,374.0643299999999,300.54785,0.903889000415802,-1,-1,-1
228,15,1483.708,296.29114,416.69859999999994,294.99914999999993,0.8804389238357544,-1,-1,-1
228,16,432.0827,13.073104,229.80878,263.43304,0.9057746529579163,-1,-1,-1
228,17,1112.1018,155.45049,328.69666000000007,267.91174,0.9109165668487549,-1,-1,-1
228,19,573.12067,288.0008,374.1044999999999,300.6499,0.9040141105651855,-1,-1,-1
229,15,1483.2211,295.8011,417.68506,295.6681500000001,0.8812476396560669,-1,-1,-1
229,16,431.88254,14.98112,230.16208,261.4472,0.9060768485069275,-1,-1,-1
229,17,1112.0964,155.58054,329.36096,267.86403999999993,0.9038978815078735,-1,-1,-1
229,19,574.3207,288.78207,373.51044,300.22415,0.9037797451019287,-1,-1,-1
230,15,1483.0902,295.87875,417.8126199999999,295.532,0.8817037343978882,-1,-1,-1
230,16,431.89157,14.885734,230.16794000000004,261.54233,0.9060671329498291,-1,-1,-1
230,17,1112.1013,155.6188,329.2817400000001,267.84393,0.9039751291275024,-1,-1,-1
230,19,574.34644,288.93518,373.28198,299.9723000000001,0.9040340781211853,-1,-1,-1
231,15,1483.0791,296.2811,418.89587000000006,295.70688,0.8875928521156311,-1,-1,-1
231,16,431.82944,13.722327,229.92025999999998,263.0486,0.9062011241912842,-1,-1,-1
231,17,1114.0017,156.24323,327.5482199999999,267.43972999999994,0.8992977738380432,-1,-1,-1
231,19,573.75946,288.65585,375.18323,301.23856,0.9027343988418579,-1,-1,-1
232,16,448.17477,9.746221,242.90584999999993,279.47507,0.9030476212501526,-1,-1,-1
232,19,599.07965,360.46613,434.8692,358.1731,0.8993008136749268,-1,-1,-1
232,20,1020.28534,135.1458,295.42009999999993,247.26616,0.8923312425613403,-1,-1,-1
232,21,1323.8374,246.37091,365.7732000000001,258.32828000000006,0.7803911566734314,-1,-1,-1
233,16,452.4802,10.308612,242.31203999999997,282.29752,0.9005021452903748,-1,-1,-1
233,19,598.9019,373.80194,445.2978999999999,367.12566999999996,0.8944379687309265,-1,-1,-1
233,20,1010.57697,129.16939,292.12054,247.06098999999998,0.8873128890991211,-1,-1,-1
234,15,1532.9434,315.86774,387.05664,326.26337,0.7126636505126953,-1,-1,-1
234,16,456.5401,4.0405974,243.61687999999998,290.92706,0.9012262225151062,-1,-1,-1
234,19,606.17346,386.2751,461.3496,374.7798000000001,0.8942378163337708,-1,-1,-1
234,20,1001.51843,126.51835,289.51806999999997,243.21051,0.8841300010681152,-1,-1,-1
234,21,1283.231,233.71832,353.1690699999999,250.83371,0.6851876378059387,-1,-1,-1
235,15,1506.7849,312.96173,409.52747,315.44495000000006,0.7869278788566589,-1,-1,-1
235,16,458.55453,2.958387,244.42886,294.5106,0.9041150212287903,-1,-1,-1
235,19,610.58527,396.357,471.80707000000007,378.41064,0.8939884305000305,-1,-1,-1
235,20,994.3244,119.71572,284.05791999999997,248.26474,0.8899967074394226,-1,-1,-1
235,21,1261.3596,226.13661,335.81909999999993,249.08332999999996,0.7402596473693848,-1,-1,-1
236,15,1478.1025,304.90173,436.3751199999999,312.13788000000005,0.8337432742118835,-1,-1,-1
236,16,462.5161,4.244846,242.61798000000005,295.1621,0.9076354503631592,-1,-1,-1
236,19,612.4976,407.1228,481.4668600000001,396.9311,0.8857946395874023,-1,-1,-1
236,20,987.8592,115.23279,281.3891,250.15329,0.8881077766418457,-1,-1,-1
236,21,1245.6862,221.08096,329.52612,246.27994,0.7398049235343933,-1,-1,-1
237,15,1457.0322,301.65457,415.5304000000001,306.064,0.8678538799285889,-1,-1,-1
237,16,463.31982,4.652599,246.87128,298.9545,0.9057906866073608,-1,-1,-1
237,19,623.146,420.817,484.9393299999999,400.80251999999996,0.8636535406112671,-1,-1,-1
237,20,977.2397,112.69804,278.1185999999999,245.99738000000002,0.8834388852119446,-1,-1,-1
238,15,1432.4541,293.99756,421.99927,304.81232,0.8752681016921997,-1,-1,-1
238,16,465.76904,2.2004733,248.92291,303.12607,0.9080274105072021,-1,-1,-1
238,19,624.9959,433.16394,500.15459999999996,413.43475,0.8762609958648682,-1,-1,-1
238,20,967.8023,110.43445,273.35577,244.74768000000003,0.8808407187461853,-1,-1,-1
239,15,1410.8558,293.25516,413.30602999999996,294.67386000000005,0.8792493939399719,-1,-1,-1
239,16,470.8251,7.001985,249.56088,300.15344,0.9108203649520874,-1,-1,-1
239,19,615.81464,445.25394,532.3529699999999,435.42349999999993,0.8743268251419067,-1,-1,-1
239,20,952.0472,109.59326,276.1527699999999,242.34326,0.8837331533432007,-1,-1,-1
240,15,1393.6046,287.04376,408.99767999999995,291.69360000000006,0.891953706741333,-1,-1,-1
240,16,473.96573,2.5968394,252.47726,306.86633,0.9091989994049072,-1,-1,-1
240,19,634.8386,455.32965,528.2745399999999,437.35767,0.8667088747024536,-1,-1,-1
240,20,943.57623,110.604996,271.7121000000001,238.76239999999999,0.8841256499290466,-1,-1,-1
241,15,1364.6846,278.70944,408.50389999999993,286.11807,0.9015445709228516,-1,-1,-1
241,16,477.49677,9.712575,255.35596000000004,301.03613,0.9148679375648499,-1,-1,-1
241,19,632.22266,469.7577,555.9435,457.2249800000001,0.8799070715904236,-1,-1,-1
241,20,930.76215,112.69374,275.94720000000007,234.61055,0.8850141167640686,-1,-1,-1
242,15,1364.7273,278.65,408.33887000000004,286.21298,0.9020215272903442,-1,-1,-1
242,16,477.53308,9.832566,255.3172,300.88867,0.9147226810455322,-1,-1,-1
242,19,632.19824,469.77863,555.9408,457.15930000000003,0.8789655566215515,-1,-1,-1
242,20,930.96375,112.70857,275.6462399999999,234.55579999999998,0.8850268721580505,-1,-1,-1
243,15,1364.7761,278.61224,408.2368200000001,286.21739999999994,0.9022697806358337,-1,-1,-1
243,16,477.49002,9.903949,255.38363999999996,300.82867,0.9147543907165527,-1,-1,-1
243,19,632.1564,469.76135,556.0242999999999,457.15894000000003,0.8784622550010681,-1,-1,-1
243,20,931.0214,112.74221,275.5045799999999,234.52666999999997,0.8852699995040894,-1,-1,-1
244,15,1364.7124,278.60776,407.89038000000005,286.28640000000007,0.9020437598228455,-1,-1,-1
244,16,477.45203,10.028861,255.41266000000002,300.712,0.9147568941116333,-1,-1,-1
244,19,632.15924,469.76227,556.0442499999999,457.2326,0.8786299824714661,-1,-1,-1
244,20,931.0249,112.7051,275.7077600000001,234.54235999999997,0.8848270177841187,-1,-1,-1
245,15,1364.8049,278.52045,408.11474999999996,286.37067,0.902113676071167,-1,-1,-1
245,16,477.44107,9.962914,255.54220000000004,300.77817,0.9149435758590698,-1,-1,-1
245,19,632.18945,469.8514,555.9614,457.08316,0.8790537118911743,-1,-1,-1
245,20,931.2392,112.73999,275.5311999999999,234.50371999999996,0.8849278688430786,-1,-1,-1
246,15,1364.9034,278.74802,407.7385300000001,286.18082000000004,0.9020359516143799,-1,-1,-1
246,16,477.44147,9.97742,255.43462999999997,300.70996,0.9150263071060181,-1,-1,-1
246,19,632.1701,469.8743,556.0051999999998,457.01187,0.8800931572914124,-1,-1,-1
246,20,929.4671,113.98241,277.7117299999999,231.93025,0.884523332118988,-1,-1,-1
247,15,1364.8589,278.79184,407.2947999999999,286.10056,0.9019541144371033,-1,-1,-1
247,16,477.42194,9.973271,255.42896000000002,300.71124,0.9150159358978271,-1,-1,-1
247,19,632.1613,469.85724,555.96967,457.02014,0.8801972270011902,-1,-1,-1
247,20,929.41125,114.00046,277.7577,231.91766000000004,0.8845870494842529,-1,-1,-1
248,15,1364.8661,278.75546,407.43444999999997,286.1641,0.9021338224411011,-1,-1,-1
248,16,477.40897,9.948438,255.46541999999994,300.70773,0.9149895906448364,-1,-1,-1
248,19,632.1677,469.86755,556.0011,457.09827,0.8792716860771179,-1,-1,-1
248,20,929.40265,113.94721,277.78546000000006,231.97058000000004,0.8845328688621521,-1,-1,-1
249,15,1364.853,278.74338,407.4856,286.08260000000007,0.901964008808136,-1,-1,-1
249,16,477.39966,10.049403,255.44696000000005,300.6363,0.9149033427238464,-1,-1,-1
249,19,632.14984,469.84155,556.0662,457.03599999999994,0.880224883556366,-1,-1,-1
249,20,929.5488,113.92059,277.6698000000001,231.99118000000004,0.8844372034072876,-1,-1,-1
250,15,1364.853,278.7456,407.46362,286.14900000000006,0.9021031856536865,-1,-1,-1
250,16,477.4113,9.990294,255.41610000000003,300.69812,0.9148341417312622,-1,-1,-1
250,19,632.16565,469.86914,556.0801,457.1164,0.8796305060386658,-1,-1,-1
250,20,929.5495,113.92185,277.66570000000013,231.98206,0.8844423294067383,-1,-1,-1
251,15,1364.9159,278.71335,407.31104000000005,286.16922,0.9019174575805664,-1,-1,-1
251,16,477.42334,9.984487,255.38128999999998,300.74765,0.9147841334342957,-1,-1,-1
251,19,632.1548,469.8813,556.0523700000001,457.16638,0.8794523477554321,-1,-1,-1
251,20,929.5911,113.881424,277.7216199999999,232.01143000000002,0.8842910528182983,-1,-1,-1
252,16,513.1864,7.1228633,283.25842,327.77463,0.9150590300559998,-1,-1,-1
252,20,857.12225,114.68992,249.57965000000002,208.41031,0.832592785358429,-1,-1,-1
252,22,1208.3125,222.57893,337.5448000000001,253.9203,0.9065519571304321,-1,-1,-1
253,16,524.02423,5.2333865,282.58484,334.07382,0.9115541577339172,-1,-1,-1
253,20,851.7512,114.12517,242.62,207.08095,0.8452637791633606,-1,-1,-1
253,22,1192.8751,218.09348,333.05504999999994,252.79974000000004,0.895280122756958,-1,-1,-1
254,16,526.3467,12.154143,286.99756,330.71805,0.9214620590209961,-1,-1,-1
254,20,843.3641,114.36785,245.29510000000005,206.04317999999998,0.8348862528800964,-1,-1,-1
254,22,1183.2135,212.57457,333.57421999999997,254.58519,0.8945956230163574,-1,-1,-1
255,16,531.40497,13.519652,287.16724,330.56738,0.9117544889450073,-1,-1,-1
255,20,833.0614,111.61236,243.74559999999997,205.77734,0.7631933093070984,-1,-1,-1
255,22,1172.6582,208.66406,329.41149999999993,252.47976999999997,0.8951025009155273,-1,-1,-1
256,16,535.6638,13.848641,292.32507,335.14282,0.915989875793457,-1,-1,-1
256,20,822.8665,112.821655,243.4050900000001,202.71405,0.7286267876625061,-1,-1,-1
256,22,1159.1074,205.78731,330.17809999999986,250.79701,0.913391649723053,-1,-1,-1
256,23,1772.0156,258.05423,147.9843800000001,294.8536,0.634054958820343,-1,-1,-1
257,16,540.9816,15.523055,295.67780000000005,336.16107,0.9088051915168762,-1,-1,-1
257,20,819.5299,111.977066,236.85924999999997,198.37334000000004,0.7807103395462036,-1,-1,-1
257,22,1143.7501,205.99438,331.09412,245.84343999999996,0.8922735452651978,-1,-1,-1
257,23,1749.3228,255.48499,170.67724999999996,289.6812,0.6627174019813538,-1,-1,-1
258,16,544.7282,10.766404,303.54834000000005,346.2412,0.8989342451095581,-1,-1,-1
258,20,817.37427,110.25692,233.26611000000003,200.61938000000004,0.6984894275665283,-1,-1,-1
258,22,1134.4974,201.57451,327.4561799999999,243.96467999999996,0.8710669279098511,-1,-1,-1
258,23,1719.1483,247.96158,200.85168,285.65152,0.6988109946250916,-1,-1,-1
259,16,547.7645,20.554792,300.52379999999994,335.17044,0.909453272819519,-1,-1,-1
259,20,817.01276,108.08823,225.63128999999992,200.88306,0.6453577876091003,-1,-1,-1
259,22,1126.7191,199.72107,324.5127,242.06458000000003,0.8830792903900146,-1,-1,-1
259,23,1696.1105,239.87907,223.88952999999992,284.12128,0.7537540793418884,-1,-1,-1
260,16,551.9689,14.870742,304.92711999999995,346.25833,0.9035694599151611,-1,-1,-1
260,20,819.69446,107.65268,214.96033,198.33566,0.6424459218978882,-1,-1,-1
260,22,1115.8806,198.29938,315.5936300000001,236.4324,0.8865393400192261,-1,-1,-1
260,23,1669.1152,237.16888,250.84534000000008,270.57495,0.8152583241462708,-1,-1,-1
261,16,562.4871,17.89503,303.53943000000004,346.77106,0.9030155539512634,-1,-1,-1
261,22,1110.0693,193.26175,309.4033199999999,236.5224,0.8898613452911377,-1,-1,-1
261,23,1649.8275,230.98227,270.1724999999999,270.60962000000006,0.8425940871238708,-1,-1,-1
262,16,569.52734,16.199343,303.86713,351.27133,0.9073399305343628,-1,-1,-1
262,22,1106.1357,191.47327,302.74059999999986,233.05652000000003,0.889068067073822,-1,-1,-1
262,23,1620.6057,223.4536,299.39429999999993,265.18665,0.8846257925033569,-1,-1,-1
263,16,573.068,22.344763,307.75542999999993,347.9766,0.9066142439842224,-1,-1,-1
263,22,1093.7617,187.84772,302.19678,232.51505,0.8869394659996033,-1,-1,-1
263,23,1602.6559,219.81781,317.34412,261.6871,0.8768941760063171,-1,-1,-1
264,16,577.1749,20.505484,312.76062,357.5777,0.9075208306312561,-1,-1,-1
264,22,1085.2168,187.55858,305.21216000000004,228.46422,0.8914880156517029,-1,-1,-1
264,23,1578.6047,218.30394,334.2645299999999,252.88322,0.8923110365867615,-1,-1,-1
265,16,588.0655,17.956198,312.4878,360.6136,0.9067733287811279,-1,-1,-1
265,22,1077.5967,184.46501,298.75353999999993,227.84712000000002,0.891995906829834,-1,-1,-1
265,23,1558.631,211.99207,339.09154999999987,251.87665000000004,0.9115458130836487,-1,-1,-1
266,16,597.2686,19.500578,314.6924399999999,367.09885,0.9070149064064026,-1,-1,-1
266,22,1065.0634,180.34293,301.0294200000001,228.09079,0.8918094635009766,-1,-1,-1
266,23,1537.7279,207.71529,343.48974999999996,250.48734999999996,0.9000398516654968,-1,-1,-1
267,16,601.1685,26.315046,324.5398,366.8644,0.914065420627594,-1,-1,-1
267,22,1054.353,175.6811,299.0359000000001,228.65752,0.8954222798347473,-1,-1,-1
267,23,1523.1051,204.02914,333.71471999999994,247.62244,0.8977559208869934,-1,-1,-1
268,16,604.25006,29.806368,331.8601,365.60135,0.9155632853507996,-1,-1,-1
268,22,1039.5497,173.4724,303.4421400000001,224.73409000000004,0.8772385120391846,-1,-1,-1
268,23,1504.5144,198.5349,328.92004,245.8589,0.9054409265518188,-1,-1,-1
269,16,613.67175,31.471153,338.37627999999995,372.72156,0.9190983772277832,-1,-1,-1
269,22,1019.0881,173.56836,312.81366000000014,224.35333,0.8923600912094116,-1,-1,-1
269,23,1486.3384,194.81155,334.24170000000004,243.77710000000002,0.8962731957435608,-1,-1,-1
270,16,623.70605,37.302418,341.57140000000004,373.28146,0.8975801467895508,-1,-1,-1
270,22,1004.02423,173.95204,319.24199999999996,220.60540000000003,0.8828930854797363,-1,-1,-1
270,23,1469.7024,191.91643,327.2373,236.84584,0.8898186683654785,-1,-1,-1
271,16,630.39923,37.36965,338.9542799999999,376.0593,0.8993076682090759,-1,-1,-1
271,22,985.51697,174.4438,323.6164600000001,217.20029999999997,0.8874586820602417,-1,-1,-1
271,23,1452.57,188.48457,323.4826700000001,234.0196,0.8961864113807678,-1,-1,-1
272,16,633.6542,38.762943,346.87267999999995,381.26773,0.8968480229377747,-1,-1,-1
272,22,965.17975,170.83885,316.78570000000013,217.48534000000004,0.8698794841766357,-1,-1,-1
272,23,1435.0785,184.81572,320.8296,233.7307,0.8974825739860535,-1,-1,-1
273,16,642.6333,38.00852,349.94946000000004,392.14355,0.9168527126312256,-1,-1,-1
273,22,969.4028,164.2429,291.78740000000005,219.39735,0.8708486557006836,-1,-1,-1
273,23,1418.8107,184.36024,313.55347000000006,227.80815000000004,0.9009014964103699,-1,-1,-1
274,16,654.0707,39.01244,351.01886,398.0946,0.9041714668273926,-1,-1,-1
274,22,964.89343,165.70265,272.48450000000014,215.87282,0.8791530728340149,-1,-1,-1
274,23,1404.8448,180.52739,307.15527,223.10738,0.8991994261741638,-1,-1,-1
275,16,662.8999,38.757248,355.29644999999994,405.8589,0.9104548692703247,-1,-1,-1
275,22,968.35516,154.78316,243.8168300000001,222.26975999999996,0.759170651435852,-1,-1,-1
275,23,1384.3091,181.70352,312.0180700000001,218.80411,0.8905395269393921,-1,-1,-1
276,16,670.62866,36.760883,362.07874000000004,414.14578,0.8983323574066162,-1,-1,-1
276,23,1368.6863,179.0237,301.4015999999999,218.59993,0.8975666165351868,-1,-1,-1
277,16,677.96515,38.11392,360.0284999999999,418.13165,0.8971139788627625,-1,-1,-1
277,23,1354.525,176.69353,306.1690699999999,218.37117,0.8992728590965271,-1,-1,-1
278,16,684.942,38.770638,376.2913800000001,427.47556,0.8968489766120911,-1,-1,-1
278,23,1337.7247,172.24818,306.45910000000003,215.34651000000002,0.8928763270378113,-1,-1,-1
279,16,691.7439,50.828175,394.98804000000007,419.8291,0.8948572874069214,-1,-1,-1
279,23,1324.7797,171.55763,291.1853000000001,213.98808,0.8905127644538879,-1,-1,-1
280,16,691.8673,50.743732,394.79589999999996,420.05118,0.8950760364532471,-1,-1,-1
280,23,1324.7852,171.62555,291.24523999999997,213.93445,0.8907507658004761,-1,-1,-1
281,16,690.51886,50.006905,395.10956,422.04245,0.895974338054657,-1,-1,-1
281,23,1324.3864,170.6206,293.03894000000014,214.91448999999997,0.891144871711731,-1,-1,-1
282,16,690.4268,49.882336,395.42767000000003,422.33624,0.8958866000175476,-1,-1,-1
282,23,1324.4862,170.78609,293.0571299999999,214.79576000000003,0.8914318084716797,-1,-1,-1
283,16,690.5867,49.917355,395.3032200000001,422.20645,0.8959088921546936,-1,-1,-1
283,23,1324.5222,170.78188,293.05176000000006,214.84119999999996,0.8913481831550598,-1,-1,-1
284,16,690.5067,49.90601,395.32165999999995,422.09506,0.895732581615448,-1,-1,-1
284,23,1324.4838,170.77943,293.07947000000013,214.80891000000003,0.891411304473877,-1,-1,-1
285,16,690.6256,49.92651,395.21545000000003,422.00806,0.8956586122512817,-1,-1,-1
285,23,1324.4512,170.71605,293.1377,214.88004999999998,0.8916065692901611,-1,-1,-1
286,16,690.5346,49.774548,395.46063000000004,422.1899,0.8955578804016113,-1,-1,-1
286,23,1324.348,170.74356,293.15588,214.82079999999996,0.8916133046150208,-1,-1,-1
287,16,690.66943,49.851036,395.18384000000003,421.9781,0.8952327966690063,-1,-1,-1
287,23,1324.3634,170.70901,293.14660000000003,214.88924999999998,0.891781210899353,-1,-1,-1
288,16,690.68353,49.83151,395.19256999999993,422.02777,0.8951994776725769,-1,-1,-1
288,23,1324.3446,170.7164,293.12059999999997,214.85022,0.8918057680130005,-1,-1,-1
289,16,691.0702,50.26836,395.12512000000004,422.2002,0.8957157135009766,-1,-1,-1
289,23,1324.1292,170.39783,292.6804199999999,215.03561000000002,0.8910177946090698,-1,-1,-1
290,16,691.1017,50.19466,395.14648,422.31152,0.8956236243247986,-1,-1,-1
290,23,1324.118,170.39598,292.693,215.04524000000004,0.8910151124000549,-1,-1,-1
291,16,691.1047,50.24158,395.15325999999993,422.19208,0.8955510854721069,-1,-1,-1
291,23,1324.1261,170.47595,292.5869,214.94653,0.8907673954963684,-1,-1,-1
292,25,1435.7832,267.4655,396.87427,285.08966,0.905159592628479,-1,-1,-1
292,26,832.44135,90.32987,477.87005999999997,487.18593999999996,0.87547767162323,-1,-1,-1
292,27,250.57541,153.73442,456.3322999999999,200.76139999999998,0.8307819366455078,-1,-1,-1
293,25,1408.7257,261.48416,392.9720500000001,279.03525,0.8966789245605469,-1,-1,-1
293,26,848.79486,96.10765,487.39995999999996,494.97284,0.8552512526512146,-1,-1,-1
293,27,219.35083,152.961,457.12622,200.64840000000004,0.8108398914337158,-1,-1,-1
294,25,1389.1632,255.44424,401.02332,278.09542999999996,0.8799235820770264,-1,-1,-1
294,26,855.55804,97.62548,494.88397,508.34253000000007,0.8773501515388489,-1,-1,-1
294,27,196.65547,152.50192,458.03959999999995,200.59088,0.837334930896759,-1,-1,-1
295,25,1378.0542,250.51744,395.25415,274.4329200000001,0.869278073310852,-1,-1,-1
295,26,866.3997,91.54718,520.035,523.62726,0.8777331709861755,-1,-1,-1
295,27,175.93065,154.86052,453.7758799999999,198.79143,0.8150149583816528,-1,-1,-1
296,25,1368.9026,244.50294,384.0149000000001,275.31335,0.8726040720939636,-1,-1,-1
296,26,897.734,99.92671,495.8344700000001,533.75885,0.8650728464126587,-1,-1,-1
296,27,146.48373,152.7064,461.27279999999996,201.02009999999999,0.7721408009529114,-1,-1,-1
297,25,1376.6731,237.7665,348.22424,266.03174,0.822175920009613,-1,-1,-1
297,26,908.6807,106.50472,506.0644000000001,527.80084,0.8647147417068481,-1,-1,-1
297,27,129.60284,155.6136,461.99109999999996,198.06340000000003,0.7491223812103271,-1,-1,-1
298,26,922.3974,113.2854,523.5539,538.2734,0.8695070743560791,-1,-1,-1
298,27,113.65836,154.71799,458.37717,198.57559000000003,0.7647955417633057,-1,-1,-1
