1,0,1070.9727,1165.1443,525.12744,421.91406000000006,0.8523054718971252,-1,-1,-1
2,0,1143.0002,1191.9099,592.4414000000002,455.2837999999999,0.8226487040519714,-1,-1,-1
3,0,1253.2109,1217.3302,650.2584000000002,481.97693000000004,0.8181167840957642,-1,-1,-1
4,0,1313.5286,1237.0377,809.1504,544.7845500000001,0.8034090399742126,-1,-1,-1
5,0,1381.9138,1268.3484,1002.8507999999999,623.95776,0.6935235261917114,-1,-1,-1
6,0,1626.2839,1291.593,933.7160600000002,628.4069999999999,0.6218952536582947,-1,-1,-1
44,1,359.26385,1046.1511,139.07440000000003,115.26549999999997,0.616180419921875,-1,-1,-1
45,1,361.5239,1052.6431,144.21326,114.68615999999997,0.6647377014160156,-1,-1,-1
46,1,370.99686,1050.7932,142.49924000000004,117.16406000000006,0.6570521593093872,-1,-1,-1
47,1,376.95236,1051.514,142.44094999999993,121.22937000000002,0.7003218531608582,-1,-1,-1
48,1,380.76065,1052.8794,142.87204000000003,123.92920000000004,0.716934323310852,-1,-1,-1
49,1,387.5475,1053.1544,146.42675999999994,126.15111999999999,0.7125216126441956,-1,-1,-1
50,1,391.6919,1055.926,153.25531000000007,126.32959000000005,0.835211992263794,-1,-1,-1
51,1,402.69882,1058.875,149.81509999999997,128.72912999999994,0.8224669694900513,-1,-1,-1
52,1,407.0907,1060.4918,154.95019999999994,131.14660000000003,0.853430986404419,-1,-1,-1
53,1,415.1132,1062.9116,153.47127999999998,133.85156000000006,0.8614785671234131,-1,-1,-1
54,1,418.84796,1063.4817,158.24791999999997,136.91992000000005,0.8670863509178162,-1,-1,-1
55,1,424.44638,1065.1548,167.05282999999997,138.92297000000008,0.8629873394966125,-1,-1,-1
56,1,433.32117,1068.3568,168.75550000000004,139.9764399999999,0.8656591176986694,-1,-1,-1
57,1,442.74622,1069.0427,173.29926,145.67394999999988,0.8666906952857971,-1,-1,-1
58,1,453.18,1071.0057,173.24298000000005,147.7010499999999,0.8709214925765991,-1,-1,-1
59,1,460.1565,1072.4381,179.57367000000005,152.70569,0.8708553910255432,-1,-1,-1
60,1,470.71173,1076.8716,184.90032999999994,154.8373999999999,0.874139130115509,-1,-1,-1
61,1,481.15265,1079.3813,189.80573000000004,158.1945800000001,0.8965084552764893,-1,-1,-1
62,1,493.96545,1082.082,196.09374999999994,165.30212000000006,0.8766048550605774,-1,-1,-1
63,1,500.5987,1084.6157,207.71820000000002,168.58704000000012,0.870355486869812,-1,-1,-1
64,1,514.751,1084.9644,215.89587000000006,175.89562999999998,0.8769902586936951,-1,-1,-1
65,1,530.50793,1090.7561,220.46161000000006,180.1080300000001,0.8476017713546753,-1,-1,-1
66,1,542.43945,1094.7742,233.1726,183.09142999999995,0.8566846251487732,-1,-1,-1
67,1,561.4925,1097.237,240.19830000000002,192.9070999999999,0.8732210993766785,-1,-1,-1
68,1,573.0548,1101.2316,256.37378,200.30762000000004,0.8740156292915344,-1,-1,-1
69,1,590.3962,1101.1586,276.70134999999993,216.22314000000006,0.8646301627159119,-1,-1,-1
70,1,614.9793,1106.5344,285.03375000000005,220.50684,0.8668085932731628,-1,-1,-1
71,1,635.4955,1108.9067,314.26617,237.05773999999997,0.8540562391281128,-1,-1,-1
72,1,657.8537,1109.0481,331.2914999999999,250.64526,0.8382540941238403,-1,-1,-1
73,1,687.4176,1118.703,353.11474999999996,266.7923599999999,0.8511255979537964,-1,-1,-1
74,1,721.2079,1121.9178,375.7130000000001,286.46497,0.8434973955154419,-1,-1,-1
75,1,755.93555,1131.4424,388.85950000000014,293.4574,0.8508783578872681,-1,-1,-1
76,1,794.6662,1135.0789,440.53167999999994,321.43309999999997,0.8671478629112244,-1,-1,-1
77,1,840.82,1145.4812,484.57306000000005,343.22827000000007,0.8531667590141296,-1,-1,-1
78,1,897.1741,1153.3994,521.39526,373.34349999999995,0.8416094183921814,-1,-1,-1
79,1,967.2882,1159.3392,571.1944600000002,414.30725000000007,0.835956335067749,-1,-1,-1
80,1,1044.4083,1173.7572,658.91174,453.94529999999986,0.8238102793693542,-1,-1,-1
81,1,1128.2438,1198.5767,726.9415000000001,482.2072800000001,0.8256446123123169,-1,-1,-1
82,1,1209.624,1235.4612,908.655,529.1846,0.7523272037506104,-1,-1,-1
83,1,1351.9009,1273.8938,1084.7322,608.6877400000001,0.7411143183708191,-1,-1,-1
97,2,348.74597,1043.1304,136.56658999999996,109.04834000000005,0.6635656952857971,-1,-1,-1
98,2,355.91333,1043.635,136.27441,112.42822000000001,0.6768812537193298,-1,-1,-1
99,2,361.82623,1045.1367,138.39801,113.88281000000006,0.8236926794052124,-1,-1,-1
100,2,368.79175,1046.2394,139.20361000000003,115.22681000000011,0.8418715000152588,-1,-1,-1
101,2,371.82983,1046.3975,143.47626000000002,117.52245999999991,0.8284480571746826,-1,-1,-1
102,2,375.5519,1046.4635,147.33089999999999,119.94470000000001,0.8095781207084656,-1,-1,-1
103,2,384.03778,1047.4225,148.24627999999996,122.78601000000003,0.8138220310211182,-1,-1,-1
104,2,392.0433,1048.7395,151.77396000000005,124.19372599999997,0.8414033651351929,-1,-1,-1
105,2,399.70142,1051.3882,154.63507000000004,128.1271999999999,0.8407617807388306,-1,-1,-1
106,2,406.2326,1050.8599,151.89203000000003,131.75061000000005,0.8473498821258545,-1,-1,-1
107,2,413.2862,1054.156,156.94115999999997,130.7195999999999,0.8667212724685669,-1,-1,-1
108,2,418.10114,1054.5034,161.07037000000003,133.55664000000002,0.8729425668716431,-1,-1,-1
109,2,428.60223,1056.3744,168.79790999999994,134.85498000000007,0.868985652923584,-1,-1,-1
110,2,436.74567,1057.3154,172.88140999999996,137.22326999999996,0.8666545748710632,-1,-1,-1
111,2,446.39856,1059.1735,174.11908000000005,138.24218999999994,0.8666658401489258,-1,-1,-1
112,2,455.21234,1061.8894,180.35358000000002,142.24377000000004,0.8669136762619019,-1,-1,-1
113,2,464.92578,1062.671,185.63214,144.00757,0.8513001799583435,-1,-1,-1
114,2,477.33984,1062.523,188.80957,147.8209199999999,0.8590986132621765,-1,-1,-1
115,2,488.2917,1063.8666,199.48974999999996,151.69397000000004,0.8627497553825378,-1,-1,-1
116,2,502.9248,1064.8423,199.64855999999997,157.76659999999993,0.8624718189239502,-1,-1,-1
117,2,510.91193,1068.902,218.43561,159.87609999999995,0.8645355105400085,-1,-1,-1
118,2,530.4477,1066.8519,218.7912,167.05395999999996,0.8807457089424133,-1,-1,-1
119,2,545.44446,1071.0817,230.04993000000002,171.21143000000006,0.8907768726348877,-1,-1,-1
120,2,563.26416,1071.2002,240.67309999999998,181.6648,0.8816537261009216,-1,-1,-1
121,2,579.06213,1071.8383,252.34997999999996,190.17847000000006,0.8740402460098267,-1,-1,-1
122,2,595.7274,1073.7892,267.05212000000006,198.78601000000003,0.8757379651069641,-1,-1,-1
123,2,610.4235,1076.0887,288.04883000000007,205.55786000000012,0.8708928227424622,-1,-1,-1
124,2,638.51636,1076.1985,299.2874800000001,221.34484999999995,0.858267605304718,-1,-1,-1
125,2,656.6615,1077.8752,330.2746599999999,234.9349400000001,0.8694055080413818,-1,-1,-1
126,2,684.90344,1078.0215,346.58079999999995,248.30773999999997,0.8656783103942871,-1,-1,-1
127,2,711.26465,1082.7196,370.53967,262.06653000000006,0.8539904952049255,-1,-1,-1
128,2,741.6742,1086.988,393.1305000000001,281.1419699999999,0.8454834818840027,-1,-1,-1
129,2,780.5078,1089.5184,433.4485000000001,302.49389999999994,0.862257182598114,-1,-1,-1
130,2,818.4535,1092.2471,481.52625,322.72912999999994,0.8484592437744141,-1,-1,-1
131,2,870.12195,1104.8867,508.9203,339.43444999999997,0.850862443447113,-1,-1,-1
132,2,924.49493,1116.3169,547.0060400000001,371.2707499999999,0.8358429074287415,-1,-1,-1
133,2,989.7775,1118.2404,643.51715,410.08179999999993,0.8185797333717346,-1,-1,-1
134,2,1035.5117,1132.1556,750.47705,452.5506599999999,0.7891921401023865,-1,-1,-1
135,2,1101.2413,1154.3284,916.7731999999999,515.1909,0.7531247735023499,-1,-1,-1
136,2,1230.209,1180.8247,1067.0170999999998,557.1991,0.6950979828834534,-1,-1,-1
137,2,1509.3618,1207.4077,1049.3623,645.9606999999999,0.6060515642166138,-1,-1,-1
202,3,369.8561,1040.4188,127.47970600000002,110.87438999999995,0.6255922913551331,-1,-1,-1
203,3,375.3726,1040.8657,129.26550000000003,112.73974599999997,0.7238441109657288,-1,-1,-1
204,3,379.8382,1041.2428,131.95227,115.08861999999999,0.7514693737030029,-1,-1,-1
205,3,385.59616,1042.0944,133.1619,114.57531999999992,0.7680447697639465,-1,-1,-1
206,3,389.26804,1043.564,136.95522999999997,117.39501999999993,0.7998533248901367,-1,-1,-1
207,3,394.50537,1042.6268,137.53191999999996,119.5351599999999,0.7705538272857666,-1,-1,-1
208,3,397.4676,1045.2123,141.24420000000003,120.27062999999998,0.8277339339256287,-1,-1,-1
209,3,403.96912,1046.4114,143.29651,124.16723999999999,0.848999559879303,-1,-1,-1
210,3,411.6025,1049.0083,142.35219999999998,126.13220000000001,0.8349013924598694,-1,-1,-1
211,3,416.8562,1050.2012,145.88164999999998,128.97144000000003,0.8271300196647644,-1,-1,-1
212,3,420.38184,1052.7158,148.98090000000002,128.54406999999992,0.849897563457489,-1,-1,-1
213,3,426.53192,1054.823,150.71661000000006,129.96900000000005,0.8729404807090759,-1,-1,-1
214,3,432.10168,1055.0219,154.88477,134.73839999999996,0.8757664561271667,-1,-1,-1
215,3,437.8454,1055.9341,161.85529000000002,137.23705999999993,0.8781119585037231,-1,-1,-1
216,3,449.26727,1059.1638,159.53168,137.83716000000004,0.8569406867027283,-1,-1,-1
217,3,455.98755,1061.6511,165.64343000000002,140.16602000000012,0.8731639385223389,-1,-1,-1
218,3,462.27045,1062.0754,168.69121999999993,145.71849999999995,0.868364155292511,-1,-1,-1
219,3,471.07904,1063.0377,168.41564999999997,148.67003999999997,0.8737160563468933,-1,-1,-1
220,3,477.84674,1066.1058,178.20862000000005,150.07799999999997,0.8572935461997986,-1,-1,-1
221,3,487.20963,1067.8749,181.96945,155.70434999999998,0.8708940148353577,-1,-1,-1
222,3,497.7359,1069.9457,188.17407000000003,158.19029999999998,0.8687346577644348,-1,-1,-1
223,3,509.14423,1073.7656,191.7409,160.54235999999992,0.8626300692558289,-1,-1,-1
224,3,522.4573,1075.1765,200.72144000000003,168.15552000000002,0.8685464859008789,-1,-1,-1
225,3,534.8982,1076.8853,208.83044000000007,176.26342999999997,0.8653355836868286,-1,-1,-1
226,3,541.87256,1080.2483,220.68695000000002,180.35033999999996,0.8737571835517883,-1,-1,-1
227,3,558.0968,1081.7056,225.56824000000006,184.87475999999992,0.8652728199958801,-1,-1,-1
228,3,570.0642,1083.2168,242.36529999999993,194.90515000000005,0.862585186958313,-1,-1,-1
229,3,591.981,1088.467,247.04107999999997,197.96605999999997,0.8885570764541626,-1,-1,-1
230,3,605.98047,1094.1694,261.36940000000004,208.68262000000004,0.8625510334968567,-1,-1,-1
231,3,623.7226,1095.1562,271.25238,219.71093999999994,0.872373640537262,-1,-1,-1
232,3,645.396,1099.5082,288.32642,222.74523999999997,0.8608266711235046,-1,-1,-1
233,3,662.54504,1100.7435,308.6692499999999,242.14599999999996,0.8522593379020691,-1,-1,-1
234,3,692.27673,1100.9296,331.9475,256.31653000000006,0.8512182831764221,-1,-1,-1
235,3,719.5681,1104.8865,353.10204999999996,279.3737799999999,0.8432818055152893,-1,-1,-1
236,3,750.88806,1113.0249,371.8269,288.6089999999999,0.8423175811767578,-1,-1,-1
237,3,789.09454,1119.8848,398.8983800000001,309.23046999999997,0.8327716588973999,-1,-1,-1
238,3,828.12854,1130.5879,438.12829999999997,327.3895299999999,0.8507359623908997,-1,-1,-1
239,3,876.89343,1142.7793,489.66687000000013,346.10069999999996,0.8548612594604492,-1,-1,-1
240,3,943.4844,1153.008,514.9696000000001,364.03027,0.8468015193939209,-1,-1,-1
241,3,1017.749,1164.7834,587.8769500000001,411.0832499999999,0.8356952667236328,-1,-1,-1
242,3,1080.183,1188.3668,676.4114,442.19702000000007,0.8227187395095825,-1,-1,-1
243,3,1155.8883,1210.2173,754.5038,485.30457,0.7926917672157288,-1,-1,-1
244,3,1265.382,1243.206,921.0702000000001,534.3263,0.806920051574707,-1,-1,-1
245,3,1389.177,1273.8628,1029.4414,628.7165499999999,0.6328741908073425,-1,-1,-1
251,4,1911.8936,785.88074,648.10645,643.9477499999999,0.650145411491394,-1,-1,-1
253,4,1601.2278,831.7377,958.7722000000001,548.4204000000001,0.8084368705749512,-1,-1,-1
254,4,1452.1808,861.4017,1046.7572,488.6204200000001,0.8336130976676941,-1,-1,-1
255,4,1344.754,879.0886,852.16516,445.4847399999999,0.8159259557723999,-1,-1,-1
256,4,1255.1045,890.20355,798.5448999999999,409.65118000000007,0.802470862865448,-1,-1,-1
257,4,1159.2959,901.31287,681.8969999999999,364.88464,0.8163151741027832,-1,-1,-1
258,4,1070.7081,910.85724,606.0211000000002,330.1874399999999,0.8463449478149414,-1,-1,-1
259,4,1004.18427,916.9536,545.6276,311.25731999999994,0.8486804366111755,-1,-1,-1
260,4,964.5511,917.0,489.40277000000003,295.87366,0.8460988402366638,-1,-1,-1
261,4,912.0654,926.1804,453.90686000000005,275.2798,0.8377000689506531,-1,-1,-1
262,4,872.3109,932.229,409.0853299999999,258.95165999999995,0.8373623490333557,-1,-1,-1
263,4,831.6102,944.3093,372.6263399999999,236.26781999999992,0.8472738862037659,-1,-1,-1
264,4,794.2972,951.45294,347.45939999999996,224.97064000000012,0.8513098359107971,-1,-1,-1
265,4,760.0653,952.4884,336.95922999999993,217.59094000000005,0.8634198904037476,-1,-1,-1
266,4,730.5498,959.628,319.82140000000004,206.16168000000005,0.8611225485801697,-1,-1,-1
267,4,706.35864,959.2322,309.28235000000006,200.10242000000005,0.8525478839874268,-1,-1,-1
268,4,680.7234,958.6136,292.8833000000001,198.39789000000007,0.8559905290603638,-1,-1,-1
269,4,659.52344,965.49615,274.5249,186.7764299999999,0.8650584816932678,-1,-1,-1
270,4,645.63293,970.7665,257.65930000000003,173.56322999999998,0.8783829212188721,-1,-1,-1
271,4,620.6927,970.9915,249.50531,170.01458999999988,0.8750698566436768,-1,-1,-1
272,4,606.5943,974.45557,233.99590999999998,162.59863000000007,0.8708017468452454,-1,-1,-1
273,4,590.8984,976.44653,223.13049999999998,159.69677999999988,0.8851797580718994,-1,-1,-1
274,4,575.4584,979.45984,209.60828000000004,156.41443000000004,0.8798367977142334,-1,-1,-1
275,4,564.42236,981.52844,206.20934999999997,151.0025599999999,0.8749026656150818,-1,-1,-1
276,4,548.2555,977.92786,206.55639999999994,151.43237,0.8613848686218262,-1,-1,-1
277,4,535.6764,970.87396,202.09613000000002,154.0458400000001,0.8340385556221008,-1,-1,-1
278,4,528.94666,973.19604,188.93737999999996,149.83789000000002,0.8510236144065857,-1,-1,-1
279,4,518.7716,974.9997,183.60199,146.0043300000001,0.8498539328575134,-1,-1,-1
280,4,507.2284,977.0222,175.49799000000002,141.52770999999996,0.8405980467796326,-1,-1,-1
281,4,496.2758,977.5107,173.50234999999998,140.72515999999996,0.8538274765014648,-1,-1,-1
282,4,488.69965,979.76105,166.44226000000003,136.81000000000006,0.838388979434967,-1,-1,-1
283,4,480.79208,982.14856,159.2847,130.70410000000004,0.82615065574646,-1,-1,-1
284,4,467.26456,984.1786,163.74362000000002,126.76244999999994,0.831443190574646,-1,-1,-1
285,4,463.2553,984.3948,160.22992000000005,123.66418500000009,0.8143641352653503,-1,-1,-1
286,4,451.9612,987.11865,154.62051000000002,121.1820100000001,0.8296089172363281,-1,-1,-1
287,4,445.52917,988.45276,154.38647000000003,120.47229000000004,0.8140054941177368,-1,-1,-1
288,4,437.82922,988.566,152.89563000000004,118.4381699999999,0.7410773634910583,-1,-1,-1
351,5,1927.8583,883.4155,632.1416999999999,464.7465800000001,0.6770322322845459,-1,-1,-1
352,5,1769.4049,891.4961,790.5951,444.46643000000006,0.8493925929069519,-1,-1,-1
353,5,1625.8148,910.9614,811.4789000000001,402.07092,0.8051741123199463,-1,-1,-1
354,5,1520.4868,924.06036,681.2893000000001,358.9765,0.8056269288063049,-1,-1,-1
355,5,1417.3224,931.1105,635.0016,341.91430000000014,0.8126230835914612,-1,-1,-1
356,5,1331.507,938.6493,591.5326,319.83337000000006,0.8294641971588135,-1,-1,-1
357,5,1247.2097,939.88495,514.0454,293.56866,0.8171815276145935,-1,-1,-1
358,5,1169.9307,944.38416,484.49622,272.5177,0.8235072493553162,-1,-1,-1
359,5,1114.7043,948.09705,429.44139999999993,260.4272500000001,0.8402302861213684,-1,-1,-1
360,5,1073.3943,958.6203,378.66967999999997,236.57806000000005,0.8422830104827881,-1,-1,-1
361,5,1022.724,962.697,358.9886499999999,227.22350999999992,0.8409044742584229,-1,-1,-1
362,5,984.31335,966.78125,330.82812,215.60546999999997,0.8438368439674377,-1,-1,-1
363,5,947.92664,967.992,311.70337000000006,200.41753999999992,0.8451387286186218,-1,-1,-1
364,5,909.4213,967.4597,278.76983999999993,197.0642099999999,0.8481000065803528,-1,-1,-1
365,5,876.4871,967.9534,274.74212999999986,190.87749999999994,0.8501377105712891,-1,-1,-1
366,5,843.8543,970.18787,263.87384,186.33875000000012,0.8440654873847961,-1,-1,-1
367,5,820.0134,971.98456,260.5962999999999,180.64789000000007,0.840535581111908,-1,-1,-1
368,5,791.5787,972.8013,248.8565000000001,175.60705999999993,0.8492536544799805,-1,-1,-1
369,5,767.4967,975.0253,242.25116000000003,169.6489899999999,0.8441795706748962,-1,-1,-1
370,5,744.5204,979.95654,232.48717999999997,160.99609999999996,0.8603420853614807,-1,-1,-1
371,5,724.03107,982.2873,227.41962,157.33246000000008,0.8334690928459167,-1,-1,-1
372,5,702.7097,984.229,225.97339,152.68822999999998,0.8127061128616333,-1,-1,-1
373,5,686.2085,986.339,214.37256000000002,148.02759000000003,0.8134220242500305,-1,-1,-1
374,5,672.47894,985.84015,204.98505,147.38129000000004,0.8239030838012695,-1,-1,-1
375,5,656.2644,986.2896,196.04296999999997,141.0104399999999,0.8117122650146484,-1,-1,-1
376,5,641.864,986.1913,192.17833999999993,140.67077999999992,0.8304810523986816,-1,-1,-1
377,5,628.70935,988.8097,176.29272000000003,136.38366999999994,0.8101023435592651,-1,-1,-1
378,5,611.4044,989.1623,178.82983000000002,134.19121999999993,0.831946074962616,-1,-1,-1
379,5,602.02264,986.6212,172.65325999999993,134.97803,0.8256798982620239,-1,-1,-1
380,5,591.57043,987.63477,171.87561000000005,131.44006000000002,0.8387625217437744,-1,-1,-1
381,5,580.61676,987.71515,168.11932000000002,130.27947999999992,0.851507306098938,-1,-1,-1
382,5,570.6096,983.7564,165.07079999999996,133.32952999999998,0.8236171007156372,-1,-1,-1
383,5,559.87866,989.7997,151.88982999999996,124.88281000000006,0.8112489581108093,-1,-1,-1
384,5,546.0204,989.0924,152.7876,121.10388000000012,0.8112030625343323,-1,-1,-1
385,5,536.91736,990.4056,148.45685000000003,120.26360999999997,0.8205069899559021,-1,-1,-1
386,5,529.30634,989.7235,139.77599999999995,119.9591099999999,0.8185476660728455,-1,-1,-1
387,5,519.4075,988.93866,143.99530000000004,119.05670000000009,0.8011602163314819,-1,-1,-1
387,6,1864.1665,788.1221,695.8335,605.1584499999999,0.6835164427757263,-1,-1,-1
388,5,509.12247,989.5458,144.27780000000007,118.11181999999997,0.8065145611763,-1,-1,-1
388,6,1680.73,821.21,877.6696999999999,552.6341,0.7694768309593201,-1,-1,-1
389,5,499.71573,990.9199,142.38412000000005,116.40685999999994,0.8213847875595093,-1,-1,-1
389,6,1563.3945,852.24365,965.8515599999998,485.9677700000001,0.8093151450157166,-1,-1,-1
390,5,493.79846,993.05493,137.46642999999995,112.25927999999999,0.8076407313346863,-1,-1,-1
390,6,1460.8157,871.3696,783.8342000000002,424.2473,0.7651541233062744,-1,-1,-1
391,5,488.4691,992.6468,138.00551999999993,112.14838000000009,0.7787689566612244,-1,-1,-1
391,6,1360.8828,881.60675,718.6413599999998,401.89105000000006,0.7636048197746277,-1,-1,-1
392,5,477.6809,992.3221,135.88830000000002,109.49773999999991,0.6051501035690308,-1,-1,-1
392,6,1283.2444,896.0259,623.08374,370.0210000000001,0.871935248374939,-1,-1,-1
393,6,1202.6747,903.479,553.6673599999999,341.08167000000003,0.8339367508888245,-1,-1,-1
394,6,1127.0305,916.28687,494.9129599999999,307.6056,0.8242024183273315,-1,-1,-1
395,6,1070.6711,924.9513,461.86303999999996,286.3158000000001,0.8431863188743591,-1,-1,-1
396,6,1018.1369,918.9904,429.6115,280.76215000000013,0.842261791229248,-1,-1,-1
397,6,1000.14294,931.5288,368.44177000000013,260.5176999999999,0.8628314733505249,-1,-1,-1
398,6,947.6393,941.1481,328.11633000000006,241.33409999999992,0.8331934213638306,-1,-1,-1
399,6,908.26874,944.4264,301.4212,228.52759000000003,0.8292285799980164,-1,-1,-1
400,6,884.01025,949.40234,268.7803999999999,212.47277999999994,0.8398900032043457,-1,-1,-1
401,6,835.8432,946.5631,276.77765,210.96985000000006,0.8471280336380005,-1,-1,-1
402,6,809.03076,952.96814,270.2026400000001,203.9425000000001,0.8673049211502075,-1,-1,-1
403,6,779.24286,955.0742,269.12080000000003,196.45972000000006,0.8478537201881409,-1,-1,-1
404,6,749.72595,956.47125,263.16589999999997,190.00847999999996,0.853577733039856,-1,-1,-1
405,6,728.0243,960.33704,255.87676999999996,183.87268000000006,0.8456070423126221,-1,-1,-1
406,6,705.184,969.4055,238.14879999999994,171.9687499999999,0.8116425275802612,-1,-1,-1
407,6,689.191,971.1864,234.08611999999994,165.94678,0.8212949633598328,-1,-1,-1
408,6,670.4135,969.7106,217.92877,164.4708300000001,0.8334850668907166,-1,-1,-1
409,6,657.2043,966.8597,219.40020000000004,164.08050000000003,0.8099079728126526,-1,-1,-1
410,6,640.54395,972.2804,210.13036999999997,156.96386999999993,0.838793933391571,-1,-1,-1
411,6,626.3892,973.09705,203.3446,152.94653000000005,0.8273884057998657,-1,-1,-1
412,6,618.19653,978.92303,195.14178000000004,145.66950000000008,0.8232482075691223,-1,-1,-1
413,6,602.82324,977.3292,185.46862999999996,145.4632600000001,0.8479764461517334,-1,-1,-1
414,6,587.9736,975.0825,192.16370000000006,145.63879999999995,0.8353593945503235,-1,-1,-1
415,6,579.505,979.64813,191.8216,141.93084999999996,0.8367180228233337,-1,-1,-1
416,6,564.7444,976.16956,190.24523999999997,143.48669999999993,0.8402584791183472,-1,-1,-1
417,6,552.0741,967.544,188.27368,148.33929999999998,0.8491532206535339,-1,-1,-1
418,6,543.5867,972.729,173.53783999999996,140.54077000000007,0.8228533267974854,-1,-1,-1
419,6,532.2272,975.51447,165.76349000000005,134.67278999999996,0.8469668030738831,-1,-1,-1
420,6,521.47485,981.02124,159.95434999999998,128.4610600000001,0.8434774279594421,-1,-1,-1
421,6,510.88943,978.5139,159.22274999999996,129.78429999999992,0.8124192357063293,-1,-1,-1
422,6,504.30817,980.2249,156.40314,126.13885500000004,0.8327502608299255,-1,-1,-1
423,6,495.26666,982.89685,153.23559999999998,124.11658,0.8397347331047058,-1,-1,-1
424,6,490.93665,984.202,146.42902000000004,120.01073999999994,0.8202725052833557,-1,-1,-1
425,6,482.48337,983.90686,144.32216999999997,118.71508999999992,0.7881333827972412,-1,-1,-1
426,6,471.80893,984.72565,144.14443999999997,116.67474000000004,0.7435975670814514,-1,-1,-1
427,6,466.78552,988.2854,142.29736000000003,114.69237999999996,0.6977525949478149,-1,-1,-1
429,6,448.62396,988.8967,133.96362,111.43481399999996,0.6085090041160583,-1,-1,-1
430,6,441.1765,986.455,131.41051999999996,111.11322000000007,0.6410160660743713,-1,-1,-1
490,7,1691.518,900.383,866.7168999999999,429.41534,0.8231556415557861,-1,-1,-1
491,7,1559.0183,922.34436,900.5627400000001,394.92615,0.7978779077529907,-1,-1,-1
492,7,1426.8752,931.2613,849.9470000000001,361.01897999999994,0.7545241713523865,-1,-1,-1
493,7,1330.631,939.6095,724.8468,343.99694999999997,0.7742433547973633,-1,-1,-1
494,7,1256.3186,948.50696,653.6161,316.1672399999999,0.81891268491745,-1,-1,-1
495,7,1170.5731,949.8275,559.9108999999999,289.97327000000007,0.8263952732086182,-1,-1,-1
496,7,1113.1819,956.7145,510.05675999999994,271.83472000000006,0.8214244842529297,-1,-1,-1
497,7,1060.8806,962.2926,472.14440000000013,251.92382999999995,0.8249865770339966,-1,-1,-1
498,7,999.2389,972.5818,440.4000199999999,228.57495000000006,0.8457610011100769,-1,-1,-1
499,7,962.6128,973.13,393.92908,220.97949000000006,0.8424360156059265,-1,-1,-1
500,7,933.4541,981.39417,346.5735000000001,205.88806,0.8530474901199341,-1,-1,-1
501,7,889.2749,984.56616,313.6696800000001,194.05090000000007,0.8482159376144409,-1,-1,-1
502,7,863.48724,982.7585,290.3174399999999,190.91888000000006,0.843895673751831,-1,-1,-1
503,7,822.5534,982.5702,289.27863,189.6833499999999,0.8433946967124939,-1,-1,-1
504,7,791.9623,984.1566,287.18323,180.46875,0.8565559387207031,-1,-1,-1
505,7,767.07654,985.02905,269.16625999999997,178.90612999999996,0.8852251768112183,-1,-1,-1
506,7,742.8976,985.9555,263.0948000000001,173.99505999999997,0.8312225341796875,-1,-1,-1
507,7,721.28625,989.606,246.40270999999996,164.07342999999992,0.8354849219322205,-1,-1,-1
508,7,701.62537,993.49396,231.74834999999996,158.50139999999988,0.8313183188438416,-1,-1,-1
509,7,678.77356,993.7139,231.21826,153.68853999999988,0.8340350985527039,-1,-1,-1
510,7,663.92773,993.01666,213.72864000000004,148.90253000000007,0.8487012982368469,-1,-1,-1
511,7,652.1579,993.72284,204.58344,146.26886000000002,0.8406347632408142,-1,-1,-1
511,8,1956.6758,869.6277,603.3242,497.9303,0.7479019165039062,-1,-1,-1
512,7,635.9088,994.5352,194.17023000000006,142.06731999999988,0.8560375571250916,-1,-1,-1
512,8,1791.1318,890.1288,768.86816,477.06177,0.8612105846405029,-1,-1,-1
513,7,622.3052,993.4671,190.32239000000004,141.29181000000005,0.8493407368659973,-1,-1,-1
513,8,1651.0007,901.4282,889.54126,430.61865,0.7990376353263855,-1,-1,-1
514,7,608.65173,992.3245,181.44421,142.4777200000001,0.865302562713623,-1,-1,-1
514,8,1544.0063,912.5656,762.6767599999998,380.5081200000001,0.7994260787963867,-1,-1,-1
515,7,595.4016,994.6472,178.42638999999997,137.07299999999998,0.8633588552474976,-1,-1,-1
515,8,1434.0118,922.23193,675.8855999999998,363.18297999999993,0.7842053771018982,-1,-1,-1
516,7,583.37646,995.05615,170.95123,132.75085,0.8609022498130798,-1,-1,-1
516,8,1336.3804,935.1366,613.8586399999999,332.307,0.8393855690956116,-1,-1,-1
517,7,573.45184,997.6604,165.71087999999997,127.65649400000007,0.8567192554473877,-1,-1,-1
517,8,1261.1757,943.0606,595.1133,307.37445,0.8137917518615723,-1,-1,-1
518,7,566.34973,997.3025,159.24261,126.01575000000003,0.8496508598327637,-1,-1,-1
518,8,1173.1724,945.08905,524.59436,291.97551999999996,0.7938159704208374,-1,-1,-1
519,7,552.2155,1000.14374,155.43915000000004,122.37030000000004,0.8586090803146362,-1,-1,-1
519,8,1113.293,955.32904,479.35535000000004,261.55768,0.8367533683776855,-1,-1,-1
520,7,542.9281,998.348,152.24712999999997,120.683716,0.8266884684562683,-1,-1,-1
520,8,1071.5057,964.63983,414.63098000000014,238.11847,0.8345027565956116,-1,-1,-1
521,7,533.98444,997.02136,149.37750000000005,121.62987999999996,0.828118622303009,-1,-1,-1
521,8,1017.27875,971.99347,396.83514000000014,224.41558999999995,0.8365374207496643,-1,-1,-1
522,7,523.5924,995.443,149.90308000000005,119.46069000000011,0.8089830279350281,-1,-1,-1
522,8,979.5749,974.78564,352.60992,215.7981000000001,0.8491613864898682,-1,-1,-1
523,7,513.9657,997.3245,146.39373999999998,115.93964000000005,0.8544607162475586,-1,-1,-1
523,8,940.0617,977.7307,316.7548199999999,202.88829999999996,0.8433465361595154,-1,-1,-1
524,7,506.87042,997.84576,142.65947999999997,115.23065000000008,0.8260015845298767,-1,-1,-1
524,8,901.8712,981.0436,287.0616500000001,191.16283999999996,0.8327679634094238,-1,-1,-1
525,7,497.3238,994.64874,140.97345000000007,116.77337999999997,0.8280941843986511,-1,-1,-1
525,8,864.42004,980.19775,283.32665999999995,189.3044400000001,0.8543910384178162,-1,-1,-1
526,7,491.0326,996.76306,141.28375000000005,113.58069,0.8035022616386414,-1,-1,-1
526,8,830.9889,984.58484,267.5229499999999,178.93761999999992,0.8740132451057434,-1,-1,-1
527,7,482.01312,996.01306,139.2937,113.31860000000006,0.7926250696182251,-1,-1,-1
527,8,807.9416,980.923,266.5832999999999,179.19408999999996,0.836912989616394,-1,-1,-1
528,7,475.0961,999.9814,135.36032,109.07074,0.6927903890609741,-1,-1,-1
528,8,780.7196,982.14124,254.42296999999996,174.23950000000002,0.8327012062072754,-1,-1,-1
529,8,756.548,983.757,253.23523,168.06549000000007,0.8272161483764648,-1,-1,-1
529,9,284.8954,1033.6857,112.66083000000003,100.63708500000007,0.6335666179656982,-1,-1,-1
530,7,461.42105,1001.6078,131.38412,103.99267600000007,0.6261754035949707,-1,-1,-1
530,8,733.825,985.5309,240.27233999999999,161.04797000000008,0.8570132255554199,-1,-1,-1
530,9,287.41837,1034.1816,112.93838499999998,102.30163599999992,0.7027416825294495,-1,-1,-1
531,8,713.3432,987.6094,230.86975000000007,158.08655,0.8361535668373108,-1,-1,-1
531,9,287.98712,1034.1348,114.48473999999999,103.02197000000001,0.6906836628913879,-1,-1,-1
532,8,694.34155,988.9489,224.39246000000003,153.29363999999998,0.8235070109367371,-1,-1,-1
532,9,289.36484,1033.5388,117.29983499999997,103.5334499999999,0.7035428881645203,-1,-1,-1
533,8,673.70435,991.6743,215.23315000000002,147.14294000000007,0.8612197637557983,-1,-1,-1
533,9,292.12872,1034.5118,115.53213499999998,104.60009999999988,0.7341686487197876,-1,-1,-1
534,8,659.52484,993.6725,210.41992000000005,142.37195000000008,0.834788978099823,-1,-1,-1
534,9,294.59778,1033.9797,116.31332400000002,106.04198999999994,0.7552684545516968,-1,-1,-1
535,8,647.0636,993.1321,200.35828000000004,139.1144999999999,0.8558186888694763,-1,-1,-1
535,9,294.94992,1034.8474,118.99703999999997,106.0341800000001,0.7790024876594543,-1,-1,-1
536,8,636.1034,992.1326,192.00635,137.33649000000003,0.8428051471710205,-1,-1,-1
536,9,298.00623,1036.4067,121.09197999999998,105.08422999999993,0.7939445972442627,-1,-1,-1
537,8,626.9447,991.9748,177.95428000000004,134.19805999999994,0.8376139998435974,-1,-1,-1
537,9,301.67303,1038.0662,121.53198000000003,107.48669399999994,0.7908604741096497,-1,-1,-1
538,8,608.0948,990.6927,178.88458000000003,137.62433,0.8529529571533203,-1,-1,-1
538,9,301.72238,1038.2659,122.29559,108.38195999999994,0.7968035936355591,-1,-1,-1
539,8,600.00635,992.82715,166.13049999999998,130.89783,0.8458003997802734,-1,-1,-1
539,9,306.45932,1038.9937,123.24545,108.70922999999993,0.7738667726516724,-1,-1,-1
540,8,588.69336,994.9059,162.99121000000002,127.77550999999994,0.8686805367469788,-1,-1,-1
540,9,309.14966,1040.9043,124.08597000000003,109.27637000000004,0.7676329016685486,-1,-1,-1
541,8,578.0986,996.0105,160.86492999999996,125.30163600000003,0.8325878977775574,-1,-1,-1
541,9,309.00012,1040.9893,127.86676,110.83337400000005,0.785284161567688,-1,-1,-1
542,8,568.2531,997.8279,153.89954,120.44739000000004,0.8207665085792542,-1,-1,-1
542,9,313.41965,1043.7584,127.06801999999999,109.94470000000001,0.7771129608154297,-1,-1,-1
543,8,554.81757,998.636,149.0929,118.47351000000003,0.8712368607521057,-1,-1,-1
543,9,317.66757,1045.1616,126.53000000000003,108.39538599999992,0.7667631506919861,-1,-1,-1
544,8,542.6179,997.2687,151.79395,117.27770999999996,0.8326787352561951,-1,-1,-1
544,9,319.63998,1045.3658,126.03989000000001,109.31238000000008,0.7708165645599365,-1,-1,-1
545,8,534.4724,998.3113,144.30175999999994,114.38476600000001,0.8240665793418884,-1,-1,-1
545,9,321.11932,1045.6823,126.32019000000003,109.43909000000008,0.7672200798988342,-1,-1,-1
546,8,521.4356,995.1256,146.43964000000005,117.04211399999997,0.8246931433677673,-1,-1,-1
546,9,324.29083,1046.689,128.8743,112.38988999999992,0.7764880657196045,-1,-1,-1
547,8,512.0725,995.2379,147.94646999999998,115.16565000000003,0.8480435013771057,-1,-1,-1
547,9,329.06635,1048.5696,127.092285,112.56090999999992,0.8051926493644714,-1,-1,-1
548,8,504.4723,993.25574,143.50964,116.57336399999997,0.8412199020385742,-1,-1,-1
548,9,335.28754,1049.505,128.43475,113.16222999999991,0.8105616569519043,-1,-1,-1
549,8,495.40604,993.77454,141.70773000000003,116.35107400000004,0.8434618711471558,-1,-1,-1
549,9,339.64728,1049.6364,131.12518,115.64391999999998,0.812257707118988,-1,-1,-1
550,8,491.57944,994.5172,133.87880999999993,114.35485999999992,0.8305631279945374,-1,-1,-1
550,9,340.55402,1050.5039,133.47037,117.2652599999999,0.8172130584716797,-1,-1,-1
551,8,484.8266,994.39624,135.33972000000006,113.11352499999998,0.7981525659561157,-1,-1,-1
551,9,341.53906,1051.848,135.31146,116.64551000000006,0.8228277564048767,-1,-1,-1
552,8,475.32593,994.2707,134.07726999999994,113.51812999999993,0.7347245812416077,-1,-1,-1
552,9,343.25964,1053.4446,137.10442999999998,120.36547999999993,0.8181377649307251,-1,-1,-1
553,8,470.26373,995.1262,131.47968000000003,111.77087399999994,0.698357880115509,-1,-1,-1
553,9,346.11792,1052.0403,138.96234000000004,123.99158000000011,0.818645179271698,-1,-1,-1
554,9,349.5251,1053.1261,141.50879000000003,124.11986999999999,0.8139434456825256,-1,-1,-1
555,9,348.6529,1054.1799,144.92194,125.62133999999992,0.816518247127533,-1,-1,-1
556,9,350.38,1054.8411,147.83385999999996,127.66162000000008,0.8312885761260986,-1,-1,-1
557,9,353.54922,1057.4941,150.77981999999997,126.43017600000007,0.8172369003295898,-1,-1,-1
558,9,361.33325,1056.6395,150.60100999999997,130.0485799999999,0.8251564502716064,-1,-1,-1
